node1,node2,length,startLat,startLon,endLat,endLon,endNodeL,startNodeL,startYear,endYear,treeID,tipLabel
111,112,0.00901351575639686,40.7253609931758,-73.9081146651058,40.7430966256492,-73.9092538299213,0.00901351575639686,0,2020.14090455571,2020.14991807146,308800000,NA
111,205,0.00099472369784423,40.7253609931758,-73.9081146651058,40.7303292832086,-73.9087742572701,0.00099472369784423,0,2020.14090455571,2020.1418992794,308800000,NA
112,113,0.00346975240840749,40.7430966256492,-73.9092538299213,40.7163937189288,-73.9134196795413,0.0124832681648044,0.00901351575639686,2020.14991807146,2020.15338782387,308800000,NA
112,180,0.0061550543122173,40.7430966256492,-73.9092538299213,40.7668002388871,-73.9041294729156,0.0151685700686142,0.00901351575639686,2020.14991807146,2020.15607312578,308800000,NA
113,114,0.0064414047456102,40.7163937189288,-73.9134196795413,40.7474890741146,-73.8903154974153,0.0189246729104146,0.0124832681648044,2020.15338782387,2020.15982922862,308800000,NA
113,177,0.0127241418745182,40.7163937189288,-73.9134196795413,40.7257783121505,-73.9506061359346,0.0252074100393225,0.0124832681648044,2020.15338782387,2020.16611196575,308800000,NA
114,140,0.00072337797576752,40.7474890741146,-73.8903154974153,40.7459328131216,-73.8917985462621,0.0196480508861821,0.0189246729104146,2020.15982922862,2020.16055260659,308800000,NA
114,115,0.000526945243241039,40.7474890741146,-73.8903154974153,40.7508773375751,-73.8943669268444,0.0194516181536556,0.0189246729104146,2020.15982922862,2020.16035617386,308800000,NA
115,116,0.000222173542766851,40.7508773375751,-73.8943669268444,40.7503313103354,-73.8897961702013,0.0196737916964224,0.0194516181536556,2020.16035617386,2020.1605783474,308800000,NA
115,132,0.00784498970525377,40.7508773375751,-73.8943669268444,40.7578687750808,-73.9027068659371,0.0272966078589094,0.0194516181536556,2020.16035617386,2020.16820116357,308800000,NA
116,123,0.00745074301405113,40.7503313103354,-73.8897961702013,40.7802462015388,-73.8991379201037,0.0271245347104736,0.0196737916964224,2020.1605783474,2020.16802909042,308800000,NA
116,117,0.000224211146954534,40.7503313103354,-73.8897961702013,40.7599829191066,-73.8816761586486,0.019898002843377,0.0196737916964224,2020.1605783474,2020.16080255855,308800000,NA
117,120,0.0103406818835255,40.7599829191066,-73.8816761586486,40.7521944807406,-73.8761372331236,0.0302386847269025,0.019898002843377,2020.16080255855,2020.17114324043,308800000,NA
117,118,0.0130543228184037,40.7599829191066,-73.8816761586486,40.7730054707541,-73.8402361580198,0.0329523256617807,0.019898002843377,2020.16080255855,2020.17385688137,308800000,NA
118,3,0.0583835557916365,40.7730054707541,-73.8402361580198,40.6489716120887,-73.8504584581818,0.0913358814534171,0.0329523256617807,2020.17385688137,2020.23224043716,308800000,hCoV-19/USA/NY-NYUMC732/2020
118,119,0.0173538785422807,40.7730054707541,-73.8402361580198,40.7112759875424,-73.8464954108368,0.0503062042040614,0.0329523256617807,2020.17385688137,2020.19121075991,308800000,NA
119,1,0.0437619176892104,40.7112759875424,-73.8464954108368,40.6688046807674,-73.7778079124982,0.0940681218932718,0.0503062042040614,2020.19121075991,2020.2349726776,308800000,hCoV-19/USA/NY-NYUMC811/2020
119,2,0.0738165624894128,40.7112759875424,-73.8464954108368,40.6094614079401,-73.9966250620818,0.124122766693474,0.0503062042040614,2020.19121075991,2020.2650273224,308800000,hCoV-19/USA/NY-NYUMC352/2020
120,121,0.00318863210487885,40.7521944807406,-73.8761372331236,40.7607823755593,-73.8602443534611,0.0334273168317814,0.0302386847269025,2020.17114324043,2020.17433187254,308800000,NA
120,7,0.0774906393465431,40.7521944807406,-73.8761372331236,40.821853079012,-73.8728960823823,0.107729324073446,0.0302386847269025,2020.17114324043,2020.24863387978,308800000,hCoV-19/USA/NY-NYUMC161/2020
121,6,0.0360506411216706,40.7607823755593,-73.8602443534611,40.6804981430629,-73.9138167166792,0.069477957953452,0.0334273168317814,2020.17433187254,2020.21038251366,308800000,hCoV-19/USA/NY-NYUMC660/2020
121,122,0.00458716985738963,40.7607823755593,-73.8602443534611,40.756822848851,-73.8601240922352,0.038014486689171,0.0334273168317814,2020.17433187254,2020.1789190424,308800000,NA
122,5,0.031463471264281,40.756822848851,-73.8601240922352,40.7882338398297,-73.7974970231813,0.069477957953452,0.038014486689171,2020.1789190424,2020.21038251366,308800000,hCoV-19/USA/NY-NYUMC80/2020
122,4,0.0697148373842746,40.756822848851,-73.8601240922352,40.6305063932442,-73.9879580312513,0.107729324073446,0.038014486689171,2020.1789190424,2020.24863387978,308800000,hCoV-19/USA/NY-NYUMC201/2020
123,125,0.00181400224382816,40.7802462015388,-73.8991379201037,40.7869256358761,-73.9030063842537,0.0289385369543017,0.0271245347104736,2020.16802909042,2020.16984309266,308800000,NA
123,124,0.0343237304803929,40.7802462015388,-73.8991379201037,40.7832074484425,-73.8815782655709,0.0614482651908665,0.0271245347104736,2020.16802909042,2020.2023528209,308800000,NA
124,9,0.0654067419424623,40.7832074484425,-73.8815782655709,40.6290245473757,-74.012788839086,0.126855007133329,0.0614482651908665,2020.2023528209,2020.26775956284,308800000,hCoV-19/USA/NY-NYUMC358/2020
124,8,0.0790679441324132,40.7832074484425,-73.8815782655709,40.8349009397891,-73.8696575822929,0.14051620932328,0.0614482651908665,2020.2023528209,2020.28142076503,308800000,hCoV-19/USA/NY-NYUMC403/2020
125,129,0.000449051591846411,40.7869256358761,-73.9030063842537,40.7777563411256,-73.8946099829739,0.0293875885461481,0.0289385369543017,2020.16984309266,2020.17029214425,308800000,NA
125,126,0.0116293506800373,40.7869256358761,-73.9030063842537,40.8014528730638,-73.8877763469973,0.0405678876343391,0.0289385369543017,2020.16984309266,2020.18147244334,308800000,NA
126,10,0.119074004749051,40.8014528730638,-73.8877763469973,40.8802618065014,-73.9136062455795,0.15964189238339,0.0405678876343391,2020.18147244334,2020.30054644809,308800000,hCoV-19/USA/NY-NYUMC457/2020
126,127,3.73685542360003e-05,40.8014528730638,-73.8877763469973,40.8023712998456,-73.891430617161,0.0406052561885751,0.0405678876343391,2020.18147244334,2020.1815098119,308800000,NA
127,13,0.168216964064905,40.8023712998456,-73.891430617161,40.7173091604636,-73.827997629047,0.20882222025348,0.0406052561885751,2020.1815098119,2020.34972677596,308800000,hCoV-19/USA/NY-NYUMC893/2020
127,128,0.0268362397495899,40.8023712998456,-73.891430617161,40.7722926133492,-73.9038516439981,0.067441495938165,0.0406052561885751,2020.1815098119,2020.20834605165,308800000,NA
128,12,0.00203646201528698,40.7722926133492,-73.9038516439981,40.7743593408759,-73.8995054090954,0.069477957953452,0.067441495938165,2020.20834605165,2020.21038251366,308800000,hCoV-19/USA/NY-NYUMC72/2020
128,11,0.141380724315315,40.7722926133492,-73.9038516439981,40.8185649072773,-73.8731335848325,0.20882222025348,0.067441495938165,2020.20834605165,2020.34972677596,308800000,hCoV-19/USA/NY-NYUMC914/2020
129,130,0.00513501829911775,40.7777563411256,-73.8946099829739,40.7787006481826,-73.8928594321005,0.0345226068452659,0.0293875885461481,2020.17029214425,2020.17542716255,308800000,NA
129,14,0.0400903694073038,40.7777563411256,-73.8946099829739,40.8281941179378,-73.9267616846938,0.069477957953452,0.0293875885461481,2020.17029214425,2020.21038251366,308800000,hCoV-19/USA/NY-NYUMC78/2020
130,131,0.00503998543909326,40.7787006481826,-73.8928594321005,40.7717973261196,-73.9012735236463,0.0395625922843592,0.0345226068452659,2020.17542716255,2020.18046714799,308800000,NA
130,15,0.0349553511081861,40.7787006481826,-73.8928594321005,40.8762876680981,-73.9026105215071,0.069477957953452,0.0345226068452659,2020.17542716255,2020.21038251366,308800000,hCoV-19/USA/NY-NYUMC38/2020
131,17,0.0654344913490045,40.7717973261196,-73.9012735236463,40.7086396565438,-73.848961127929,0.104997083633364,0.0395625922843592,2020.18046714799,2020.24590163934,308800000,hCoV-19/USA/NY-NYUMC560/2020
131,16,0.131008261849127,40.7717973261196,-73.9012735236463,40.6710441547741,-73.8459461619124,0.170570854133487,0.0395625922843592,2020.18046714799,2020.31147540984,308800000,hCoV-19/USA/NY-NYUMC838/2020
132,134,0.00285259292560794,40.7578687750808,-73.9027068659371,40.7425103754673,-73.9180927475182,0.0301492007845173,0.0272966078589094,2020.16820116357,2020.17105375649,308800000,NA
132,133,0.00290083036921954,40.7578687750808,-73.9027068659371,40.7746529935961,-73.8876397702309,0.0301974382281289,0.0272966078589094,2020.16820116357,2020.17110199394,308800000,NA
133,18,0.036548279285241,40.7746529935961,-73.8876397702309,40.7785762122093,-73.8201928720758,0.0667457175133699,0.0301974382281289,2020.17110199394,2020.20765027322,308800000,hCoV-19/USA/NY-NYUMC28/2020
133,19,0.110318771095151,40.7746529935961,-73.8876397702309,40.7463730381282,-73.9820105444655,0.14051620932328,0.0301974382281289,2020.17110199394,2020.28142076503,308800000,hCoV-19/USA/NY-NYUMC398/2020
134,20,0.083044604168865,40.7425103754673,-73.9180927475182,40.7920909037073,-73.9514547749646,0.113193804953382,0.0301492007845173,2020.17105375649,2020.25409836066,308800000,hCoV-19/USA/NY-NYUMC599/2020
134,135,0.000108893825531309,40.7425103754673,-73.9180927475182,40.7475820808658,-73.9189138366619,0.0302580946100486,0.0301492007845173,2020.17105375649,2020.17116265032,308800000,NA
135,136,0.00369351750295868,40.7475820808658,-73.9189138366619,40.7471042199205,-73.9169858945452,0.0339516121130073,0.0302580946100486,2020.17116265032,2020.17485616782,308800000,NA
135,139,0.00390707959209197,40.7475820808658,-73.9189138366619,40.7372469142902,-73.9321417129353,0.0341651742021406,0.0302580946100486,2020.17116265032,2020.17506972991,308800000,NA
136,138,0.031089101009346,40.7471042199205,-73.9169858945452,40.6671761801084,-73.9353519130355,0.0650407131223533,0.0339516121130073,2020.17485616782,2020.20594526883,308800000,NA
136,137,0.0336003037344255,40.7471042199205,-73.9169858945452,40.740449568391,-73.9352604512376,0.0675519158474328,0.0339516121130073,2020.17485616782,2020.20845647155,308800000,NA
137,22,0.0456418891059495,40.740449568391,-73.9352604512376,40.5755737779487,-73.9729160623158,0.113193804953382,0.0675519158474328,2020.20845647155,2020.25409836066,308800000,hCoV-19/USA/NY-NYUMC890/2020
137,21,0.0347129273558532,40.740449568391,-73.9352604512376,40.7215438533111,-74.0107212261745,0.102264843203286,0.0675519158474328,2020.20845647155,2020.24316939891,308800000,hCoV-19/USA/NY-NYUMC562/2020
138,23,0.0235629278909818,40.6671761801084,-73.9353519130355,40.6342033311516,-73.996959150955,0.0886036410133351,0.0650407131223533,2020.20594526883,2020.22950819672,308800000,hCoV-19/USA/NY-NYUMC790/2020
138,24,0.045420851390947,40.6671761801084,-73.9353519130355,40.6032461844581,-73.9368390376192,0.1104615645133,0.0650407131223533,2020.20594526883,2020.25136612022,308800000,hCoV-19/USA/NY-NYUMC595/2020
139,26,0.0653674285612908,40.7372469142902,-73.9321417129353,40.7147122733967,-73.9840697384067,0.0995326027634314,0.0341651742021406,2020.17506972991,2020.24043715847,308800000,hCoV-19/USA/NY-NYUMC534/2020
139,25,0.0325805433112294,40.7372469142902,-73.9321417129353,40.7302798560701,-74.0029744895201,0.0667457175133699,0.0341651742021406,2020.17506972991,2020.20765027322,308800000,hCoV-19/USA/NY-NYUMC27/2020
140,150,0.00322311173487996,40.7459328131216,-73.8917985462621,40.7283700926158,-73.9099360439624,0.022871162621062,0.0196480508861821,2020.16055260659,2020.16377571833,308800000,NA
140,141,0.00879911564727173,40.7459328131216,-73.8917985462621,40.7450654955321,-73.8638424201844,0.0284471665334538,0.0196480508861821,2020.16055260659,2020.16935172224,308800000,NA
141,144,0.00143139650082943,40.7450654955321,-73.8638424201844,40.7722411019589,-73.8588942150076,0.0298785630342832,0.0284471665334538,2020.16935172224,2020.17078311874,308800000,NA
141,142,0.0177214055773023,40.7450654955321,-73.8638424201844,40.7029481485518,-73.9100067613135,0.0461685721107561,0.0284471665334538,2020.16935172224,2020.18707312782,308800000,NA
142,27,0.0287738667226325,40.7029481485518,-73.9100067613135,40.6134927676058,-73.9495550631658,0.0749424388333886,0.0461685721107561,2020.18707312782,2020.21584699454,308800000,hCoV-19/USA/NY-NYUMC753/2020
142,143,0.0234876018548176,40.7029481485518,-73.9100067613135,40.7056353982133,-73.8793032152165,0.0696561739655737,0.0461685721107561,2020.18707312782,2020.21056072967,308800000,NA
143,28,0.0216797074878434,40.7056353982133,-73.8793032152165,40.7072313817539,-73.8251349169622,0.0913358814534171,0.0696561739655737,2020.21056072967,2020.23224043716,308800000,hCoV-19/USA/NY-NYUMC743/2020
143,29,0.0435376309878086,40.7056353982133,-73.8793032152165,40.7378252930322,-73.8600873228515,0.113193804953382,0.0696561739655737,2020.21056072967,2020.25409836066,308800000,hCoV-19/USA/NY-NYUMC590/2020
144,145,0.00211841808778671,40.7722411019589,-73.8588942150076,40.7611320551308,-73.8587545851188,0.0319969811220699,0.0298785630342832,2020.17078311874,2020.17290153683,308800000,NA
144,147,0.0107552631001692,40.7722411019589,-73.8588942150076,40.752535533339,-73.8745592580142,0.0406338261344525,0.0298785630342832,2020.17078311874,2020.18153838184,308800000,NA
145,146,0.00415832675857311,40.7611320551308,-73.8587545851188,40.7470157678614,-73.865689078539,0.0361553078806431,0.0319969811220699,2020.17290153683,2020.17705986359,308800000,NA
145,30,0.0975902664513409,40.7611320551308,-73.8587545851188,40.7437375091091,-73.8351008711859,0.129587247573411,0.0319969811220699,2020.17290153683,2020.27049180328,308800000,hCoV-19/USA/NY-NYUMC364/2020
146,31,0.0743062566326572,40.7470157678614,-73.865689078539,40.8597367133706,-73.886018871727,0.1104615645133,0.0361553078806431,2020.17705986359,2020.25136612022,308800000,hCoV-19/USA/NY-NYUMC607/2020
146,32,0.0387871309527456,40.7470157678614,-73.865689078539,40.6832144193083,-73.7406901212571,0.0749424388333886,0.0361553078806431,2020.17705986359,2020.21584699454,308800000,hCoV-19/USA/NY-NYUMC830/2020
147,149,0.0109096334366384,40.752535533339,-73.8745592580142,40.806440255339,-73.8631379161469,0.0515434595710909,0.0406338261344525,2020.18153838184,2020.19244801528,308800000,NA
147,148,0.0255287189463303,40.752535533339,-73.8745592580142,40.7322533265554,-73.8155507019749,0.0661625450807828,0.0406338261344525,2020.18153838184,2020.20706710079,308800000,NA
148,34,0.0442990194325175,40.7322533265554,-73.8155507019749,40.6794533247556,-73.8623804544818,0.1104615645133,0.0661625450807828,2020.20706710079,2020.25136612022,308800000,hCoV-19/USA/NY-NYUMC323/2020
148,33,0.027905576812489,40.7322533265554,-73.8155507019749,40.7649441556046,-73.867069336295,0.0940681218932718,0.0661625450807828,2020.20706710079,2020.2349726776,308800000,hCoV-19/USA/NY-NYUMC816/2020
149,35,0.135420837182197,40.806440255339,-73.8631379161469,40.7414800431726,-74.0017037104745,0.186964296753288,0.0515434595710909,2020.19244801528,2020.32786885246,308800000,hCoV-19/USA/NY-NYUMC908/2020
149,36,0.0561858645023548,40.806440255339,-73.8631379161469,40.7656363422313,-73.8930705278426,0.107729324073446,0.0515434595710909,2020.19244801528,2020.24863387978,308800000,hCoV-19/USA/NY-NYUMC883/2020
150,163,7.23163298235463e-05,40.7283700926158,-73.9099360439624,40.7307877055065,-73.9095712147855,0.0229434789508856,0.022871162621062,2020.16377571833,2020.16384803466,308800000,NA
150,151,0.00331690210872199,40.7283700926158,-73.9099360439624,40.7430527087166,-73.9146702681594,0.026188064729784,0.022871162621062,2020.16377571833,2020.16709262044,308800000,NA
151,154,0.00281002128302305,40.7430527087166,-73.9146702681594,40.7425180421323,-73.9257920996655,0.0289980860128071,0.026188064729784,2020.16709262044,2020.16990264172,308800000,NA
151,152,0.00170151332120877,40.7430527087166,-73.9146702681594,40.7219985882411,-73.9111196088182,0.0278895780509928,0.026188064729784,2020.16709262044,2020.16879413376,308800000,NA
152,153,0.0063334308166596,40.7219985882411,-73.9111196088182,40.7193946357747,-73.9231390417744,0.0342230088676524,0.0278895780509928,2020.16879413376,2020.17512756457,308800000,NA
152,39,0.0743752651522933,40.7219985882411,-73.9111196088182,40.5935968086758,-73.9473715921304,0.102264843203286,0.0278895780509928,2020.16879413376,2020.24316939891,308800000,hCoV-19/USA/NY-NYUMC588/2020
153,38,0.0762385556456479,40.7193946357747,-73.9231390417744,40.7372474897535,-73.8360832900241,0.1104615645133,0.0342230088676524,2020.17512756457,2020.25136612022,308800000,hCoV-19/USA/NY-NYUMC647/2020
153,37,0.0407194299657362,40.7193946357747,-73.9231390417744,40.6554703791528,-73.952488603372,0.0749424388333886,0.0342230088676524,2020.17512756457,2020.21584699454,308800000,hCoV-19/USA/NY-NYUMC764/2020
154,155,0.000149063515042291,40.7425180421323,-73.9257920996655,40.7443969504053,-73.9263496113379,0.0291471495278494,0.0289980860128071,2020.16990264172,2020.17005170523,308800000,NA
154,40,0.0650700358804647,40.7425180421323,-73.9257920996655,40.7475976717573,-73.9694062838136,0.0940681218932718,0.0289980860128071,2020.16990264172,2020.2349726776,308800000,hCoV-19/USA/NY-NYUMC781/2020
155,159,0.00737877013541166,40.7443969504053,-73.9263496113379,40.7766365562566,-73.9389382537303,0.036525919663261,0.0291471495278494,2020.17005170523,2020.17743047537,308800000,NA
155,156,7.36222110838403e-05,40.7443969504053,-73.9263496113379,40.7445056741673,-73.9250478025709,0.0292207717389332,0.0291471495278494,2020.17005170523,2020.17012532745,308800000,NA
156,157,0.00356889973776281,40.7445056741673,-73.9250478025709,40.7625186279599,-73.9297358715568,0.032789671476696,0.0292207717389332,2020.17012532745,2020.17369422718,308800000,NA
156,41,0.0730440714643528,40.7445056741673,-73.9250478025709,40.8771773797914,-73.8691373798826,0.102264843203286,0.0292207717389332,2020.17012532745,2020.24316939891,308800000,hCoV-19/USA/NY-NYUMC549/2020
157,158,0.0265965198411675,40.7625186279599,-73.9297358715568,40.6657831684213,-73.9575063006766,0.0593861913178635,0.032789671476696,2020.17369422718,2020.20029074702,308800000,NA
157,42,0.0558139695366391,40.7625186279599,-73.9297358715568,40.7377512422397,-73.8996909571257,0.0886036410133351,0.032789671476696,2020.17369422718,2020.22950819672,308800000,hCoV-19/USA/NY-NYUMC786/2020
158,44,0.0428786518854225,40.6657831684213,-73.9575063006766,40.687431908858,-73.9472035785879,0.102264843203286,0.0593861913178635,2020.20029074702,2020.24316939891,308800000,hCoV-19/USA/NY-NYUMC314/2020
158,43,0.0100917666355884,40.6657831684213,-73.9575063006766,40.6286152604405,-73.9623811957793,0.069477957953452,0.0593861913178635,2020.20029074702,2020.21038251366,308800000,hCoV-19/USA/NY-NYUMC117/2020
159,49,0.0329520382901909,40.7766365562566,-73.9389382537303,40.7739424081579,-73.9454578195455,0.069477957953452,0.036525919663261,2020.17743047537,2020.21038251366,308800000,hCoV-19/USA/NY-NYUMC63/2020
159,160,0.00857960599331331,40.7766365562566,-73.9389382537303,40.7756008289883,-73.9528660432652,0.0451055256565743,0.036525919663261,2020.17743047537,2020.18601008136,308800000,NA
160,161,0.0174582920635973,40.7756008289883,-73.9528660432652,40.7871402384875,-73.9817391689438,0.0625638177201716,0.0451055256565743,2020.18601008136,2020.20346837343,308800000,NA
160,162,0.0256438887829647,40.7756008289883,-73.9528660432652,40.8798605923352,-73.8925357660277,0.070749414439539,0.0451055256565743,2020.18601008136,2020.21165397015,308800000,NA
161,45,0.00691414023328032,40.7871402384875,-73.9817391689438,40.7666777381162,-73.9692001976305,0.069477957953452,0.0625638177201716,2020.20346837343,2020.21038251366,308800000,hCoV-19/USA/NY-NYUMC220/2020
161,46,0.0478977467931287,40.7871402384875,-73.9817391689438,40.8501959648434,-73.9046874548666,0.1104615645133,0.0625638177201716,2020.20346837343,2020.25136612022,308800000,hCoV-19/USA/NY-NYUMC613/2020
162,48,0.031515428763747,40.8798605923352,-73.8925357660277,40.8834703978805,-73.9117501296647,0.102264843203286,0.070749414439539,2020.21165397015,2020.24316939891,308800000,hCoV-19/USA/NY-NYUMC519/2020
162,47,0.0397121500737613,40.8798605923352,-73.8925357660277,40.8316369096351,-73.9180837614849,0.1104615645133,0.070749414439539,2020.21165397015,2020.25136612022,308800000,hCoV-19/USA/NY-NYUMC621/2020
163,50,0.11484048993254,40.7307877055065,-73.9095712147855,40.773980570208,-73.9005154527354,0.137783968883425,0.0229434789508856,2020.16384803466,2020.27868852459,308800000,hCoV-19/USA/NY-NYUMC407/2020
163,164,0.000758537753889732,40.7307877055065,-73.9095712147855,40.7361976953862,-73.9111681074017,0.0237020167047753,0.0229434789508856,2020.16384803466,2020.16460657241,308800000,NA
164,175,0.0139578739758925,40.7361976953862,-73.9111681074017,40.7101699693459,-73.9149207711017,0.0376598906806678,0.0237020167047753,2020.16460657241,2020.17856444639,308800000,NA
164,165,0.00153450510671119,40.7361976953862,-73.9111681074017,40.7360495663729,-73.9121908927643,0.0252365218114865,0.0237020167047753,2020.16460657241,2020.16614107752,308800000,NA
165,172,0.00720306561320064,40.7360495663729,-73.9121908927643,40.78535460503,-73.9069100350345,0.0324395874246871,0.0252365218114865,2020.16614107752,2020.17334414313,308800000,NA
165,166,0.0040388660693044,40.7360495663729,-73.9121908927643,40.6851374277472,-73.9268129277446,0.0292753878807909,0.0252365218114865,2020.16614107752,2020.17017994359,308800000,NA
166,51,0.0729894553224952,40.6851374277472,-73.9268129277446,40.6484592960247,-73.9665650271191,0.102264843203286,0.0292753878807909,2020.17017994359,2020.24316939891,308800000,hCoV-19/USA/NY-NYUMC501/2020
166,167,0.00127873145166799,40.6851374277472,-73.9268129277446,40.6841221182015,-73.9205419677429,0.0305541193324589,0.0292753878807909,2020.17017994359,2020.17145867504,308800000,NA
167,169,0.00654306121347512,40.6841221182015,-73.9205419677429,40.6904808041673,-73.9036023496457,0.037097180545934,0.0305541193324589,2020.17145867504,2020.17800173625,308800000,NA
167,168,0.000925619420017676,40.6841221182015,-73.9205419677429,40.6731273376674,-73.9129813961824,0.0314797387524766,0.0305541193324589,2020.17145867504,2020.17238429446,308800000,NA
168,53,0.109036470570803,40.6731273376674,-73.9129813961824,40.6259814331591,-73.9343347587688,0.14051620932328,0.0314797387524766,2020.17238429446,2020.28142076503,308800000,hCoV-19/USA/NY-NYUMC402/2020
168,52,0.0598561427009406,40.6731273376674,-73.9129813961824,40.6878880133701,-73.9745991290114,0.0913358814534171,0.0314797387524766,2020.17238429446,2020.23224043716,308800000,hCoV-19/USA/NY-NYUMC917/2020
169,57,0.0405774987175322,40.6904808041673,-73.9036023496457,40.6110011019325,-73.7478724655276,0.0776746792634662,0.037097180545934,2020.17800173625,2020.21857923497,308800000,hCoV-19/USA/NY-NYUMC721/2020
169,170,0.000355304591965838,40.6904808041673,-73.9036023496457,40.6929052544054,-73.9083388856073,0.0374524851378998,0.037097180545934,2020.17800173625,2020.17835704084,308800000,NA
170,54,0.0757413198154825,40.6929052544054,-73.9083388856073,40.6090699278379,-73.9974431427721,0.113193804953382,0.0374524851378998,2020.17835704084,2020.25409836066,308800000,hCoV-19/USA/NY-NYUMC248/2020
170,171,0.0222116738675338,40.6929052544054,-73.9083388856073,40.7011540656941,-73.8829561911358,0.0596641590054336,0.0374524851378998,2020.17835704084,2020.20056871471,308800000,NA
171,56,0.0344039628878381,40.7011540656941,-73.8829561911358,40.8479430292651,-73.9198629133241,0.0940681218932718,0.0596641590054336,2020.20056871471,2020.2349726776,308800000,hCoV-19/USA/NY-NYUMC792/2020
171,55,0.0426006841978524,40.7011540656941,-73.8829561911358,40.7183470731248,-73.7716401273386,0.102264843203286,0.0596641590054336,2020.20056871471,2020.24316939891,308800000,hCoV-19/USA/NY-NYUMC583/2020
172,174,0.0240467903925836,40.78535460503,-73.9069100350345,40.7913991707144,-73.85094330893,0.0564863778172707,0.0324395874246871,2020.17334414313,2020.19739093352,308800000,NA
172,173,0.00701860919969491,40.78535460503,-73.9069100350345,40.8114353354367,-73.8987834160946,0.039458196624382,0.0324395874246871,2020.17334414313,2020.18036275233,308800000,NA
173,59,0.0710033678889183,40.8114353354367,-73.8987834160946,40.8419164991737,-73.902066652187,0.1104615645133,0.039458196624382,2020.18036275233,2020.25136612022,308800000,hCoV-19/USA/NY-NYUMC637/2020
173,58,0.0491454443889531,40.8114353354367,-73.8987834160946,40.6660285590097,-73.9423848882731,0.0886036410133351,0.039458196624382,2020.18036275233,2020.22950819672,308800000,hCoV-19/USA/NY-NYUMC787/2020
174,60,0.0457784653860153,40.7913991707144,-73.85094330893,40.8962883753214,-73.8488124646681,0.102264843203286,0.0564863778172707,2020.19739093352,2020.24316939891,308800000,hCoV-19/USA/NY-NYUMC681/2020
174,61,0.0348495036361464,40.7913991707144,-73.85094330893,40.7498177869327,-73.8703546504848,0.0913358814534171,0.0564863778172707,2020.19739093352,2020.23224043716,308800000,hCoV-19/USA/NY-NYUMC688/2020
175,64,0.0509437503326673,40.7101699693459,-73.9149207711017,40.7818537733707,-73.8995069468035,0.0886036410133351,0.0376598906806678,2020.17856444639,2020.22950819672,308800000,hCoV-19/USA/NY-NYUMC818/2020
175,176,0.0121543480141135,40.7101699693459,-73.9149207711017,40.6762522058356,-73.8871368519559,0.0498142386947813,0.0376598906806678,2020.17856444639,2020.1907187944,308800000,NA
176,63,0.0715762875686153,40.6762522058356,-73.8871368519559,40.5613580548334,-73.9190732861445,0.121390526263397,0.0498142386947813,2020.1907187944,2020.26229508197,308800000,hCoV-19/USA/NY-NYUMC240/2020
176,62,0.0633795662586011,40.6762522058356,-73.8871368519559,40.6914123560652,-73.8232457742389,0.113193804953382,0.0498142386947813,2020.1907187944,2020.25409836066,308800000,hCoV-19/USA/NY-NYUMC598/2020
177,178,0.00210180748862085,40.7257783121505,-73.9506061359346,40.7309969183815,-73.9480417194075,0.0273092175279434,0.0252074100393225,2020.16611196575,2020.16821377324,308800000,NA
177,65,0.0415383074740474,40.7257783121505,-73.9506061359346,40.7089801120876,-74.0001597853612,0.0667457175133699,0.0252074100393225,2020.16611196575,2020.20765027322,308800000,hCoV-19/USA/NY-NYUMC13/2020
178,66,0.0503654617355228,40.7309969183815,-73.9480417194075,40.6163990421204,-73.9647743066083,0.0776746792634662,0.0273092175279434,2020.16821377324,2020.21857923497,308800000,hCoV-19/USA/NY-NYUMC710/2020
178,179,0.00110996468735031,40.7309969183815,-73.9480417194075,40.7336164178988,-73.9536858525692,0.0284191822152937,0.0273092175279434,2020.16821377324,2020.16932373792,308800000,NA
179,67,0.0875068631681662,40.7336164178988,-73.9536858525692,40.654418851859,-73.898067873387,0.11592604538346,0.0284191822152937,2020.16932373792,2020.25683060109,308800000,hCoV-19/USA/NY-NYUMC293/2020
179,68,0.0601844587980414,40.7336164178988,-73.9536858525692,40.6469987444172,-74.0188466019032,0.0886036410133351,0.0284191822152937,2020.16932373792,2020.22950819672,308800000,hCoV-19/USA/NY-NYUMC785/2020
180,181,0.00389842286567571,40.7668002388871,-73.9041294729156,40.7854613926188,-73.9114533450489,0.0190669929342899,0.0151685700686142,2020.15607312578,2020.15997154864,308800000,NA
180,200,0.00467150362416457,40.7668002388871,-73.9041294729156,40.7607654396972,-73.8850873727135,0.0198400736927787,0.0151685700686142,2020.15607312578,2020.1607446294,308800000,NA
181,182,0.000418638731971316,40.7854613926188,-73.9114533450489,40.7822327913571,-73.9189208415092,0.0194856316662612,0.0190669929342899,2020.15997154864,2020.16039018737,308800000,NA
181,194,0.00150292750626899,40.7854613926188,-73.9114533450489,40.786018639156,-73.9134800432608,0.0205699204405589,0.0190669929342899,2020.15997154864,2020.16147447615,308800000,NA
182,183,0.000358876563146676,40.7822327913571,-73.9189208415092,40.7958648465555,-73.9122402643472,0.0198445082294079,0.0194856316662612,2020.16039018737,2020.16074906394,308800000,NA
182,190,0.00875194415455519,40.7822327913571,-73.9189208415092,40.7426370111755,-73.8874586383927,0.0282375758208164,0.0194856316662612,2020.16039018737,2020.16914213153,308800000,NA
183,184,0.000379323915394747,40.7958648465555,-73.9122402643472,40.7961730411997,-73.9160443816601,0.0202238321448026,0.0198445082294079,2020.16074906394,2020.16112838785,308800000,NA
183,186,0.00527197926796291,40.7958648465555,-73.9122402643472,40.8079798797655,-73.8763125024957,0.0251164874973708,0.0198445082294079,2020.16074906394,2020.1660210432,308800000,NA
184,185,0.00657060369264881,40.7961730411997,-73.9160443816601,40.7876167312889,-73.9261025414563,0.0267944358374514,0.0202238321448026,2020.16112838785,2020.16769899154,308800000,NA
184,69,0.142150300668665,40.7961730411997,-73.9160443816601,40.723157636455,-73.7561637961299,0.162374132813468,0.0202238321448026,2020.16112838785,2020.30327868852,308800000,hCoV-19/USA/NY-NYUMC430/2020
185,70,0.0809348882359942,40.7876167312889,-73.9261025414563,40.7118241769841,-73.9584617719094,0.107729324073446,0.0267944358374514,2020.16769899154,2020.24863387978,308800000,hCoV-19/USA/NY-NYUMC194/2020
185,71,0.0672736860558204,40.7876167312889,-73.9261025414563,40.7409084036884,-73.975026914831,0.0940681218932718,0.0267944358374514,2020.16769899154,2020.2349726776,308800000,hCoV-19/USA/NY-NYUMC794/2020
186,187,0.00750189423197145,40.8079798797655,-73.8763125024957,40.7826308838179,-73.9185382927659,0.0326183817293422,0.0251164874973708,2020.1660210432,2020.17352293744,308800000,NA
186,189,0.00487792647383853,40.8079798797655,-73.8763125024957,40.7962586852319,-73.8799111992235,0.0299944139712093,0.0251164874973708,2020.1660210432,2020.17089896968,308800000,NA
187,74,0.0587174997240749,40.7826308838179,-73.9185382927659,40.8743030412893,-73.8244020667962,0.0913358814534171,0.0326183817293422,2020.17352293744,2020.23224043716,308800000,hCoV-19/USA/NY-NYUMC739/2020
187,188,6.76285243377817e-05,40.7826308838179,-73.9185382927659,40.7842658096963,-73.9176983139649,0.03268601025368,0.0326183817293422,2020.17352293744,2020.17359056596,308800000,NA
188,72,0.0969012373197308,40.7842658096963,-73.9176983139649,40.6989443086496,-73.9815135151593,0.129587247573411,0.03268601025368,2020.17359056596,2020.27049180328,308800000,hCoV-19/USA/NY-NYUMC384/2020
188,73,0.036791947699772,40.7842658096963,-73.9176983139649,40.8253841614649,-73.8695040934939,0.069477957953452,0.03268601025368,2020.17359056596,2020.21038251366,308800000,hCoV-19/USA/NY-NYUMC92/2020
189,75,0.11598627622223,40.7962586852319,-73.8799111992235,40.7506692928476,-73.8318081134341,0.145980690193439,0.0299944139712093,2020.17089896968,2020.2868852459,308800000,hCoV-19/USA/NY-NYUMC445/2020
189,76,0.0476802652922569,40.7962586852319,-73.8799111992235,40.6169504938103,-74.0016745372953,0.0776746792634662,0.0299944139712093,2020.17089896968,2020.21857923497,308800000,hCoV-19/USA/NY-NYUMC742/2020
190,191,0.00030963785808158,40.7426370111755,-73.8874586383927,40.7431548858578,-73.8922692095572,0.028547213678898,0.0282375758208164,2020.16914213153,2020.16945176939,308800000,NA
190,81,0.150529999622457,40.7426370111755,-73.8874586383927,40.8525809483289,-73.8824918548016,0.178767575443273,0.0282375758208164,2020.16914213153,2020.31967213115,308800000,hCoV-19/USA/NY-NYUMC904/2020
191,193,0.026412958429392,40.7431548858578,-73.8922692095572,40.7350098993973,-73.9038201312592,0.05496017210829,0.028547213678898,2020.16945176939,2020.19586472782,308800000,NA
191,192,0.00738537239728776,40.7431548858578,-73.8922692095572,40.7529144750003,-73.8606060193856,0.0359325860761857,0.028547213678898,2020.16945176939,2020.17683714178,308800000,NA
192,78,0.0335453718772663,40.7529144750003,-73.8606060193856,40.7128579562522,-73.8344621815468,0.069477957953452,0.0359325860761857,2020.17683714178,2020.21038251366,308800000,hCoV-19/USA/NY-NYUMC62/2020
192,77,0.0717967379972599,40.7529144750003,-73.8606060193856,40.8752475410637,-73.8308761485969,0.107729324073446,0.0359325860761857,2020.17683714178,2020.24863387978,308800000,hCoV-19/USA/NY-NYUMC591/2020
193,79,0.0363757093451272,40.7350098993973,-73.9038201312592,40.5947144602907,-73.9357058236911,0.0913358814534171,0.05496017210829,2020.19586472782,2020.23224043716,308800000,hCoV-19/USA/NY-NYUMC698/2020
193,80,0.0527691519651557,40.7350098993973,-73.9038201312592,40.8047637852378,-73.9033705317336,0.107729324073446,0.05496017210829,2020.19586472782,2020.24863387978,308800000,hCoV-19/USA/NY-NYUMC160/2020
194,195,0.0112037432751476,40.786018639156,-73.9134800432608,40.8335506301163,-73.9073449273329,0.0317736637157064,0.0205699204405589,2020.16147447615,2020.17267821942,308800000,NA
194,196,0.00681239940646447,40.786018639156,-73.9134800432608,40.7661937585197,-73.929137131393,0.0273823198470233,0.0205699204405589,2020.16147447615,2020.16828687555,308800000,NA
195,83,0.0377042942377455,40.8335506301163,-73.9073449273329,40.861592470062,-73.9039698337492,0.069477957953452,0.0317736637157064,2020.17267821942,2020.21038251366,308800000,hCoV-19/USA/NY-NYUMC121/2020
195,82,0.0759556603577392,40.8335506301163,-73.9073449273329,40.8099502799491,-73.9530703232715,0.107729324073446,0.0317736637157064,2020.17267821942,2020.24863387978,308800000,hCoV-19/USA/NY-NYUMC168/2020
196,199,0.00176551512148074,40.7661937585197,-73.929137131393,40.760223600697,-73.9291673131012,0.0291478349685041,0.0273823198470233,2020.16828687555,2020.17005239068,308800000,NA
196,197,0.00156407480113838,40.7661937585197,-73.929137131393,40.7570031471527,-73.9263941169368,0.0289463946481617,0.0273823198470233,2020.16828687555,2020.16985095036,308800000,NA
197,86,0.0733184485551243,40.7570031471527,-73.9263941169368,40.5814922328351,-73.8259079163823,0.102264843203286,0.0289463946481617,2020.16985095036,2020.24316939891,308800000,hCoV-19/USA/NY-NYUMC511/2020
197,198,0.037448002356427,40.7570031471527,-73.9263941169368,40.6786781815993,-73.9837533527209,0.0663943970045887,0.0289463946481617,2020.16985095036,2020.20729895271,308800000,NA
198,85,0.041334927068857,40.6786781815993,-73.9837533527209,40.646831340791,-74.0150392714286,0.107729324073446,0.0663943970045887,2020.20729895271,2020.24863387978,308800000,hCoV-19/USA/NY-NYUMC206/2020
198,84,0.0932474953788016,40.6786781815993,-73.9837533527209,40.5976835502581,-73.9591912565361,0.15964189238339,0.0663943970045887,2020.20729895271,2020.30054644809,308800000,hCoV-19/USA/NY-NYUMC459/2020
199,88,0.185138866154908,40.760223600697,-73.9291673131012,40.7366827861834,-73.8801627300032,0.214286701123412,0.0291478349685041,2020.17005239068,2020.35519125683,308800000,hCoV-19/USA/NY-NYUMC891/2020
199,87,0.0375978825448659,40.760223600697,-73.9291673131012,40.7638571704065,-73.9767240482703,0.0667457175133699,0.0291478349685041,2020.17005239068,2020.20765027322,308800000,hCoV-19/USA/NY-NYUMC19/2020
200,201,0.00388378079789273,40.7607654396972,-73.8850873727135,40.7461684731229,-73.9007603323786,0.0237238544906715,0.0198400736927787,2020.1607446294,2020.1646284102,308800000,NA
200,204,0.00610465079022673,40.7607654396972,-73.8850873727135,40.7802046221117,-73.9135068418641,0.0259447244830055,0.0198400736927787,2020.1607446294,2020.16684928019,308800000,NA
201,203,0.0378713492814559,40.7461684731229,-73.9007603323786,40.7445808044393,-73.8755757057055,0.0615952037721274,0.0237238544906715,2020.1646284102,2020.20249975948,308800000,NA
201,202,0.00648212309054955,40.7461684731229,-73.9007603323786,40.7543807913776,-73.9107041574932,0.030205977581221,0.0237238544906715,2020.1646284102,2020.17111053329,308800000,NA
202,89,0.0829878273721613,40.7543807913776,-73.9107041574932,40.7434695735961,-73.979264658798,0.113193804953382,0.030205977581221,2020.17111053329,2020.25409836066,308800000,hCoV-19/USA/NY-NYUMC211/2020
202,90,0.039271980372231,40.7543807913776,-73.9107041574932,40.7222633484931,-73.972712625832,0.069477957953452,0.030205977581221,2020.17111053329,2020.21038251366,308800000,hCoV-19/USA/NY-NYUMC73/2020
203,92,0.0543308416113325,40.7445808044393,-73.8755757057055,40.6304412048745,-73.8854901849651,0.11592604538346,0.0615952037721274,2020.20249975948,2020.25683060109,308800000,hCoV-19/USA/NY-NYUMC294/2020
203,91,0.0297406776812898,40.7445808044393,-73.8755757057055,40.7411476384798,-73.8762826664071,0.0913358814534171,0.0615952037721274,2020.20249975948,2020.23224043716,308800000,hCoV-19/USA/NY-NYUMC718/2020
204,94,0.0435332334704465,40.7802046221117,-73.9135068418641,40.8382009170989,-73.9312211632961,0.069477957953452,0.0259447244830055,2020.16684928019,2020.21038251366,308800000,hCoV-19/USA/NY-NYUMC58/2020
204,93,0.0435332334704465,40.7802046221117,-73.9135068418641,40.8181614505972,-73.9122826088561,0.069477957953452,0.0259447244830055,2020.16684928019,2020.21038251366,308800000,hCoV-19/USA/NY-NYUMC98/2020
205,216,0.0202905020628108,40.7303292832086,-73.9087742572701,40.7278695745985,-73.9018364919104,0.0212852257606551,0.00099472369784423,2020.1418992794,2020.16218978147,308800000,NA
205,206,0.0158812574387288,40.7303292832086,-73.9087742572701,40.7481304102539,-73.8930951569129,0.016875981136573,0.00099472369784423,2020.1418992794,2020.15778053684,308800000,NA
206,207,0.00323631448736714,40.7481304102539,-73.8930951569129,40.7508706410856,-73.8960220959467,0.0201122956239401,0.016875981136573,2020.15778053684,2020.16101685133,308800000,NA
206,214,0.00784767424146607,40.7481304102539,-73.8930951569129,40.7153688627295,-73.8740023718282,0.0247236553780391,0.016875981136573,2020.15778053684,2020.16562821109,308800000,NA
207,208,0.0117116312380276,40.7508706410856,-73.8960220959467,40.8047483917024,-73.9239549011174,0.0318239268619677,0.0201122956239401,2020.16101685133,2020.17272848257,308800000,NA
207,209,0.00119166759237815,40.7508706410856,-73.8960220959467,40.7488249816592,-73.8912636120605,0.0213039632163183,0.0201122956239401,2020.16101685133,2020.16220851892,308800000,NA
208,95,0.0731731567713959,40.8047483917024,-73.9239549011174,40.7790452494831,-73.9093402245291,0.104997083633364,0.0318239268619677,2020.17272848257,2020.24590163934,308800000,hCoV-19/USA/NY-NYUMC589/2020
208,96,0.0376540310914842,40.8047483917024,-73.9239549011174,40.7053329849345,-73.9808793873339,0.069477957953452,0.0318239268619677,2020.17272848257,2020.21038251366,308800000,hCoV-19/USA/NY-NYUMC225/2020
209,210,0.0130997757926142,40.7488249816592,-73.8912636120605,40.7967807817414,-73.8924607918285,0.0344037390089325,0.0213039632163183,2020.16220851892,2020.17530829472,308800000,NA
209,97,0.0700319182370989,40.7488249816592,-73.8912636120605,40.7124989006906,-73.7788014686599,0.0913358814534171,0.0213039632163183,2020.16220851892,2020.23224043716,308800000,hCoV-19/USA/NY-NYUMC708/2020
210,211,0.00638089240335038,40.7967807817414,-73.8924607918285,40.7907856999421,-73.9091113553715,0.0407846314122829,0.0344037390089325,2020.17530829472,2020.18168918712,308800000,NA
210,212,0.00076639811919893,40.7967807817414,-73.8924607918285,40.8129360933268,-73.8898187531449,0.0351701371281314,0.0344037390089325,2020.17530829472,2020.17607469284,308800000,NA
211,99,0.0669446926611628,40.7907856999421,-73.9091113553715,40.8299470562498,-73.9078920040658,0.107729324073446,0.0407846314122829,2020.18168918712,2020.24863387978,308800000,hCoV-19/USA/NY-NYUMC199/2020
211,98,0.0532834904809889,40.7907856999421,-73.9091113553715,40.8177010134899,-73.8312716311785,0.0940681218932718,0.0407846314122829,2020.18168918712,2020.2349726776,308800000,hCoV-19/USA/NY-NYUMC825/2020
212,100,0.124471755255259,40.8129360933268,-73.8898187531449,40.7669725010674,-73.8104108821342,0.15964189238339,0.0351701371281314,2020.17607469284,2020.30054644809,308800000,hCoV-19/USA/NY-NYUMC436/2020
212,213,0.00227584644932177,40.8129360933268,-73.8898187531449,40.8167229697126,-73.8929323263346,0.0374459835774532,0.0351701371281314,2020.17607469284,2020.17835053928,308800000,NA
213,101,0.122195908805937,40.8167229697126,-73.8929323263346,40.7625124536136,-73.8181364491275,0.15964189238339,0.0374459835774532,2020.17835053928,2020.30054644809,308800000,hCoV-19/USA/NY-NYUMC462/2020
213,102,0.0511576574358819,40.8167229697126,-73.8929323263346,40.69502454646,-73.9456854424974,0.0886036410133351,0.0374459835774532,2020.17835053928,2020.22950819672,308800000,hCoV-19/USA/NY-NYUMC810/2020
214,215,0.0340896621084069,40.7153688627295,-73.8740023718282,40.7839385307624,-73.8529723015027,0.0588133174864459,0.0247236553780391,2020.16562821109,2020.19971787319,308800000,NA
214,103,0.0666122260753781,40.7153688627295,-73.8740023718282,40.7214057032357,-73.7989507193224,0.0913358814534171,0.0247236553780391,2020.16562821109,2020.23224043716,308800000,hCoV-19/USA/NY-NYUMC706/2020
215,105,0.010664640467006,40.7839385307624,-73.8529723015027,40.714721240987,-73.8383279981835,0.069477957953452,0.0588133174864459,2020.19971787319,2020.21038251366,308800000,hCoV-19/USA/NY-NYUMC920/2020
215,104,0.0434515257168401,40.7839385307624,-73.8529723015027,40.8918671142442,-73.8595977191749,0.102264843203286,0.0588133174864459,2020.19971787319,2020.24316939891,308800000,hCoV-19/USA/NY-NYUMC524/2020
216,217,0.00814048719467098,40.7278695745985,-73.9018364919104,40.708978728578,-73.9152110795742,0.029425712955326,0.0212852257606551,2020.16218978147,2020.17033026866,308800000,NA
216,106,0.0891763387526452,40.7278695745985,-73.9018364919104,40.8549837905493,-73.9258289253539,0.1104615645133,0.0212852257606551,2020.16218978147,2020.25136612022,308800000,hCoV-19/USA/NY-NYUMC685/2020
217,218,0.00939717544621976,40.708978728578,-73.9152110795742,40.6407624226861,-73.956739646382,0.0388228884015458,0.029425712955326,2020.17033026866,2020.17972744411,308800000,NA
217,219,0.00297858460680492,40.708978728578,-73.9152110795742,40.715892432569,-73.9055584307317,0.032404297562131,0.029425712955326,2020.17033026866,2020.17330885327,308800000,NA
218,107,0.0689064356718999,40.6407624226861,-73.956739646382,40.6374920734337,-74.0091464591969,0.107729324073446,0.0388228884015458,2020.17972744411,2020.24863387978,308800000,hCoV-19/USA/NY-NYUMC158/2020
218,108,0.0634419548017403,40.6407624226861,-73.956739646382,40.6423234463678,-73.9689886843759,0.102264843203286,0.0388228884015458,2020.17972744411,2020.24316939891,308800000,hCoV-19/USA/NY-NYUMC533/2020
219,109,0.0698605456411551,40.715892432569,-73.9055584307317,40.8819720108401,-73.866318883948,0.102264843203286,0.032404297562131,2020.17330885327,2020.24316939891,308800000,hCoV-19/USA/NY-NYUMC517/2020
219,110,0.037073660391321,40.715892432569,-73.9055584307317,40.7475864907637,-73.9715309611186,0.069477957953452,0.032404297562131,2020.17330885327,2020.21038251366,308800000,hCoV-19/USA/NY-NYUMC672/2020
