node1,node2,length,startLat,startLon,endLat,endLon,endNodeL,startNodeL,startYear,endYear,treeID,tipLabel
111,198,0.000490372125409866,40.7281661662622,-73.9175576775577,40.7324710450203,-73.9199777021882,0.000490372125409866,0,2020.1401669116,2020.14065728373,883000000,NA
111,112,8.00849108786583e-05,40.7281661662622,-73.9175576775577,40.7307615112451,-73.9174775653526,8.00849108786583e-05,0,2020.1401669116,2020.14024699651,883000000,NA
112,113,0.000203150802769198,40.7307615112451,-73.9174775653526,40.7328890714832,-73.9174907670723,0.000283235713647856,8.00849108786583e-05,2020.14024699651,2020.14045014731,883000000,NA
112,196,0.0198343031891633,40.7307615112451,-73.9174775653526,40.764113151457,-73.9005304559948,0.019914388100042,8.00849108786583e-05,2020.14024699651,2020.1600812997,883000000,NA
113,154,0.000284142453803149,40.7328890714832,-73.9174907670723,40.7325309292416,-73.9180537049426,0.000567378167451005,0.000283235713647856,2020.14045014731,2020.14073428977,883000000,NA
113,114,0.000444486763688356,40.7328890714832,-73.9174907670723,40.731400654436,-73.9204826157529,0.000727722477336212,0.000283235713647856,2020.14045014731,2020.14089463408,883000000,NA
114,129,0.00667030425471643,40.731400654436,-73.9204826157529,40.7721744171105,-73.9123815992916,0.00739802673205264,0.000727722477336212,2020.14089463408,2020.14756493833,883000000,NA
114,115,0.0125601192939556,40.731400654436,-73.9204826157529,40.7185645972147,-73.9128924947245,0.0132878417712918,0.000727722477336212,2020.14089463408,2020.15345475337,883000000,NA
115,119,0.00243198328006822,40.7185645972147,-73.9128924947245,40.7022190830614,-73.912226955304,0.01571982505136,0.0132878417712918,2020.15345475337,2020.15588673665,883000000,NA
115,116,0.00117664734139206,40.7185645972147,-73.9128924947245,40.7160153661523,-73.9184499898207,0.0144644891126839,0.0132878417712918,2020.15345475337,2020.15463140071,883000000,NA
116,118,0.0371959314847862,40.7160153661523,-73.9184499898207,40.6895500665088,-73.923901837828,0.0516604205974701,0.0144644891126839,2020.15463140071,2020.1918273322,883000000,NA
116,117,0.0344596832510488,40.7160153661523,-73.9184499898207,40.7486906254737,-73.9104630375666,0.0489241723637327,0.0144644891126839,2020.15463140071,2020.18909108396,883000000,NA
117,1,0.0540783149454211,40.7486906254737,-73.9104630375666,40.7211782583487,-73.9462399707776,0.103002487309154,0.0489241723637327,2020.18909108396,2020.24316939891,883000000,hCoV-19/USA/NY-NYUMC551/2020
117,2,0.0540783149454211,40.7486906254737,-73.9104630375666,40.7323412371713,-73.9765548106413,0.103002487309154,0.0489241723637327,2020.18909108396,2020.24316939891,883000000,hCoV-19/USA/NY-NYUMC415/2020
118,3,0.059538788021698,40.6895500665088,-73.923901837828,40.5933468783976,-73.960198574249,0.111199208619168,0.0516604205974701,2020.1918273322,2020.25136612022,883000000,hCoV-19/USA/NY-NYUMC250/2020
118,4,0.0513420667116838,40.6895500665088,-73.923901837828,40.5732697539796,-74.0049679740401,0.103002487309154,0.0516604205974701,2020.1918273322,2020.24316939891,883000000,hCoV-19/USA/NY-NYUMC585/2020
119,120,0.0229699881842005,40.7022190830614,-73.912226955304,40.6549971574092,-73.840526097022,0.0386898132355605,0.01571982505136,2020.15588673665,2020.17885672484,883000000,NA
119,126,0.0257460917983722,40.7022190830614,-73.912226955304,40.7098542392079,-73.9168046507975,0.0414659168497323,0.01571982505136,2020.15588673665,2020.18163282845,883000000,NA
120,11,0.0561159527635791,40.6549971574092,-73.840526097022,40.6909318207711,-73.8196724602627,0.0948057659991396,0.0386898132355605,2020.17885672484,2020.2349726776,883000000,hCoV-19/USA/NY-NYUMC788/2020
120,121,0.00735861438743163,40.6549971574092,-73.840526097022,40.6629302015951,-73.8090164649169,0.0460484276229921,0.0386898132355605,2020.17885672484,2020.18621533922,883000000,NA
121,122,0.00247184659271593,40.6629302015951,-73.8090164649169,40.6697164121219,-73.7710957511906,0.0485202742157081,0.0460484276229921,2020.18621533922,2020.18868718582,883000000,NA
121,125,0.00190406959725717,40.6629302015951,-73.8090164649169,40.6626617344007,-73.8099550358694,0.0479524972202493,0.0460484276229921,2020.18621533922,2020.18811940882,883000000,NA
122,8,0.0462854917834315,40.6697164121219,-73.7710957511906,40.7055490812184,-73.744671194876,0.0948057659991396,0.0485202742157081,2020.18868718582,2020.2349726776,883000000,hCoV-19/USA/NY-NYUMC774/2020
122,123,0.00238574667169017,40.6697164121219,-73.7710957511906,40.6498463359324,-73.7634064402415,0.0509060208873982,0.0485202742157081,2020.18868718582,2020.19107293249,883000000,NA
123,7,0.0193095811719215,40.6498463359324,-73.7634064402415,40.708138189078,-73.7498417418248,0.0702156020593198,0.0509060208873982,2020.19107293249,2020.21038251366,883000000,hCoV-19/USA/NY-NYUMC919/2020
123,124,0.00667020812615265,40.6498463359324,-73.7634064402415,40.6061832412907,-73.7784293456957,0.0575762290135509,0.0509060208873982,2020.19107293249,2020.19774314061,883000000,NA
124,5,0.045426258295603,40.6061832412907,-73.7784293456957,40.7455704678325,-73.8352579843952,0.103002487309154,0.0575762290135509,2020.19774314061,2020.24316939891,883000000,hCoV-19/USA/NY-NYUMC521/2020
124,6,0.0563552200456992,40.6061832412907,-73.7784293456957,40.5931745303049,-73.7726750441845,0.11393144905925,0.0575762290135509,2020.19774314061,2020.25409836066,883000000,hCoV-19/USA/NY-NYUMC603/2020
125,10,0.0632467113989188,40.6626617344007,-73.8099550358694,40.6939227168328,-73.7538659411165,0.111199208619168,0.0479524972202493,2020.18811940882,2020.25136612022,883000000,hCoV-19/USA/NY-NYUMC617/2020
125,9,0.0222631048390705,40.6626617344007,-73.8099550358694,40.6831259909713,-73.7809490803789,0.0702156020593198,0.0479524972202493,2020.18811940882,2020.21038251366,883000000,hCoV-19/USA/NY-NYUMC659/2020
126,12,0.0615365704594216,40.7098542392079,-73.9168046507975,40.6222874075047,-73.9658727222114,0.103002487309154,0.0414659168497323,2020.18163282845,2020.24316939891,883000000,hCoV-19/USA/NY-NYUMC525/2020
126,127,0.0141684887578278,40.7098542392079,-73.9168046507975,40.7444441708708,-73.9257768718644,0.0556344056075601,0.0414659168497323,2020.18163282845,2020.19580131721,883000000,NA
127,15,0.0528325625717534,40.7444441708708,-73.9257768718644,40.7656363422313,-73.8930705278426,0.108466968179313,0.0556344056075601,2020.19580131721,2020.24863387978,883000000,hCoV-19/USA/NY-NYUMC883/2020
127,128,0.102679417567513,40.7444441708708,-73.9257768718644,40.6973672362236,-73.9830437355722,0.158313823175073,0.0556344056075601,2020.19580131721,2020.29848073478,883000000,NA
128,14,0.0293881176840823,40.6973672362236,-73.9830437355722,40.7414800431726,-74.0017037104745,0.187701940859155,0.158313823175073,2020.29848073478,2020.32786885246,883000000,hCoV-19/USA/NY-NYUMC908/2020
128,13,0.00206571331418488,40.6973672362236,-73.9830437355722,40.6782158675139,-73.987952152472,0.160379536489258,0.158313823175073,2020.29848073478,2020.30054644809,883000000,hCoV-19/USA/NY-NYUMC472/2020
129,137,0.00441052607582998,40.7721744171105,-73.9123815992916,40.7458693571666,-73.922879047217,0.0118085528078826,0.00739802673205264,2020.14756493833,2020.15197546441,883000000,NA
129,130,0.000266308611286292,40.7721744171105,-73.9123815992916,40.7755282093268,-73.9120303793249,0.00766433534333893,0.00739802673205264,2020.14756493833,2020.14783124694,883000000,NA
130,135,0.0256049739392864,40.7755282093268,-73.9120303793249,40.7601806338337,-73.9277545202464,0.0332693092826253,0.00766433534333893,2020.14783124694,2020.17343622088,883000000,NA
130,131,0.00239756214220527,40.7755282093268,-73.9120303793249,40.7881324704549,-73.8949940179075,0.0100618974855442,0.00766433534333893,2020.14783124694,2020.15022880909,883000000,NA
131,132,0.00780078969817602,40.7881324704549,-73.8949940179075,40.7905245363468,-73.8836217301035,0.0178626871837202,0.0100618974855442,2020.15022880909,2020.15802959878,883000000,NA
131,20,0.122995234633589,40.7881324704549,-73.8949940179075,40.7479434080812,-73.8901530180701,0.133057132119133,0.0100618974855442,2020.15022880909,2020.27322404372,883000000,hCoV-19/USA/NY-NYUMC296/2020
132,133,0.00199960226696524,40.7905245363468,-73.8836217301035,40.8002387104231,-73.8644829394295,0.0198622894506855,0.0178626871837202,2020.15802959878,2020.16002920105,883000000,NA
132,16,0.123391166245427,40.7905245363468,-73.8836217301035,40.8349009397891,-73.8696575822929,0.141253853429148,0.0178626871837202,2020.15802959878,2020.28142076503,883000000,hCoV-19/USA/NY-NYUMC403/2020
133,17,0.0831401978584684,40.8002387104231,-73.8644829394295,40.8771773797914,-73.8691373798826,0.103002487309154,0.0198622894506855,2020.16002920105,2020.24316939891,883000000,hCoV-19/USA/NY-NYUMC549/2020
133,134,0.0257233513071598,40.8002387104231,-73.8644829394295,40.7478600453049,-73.9069687780863,0.0455856407578453,0.0198622894506855,2020.16002920105,2020.18575255236,883000000,NA
134,19,0.0246299613014745,40.7478600453049,-73.9069687780863,40.6408235039873,-73.9296620677314,0.0702156020593198,0.0455856407578453,2020.18575255236,2020.21038251366,883000000,hCoV-19/USA/NY-NYUMC96/2020
134,18,0.0656135678613228,40.7478600453049,-73.9069687780863,40.8597367133706,-73.886018871727,0.111199208619168,0.0455856407578453,2020.18575255236,2020.25136612022,883000000,hCoV-19/USA/NY-NYUMC607/2020
135,23,0.138039188956729,40.7601806338337,-73.9277545202464,40.6710441547741,-73.8459461619124,0.171308498239354,0.0332693092826253,2020.17343622088,2020.31147540984,883000000,hCoV-19/USA/NY-NYUMC838/2020
135,136,0.00293598866947475,40.7601806338337,-73.9277545202464,40.7573279034344,-73.9281967960741,0.0362052979521001,0.0332693092826253,2020.17343622088,2020.17637220955,883000000,NA
136,22,0.110513036347207,40.7573279034344,-73.9281967960741,40.7852812644379,-73.927225857349,0.146718334299307,0.0362052979521001,2020.17637220955,2020.2868852459,883000000,hCoV-19/USA/NY-NYUMC447/2020
136,21,0.0340103041072197,40.7573279034344,-73.9281967960741,40.8762876680981,-73.9026105215071,0.0702156020593198,0.0362052979521001,2020.17637220955,2020.21038251366,883000000,hCoV-19/USA/NY-NYUMC38/2020
137,138,0.0037134119154984,40.7458693571666,-73.922879047217,40.7315249027095,-73.9095015954886,0.015521964723381,0.0118085528078826,2020.15197546441,2020.15568887632,883000000,NA
137,150,0.0281544901033874,40.7458693571666,-73.922879047217,40.7839708125655,-73.9195108576979,0.03996304291127,0.0118085528078826,2020.15197546441,2020.18012995451,883000000,NA
138,147,0.00438718149382236,40.7315249027095,-73.9095015954886,40.7521547135113,-73.9007627449917,0.0199091462172034,0.015521964723381,2020.15568887632,2020.16007605782,883000000,NA
138,139,0.00527569049290011,40.7315249027095,-73.9095015954886,40.7322969212155,-73.9213692057005,0.0207976552162811,0.015521964723381,2020.15568887632,2020.16096456682,883000000,NA
139,140,0.000190902158784256,40.7322969212155,-73.9213692057005,40.7318182199392,-73.9212980188292,0.0209885573750654,0.0207976552162811,2020.16096456682,2020.16115546898,883000000,NA
139,142,0.0120299974649161,40.7322969212155,-73.9213692057005,40.7214940759624,-73.9252913167076,0.0328276526811973,0.0207976552162811,2020.16096456682,2020.17299456428,883000000,NA
140,26,0.120265296054082,40.7318182199392,-73.9212980188292,40.7810731493629,-73.9775037412263,0.141253853429148,0.0209885573750654,2020.16115546898,2020.28142076503,883000000,hCoV-19/USA/NY-NYUMC331/2020
140,141,0.0295881142646325,40.7318182199392,-73.9212980188292,40.8509202089486,-73.9139485166534,0.0505766716396979,0.0209885573750654,2020.16115546898,2020.19074358324,883000000,NA
141,24,0.0278356517296361,40.8509202089486,-73.9139485166534,40.6110011019325,-73.7478724655276,0.078412323369334,0.0505766716396979,2020.19074358324,2020.21857923497,883000000,hCoV-19/USA/NY-NYUMC721/2020
141,25,0.0442290943594417,40.8509202089486,-73.9139485166534,40.8479430292651,-73.9198629133241,0.0948057659991396,0.0505766716396979,2020.19074358324,2020.2349726776,883000000,hCoV-19/USA/NY-NYUMC792/2020
142,143,0.00979777078395899,40.7214940759624,-73.9252913167076,40.7517910843987,-73.9024566928216,0.0426254234651562,0.0328276526811973,2020.17299456428,2020.18279233507,883000000,NA
142,27,0.0701748346279566,40.7214940759624,-73.9252913167076,40.6484592960247,-73.9665650271191,0.103002487309154,0.0328276526811973,2020.17299456428,2020.24316939891,883000000,hCoV-19/USA/NY-NYUMC501/2020
143,28,0.0685737851540119,40.7517910843987,-73.9024566928216,40.8419164991737,-73.902066652187,0.111199208619168,0.0426254234651562,2020.18279233507,2020.25136612022,883000000,hCoV-19/USA/NY-NYUMC637/2020
143,144,0.00434953849678293,40.7517910843987,-73.9024566928216,40.7565157057465,-73.9126248901291,0.0469749619619392,0.0426254234651562,2020.18279233507,2020.18714187356,883000000,NA
144,146,0.00105014248894819,40.7565157057465,-73.9126248901291,40.7484492316114,-73.9104729193869,0.0480251044508874,0.0469749619619392,2020.18714187356,2020.18819201605,883000000,NA
144,145,0.00413946897630024,40.7565157057465,-73.9126248901291,40.7337786919647,-73.9158954239209,0.0511144309382394,0.0469749619619392,2020.18714187356,2020.19128134254,883000000,NA
145,30,0.0874071820510535,40.7337786919647,-73.9158954239209,40.773980570208,-73.9005154527354,0.138521612989293,0.0511144309382394,2020.19128134254,2020.27868852459,883000000,hCoV-19/USA/NY-NYUMC407/2020
145,29,0.0628170181210107,40.7337786919647,-73.9158954239209,40.7533086534691,-73.910799315166,0.11393144905925,0.0511144309382394,2020.19128134254,2020.25409836066,883000000,hCoV-19/USA/NY-NYUMC644/2020
146,32,0.112354432038371,40.7484492316114,-73.9104729193869,40.6427407047125,-73.941370427049,0.160379536489258,0.0480251044508874,2020.18819201605,2020.30054644809,883000000,hCoV-19/USA/NY-NYUMC454/2020
146,31,0.112354432038371,40.7484492316114,-73.9104729193869,40.8802618065014,-73.9136062455795,0.160379536489258,0.0480251044508874,2020.18819201605,2020.30054644809,883000000,hCoV-19/USA/NY-NYUMC457/2020
147,148,0.0303526529899549,40.7521547135113,-73.9007627449917,40.7470907251886,-73.9058102422502,0.0502617992071583,0.0199091462172034,2020.16007605782,2020.19042871081,883000000,NA
147,149,0.0302887250873093,40.7521547135113,-73.9007627449917,40.7651133614668,-73.9339365405441,0.0501978713045126,0.0199091462172034,2020.16007605782,2020.19036478291,883000000,NA
148,34,0.15929806515219,40.7470907251886,-73.9058102422502,40.8185649072773,-73.8731335848325,0.209559864359348,0.0502617992071583,2020.19042871081,2020.34972677596,883000000,hCoV-19/USA/NY-NYUMC914/2020
148,33,0.0199538028521615,40.7470907251886,-73.9058102422502,40.7743593408759,-73.8995054090954,0.0702156020593198,0.0502617992071583,2020.19042871081,2020.21038251366,883000000,hCoV-19/USA/NY-NYUMC72/2020
149,36,0.0746625394948293,40.7651133614668,-73.9339365405441,40.6327177911553,-74.0323329993309,0.124860410799342,0.0501978713045126,2020.19036478291,2020.2650273224,883000000,hCoV-19/USA/NY-NYUMC351/2020
149,35,0.0282144520648214,40.7651133614668,-73.9339365405441,40.7641501850388,-73.9126555323891,0.078412323369334,0.0501978713045126,2020.19036478291,2020.21857923497,883000000,hCoV-19/USA/NY-NYUMC765/2020
150,153,0.0103806771718525,40.7839708125655,-73.9195108576979,40.8070566740172,-73.9042028792768,0.0503437200831225,0.03996304291127,2020.18012995451,2020.19051063168,883000000,NA
150,151,0.011566530428274,40.7839708125655,-73.9195108576979,40.7810012571058,-73.9282948759615,0.051529573339544,0.03996304291127,2020.18012995451,2020.19169648494,883000000,NA
151,39,0.0514729139696098,40.7810012571058,-73.9282948759615,40.8834703978805,-73.9117501296647,0.103002487309154,0.051529573339544,2020.19169648494,2020.24316939891,883000000,hCoV-19/USA/NY-NYUMC519/2020
151,152,0.00025505888719729,40.7810012571058,-73.9282948759615,40.7782022793716,-73.929127962791,0.0517846322267413,0.051529573339544,2020.19169648494,2020.19195154383,883000000,NA
152,37,0.0594145763924268,40.7782022793716,-73.929127962791,40.8316369096351,-73.9180837614849,0.111199208619168,0.0517846322267413,2020.19195154383,2020.25136612022,883000000,hCoV-19/USA/NY-NYUMC621/2020
152,38,0.108594904262517,40.7782022793716,-73.929127962791,40.7602422095494,-73.9217142194898,0.160379536489258,0.0517846322267413,2020.19195154383,2020.30054644809,883000000,hCoV-19/USA/NY-NYUMC469/2020
153,41,0.0608554885360456,40.8070566740172,-73.9042028792768,40.8501959648434,-73.9046874548666,0.111199208619168,0.0503437200831225,2020.19051063168,2020.25136612022,883000000,hCoV-19/USA/NY-NYUMC613/2020
153,40,0.0991068546560393,40.8070566740172,-73.9042028792768,40.6018308784703,-74.0048131276813,0.149450574739162,0.0503437200831225,2020.19051063168,2020.28961748634,883000000,hCoV-19/USA/NY-NYUMC466/2020
154,181,0.0128050044958434,40.7325309292416,-73.9180537049426,40.7090134159244,-73.9666016070664,0.0133723826632944,0.000567378167451005,2020.14073428977,2020.15353929426,883000000,NA
154,155,0.00396996280565073,40.7325309292416,-73.9180537049426,40.7453678483381,-73.9142126272147,0.00453734097310174,0.000567378167451005,2020.14073428977,2020.14470425257,883000000,NA
155,156,0.00694618852001899,40.7453678483381,-73.9142126272147,40.7256286207876,-73.9011420343646,0.0114835294931207,0.00453734097310174,2020.14470425257,2020.15165044109,883000000,NA
155,177,0.00714386373188866,40.7453678483381,-73.9142126272147,40.7484621481384,-73.9220712174193,0.0116812047049904,0.00453734097310174,2020.14470425257,2020.15184811631,883000000,NA
156,164,0.00132690347970865,40.7256286207876,-73.9011420343646,40.7259880936957,-73.90211036912,0.0128104329728294,0.0114835294931207,2020.15165044109,2020.15297734457,883000000,NA
156,157,0.00293102916489787,40.7256286207876,-73.9011420343646,40.7449028488642,-73.8740526116243,0.0144145586580186,0.0114835294931207,2020.15165044109,2020.15458147026,883000000,NA
157,161,0.0252012312179375,40.7449028488642,-73.8740526116243,40.8130177711147,-73.8503778792442,0.0396157898759562,0.0144145586580186,2020.15458147026,2020.17978270148,883000000,NA
157,158,0.0190470130893591,40.7449028488642,-73.8740526116243,40.7402646138264,-73.8699302785286,0.0334615717473777,0.0144145586580186,2020.15458147026,2020.17362848335,883000000,NA
158,160,0.00716305426685598,40.7402646138264,-73.8699302785286,40.6476880940092,-73.8158030982903,0.0406246260142337,0.0334615717473777,2020.17362848335,2020.18079153762,883000000,NA
158,159,0.00265464149552833,40.7402646138264,-73.8699302785286,40.7534189636706,-73.8605308162077,0.036116213242906,0.0334615717473777,2020.17362848335,2020.17628312484,883000000,NA
159,43,0.178908131986374,40.7534189636706,-73.8605308162077,40.7366827861834,-73.8801627300032,0.21502434522928,0.036116213242906,2020.17628312484,2020.35519125683,883000000,hCoV-19/USA/NY-NYUMC891/2020
159,42,0.110602121056401,40.7534189636706,-73.8605308162077,40.7506692928476,-73.8318081134341,0.146718334299307,0.036116213242906,2020.17628312484,2020.2868852459,883000000,hCoV-19/USA/NY-NYUMC445/2020
160,44,0.122487150905102,40.6476880940092,-73.8158030982903,40.723157636455,-73.7561637961299,0.163111776919336,0.0406246260142337,2020.18079153762,2020.30327868852,883000000,hCoV-19/USA/NY-NYUMC430/2020
160,45,0.0295909760450861,40.6476880940092,-73.8158030982903,40.6793738301739,-73.7276249957336,0.0702156020593198,0.0406246260142337,2020.18079153762,2020.21038251366,883000000,hCoV-19/USA/NY-NYUMC49/2020
161,162,0.00462317514992047,40.8130177711147,-73.8503778792442,40.8337378759703,-73.8537928018267,0.0442389650258766,0.0396157898759562,2020.17978270148,2020.18440587663,883000000,NA
161,163,0.00787518484149557,40.8130177711147,-73.8503778792442,40.8350485614876,-73.8441604772459,0.0474909747174517,0.0396157898759562,2020.17978270148,2020.18765788632,883000000,NA
162,47,0.0642280031534368,40.8337378759703,-73.8537928018267,40.8752475410637,-73.8308761485969,0.108466968179313,0.0442389650258766,2020.18440587663,2020.24863387978,883000000,hCoV-19/USA/NY-NYUMC591/2020
162,46,0.0478345605334083,40.8337378759703,-73.8537928018267,40.8743030412893,-73.8244020667962,0.0920735255592849,0.0442389650258766,2020.18440587663,2020.23224043716,883000000,hCoV-19/USA/NY-NYUMC739/2020
163,49,0.132014244831689,40.8350485614876,-73.8441604772459,40.8525809483289,-73.8824918548016,0.179505219549141,0.0474909747174517,2020.18765788632,2020.31967213115,883000000,hCoV-19/USA/NY-NYUMC904/2020
163,48,0.022724627341868,40.8350485614876,-73.8441604772459,40.8253841614649,-73.8695040934939,0.0702156020593198,0.0474909747174517,2020.18765788632,2020.21038251366,883000000,hCoV-19/USA/NY-NYUMC92/2020
164,50,0.0574051690864904,40.7259880936957,-73.90211036912,40.861592470062,-73.9039698337492,0.0702156020593198,0.0128104329728294,2020.15297734457,2020.21038251366,883000000,hCoV-19/USA/NY-NYUMC121/2020
164,165,0.00462811145833755,40.7259880936957,-73.90211036912,40.7055818022482,-73.9185921264153,0.0174385444311669,0.0128104329728294,2020.15297734457,2020.15760545603,883000000,NA
165,166,0.0283986212934942,40.7055818022482,-73.9185921264153,40.7193475868916,-73.939441139477,0.0458371657246611,0.0174385444311669,2020.15760545603,2020.18600407733,883000000,NA
165,170,0.00219467292757125,40.7055818022482,-73.9185921264153,40.7089919673313,-73.9166951554424,0.0196332173587382,0.0174385444311669,2020.15760545603,2020.15980012896,883000000,NA
166,167,0.0137742731606064,40.7193475868916,-73.939441139477,40.723168619351,-73.9584337551789,0.0596114388852675,0.0458371657246611,2020.18600407733,2020.19977835049,883000000,NA
166,168,0.00113577299107678,40.7193475868916,-73.939441139477,40.7142385291313,-73.9337863429313,0.0469729387157379,0.0458371657246611,2020.18600407733,2020.18713985032,883000000,NA
167,52,0.0106041631740522,40.723168619351,-73.9584337551789,40.733879714996,-73.9891000962731,0.0702156020593198,0.0596114388852675,2020.19977835049,2020.21038251366,883000000,hCoV-19/USA/NY-NYUMC661/2020
167,51,0.0734456932338658,40.723168619351,-73.9584337551789,40.6695201071688,-73.9309474355619,0.133057132119133,0.0596114388852675,2020.19977835049,2020.27322404372,883000000,hCoV-19/USA/NY-NYUMC382/2020
168,169,0.00301753519649148,40.7142385291313,-73.9337863429313,40.7189734263023,-73.9337759116265,0.0499904739122294,0.0469729387157379,2020.18713985032,2020.19015738551,883000000,NA
168,55,0.0314393846535961,40.7142385291313,-73.9337863429313,40.6169504938103,-74.0016745372953,0.078412323369334,0.0469729387157379,2020.18713985032,2020.21857923497,883000000,hCoV-19/USA/NY-NYUMC742/2020
169,53,0.058476494267084,40.7189734263023,-73.9337759116265,40.6723056732511,-73.9122425675787,0.108466968179313,0.0499904739122294,2020.19015738551,2020.24863387978,883000000,hCoV-19/USA/NY-NYUMC191/2020
169,54,0.110389062577029,40.7189734263023,-73.9337759116265,40.5976835502581,-73.9591912565361,0.160379536489258,0.0499904739122294,2020.19015738551,2020.30054644809,883000000,hCoV-19/USA/NY-NYUMC459/2020
170,171,0.0179640527318685,40.7089919673313,-73.9166951554424,40.729798508825,-73.8757818919439,0.0375972700906067,0.0196332173587382,2020.15980012896,2020.17776418169,883000000,NA
170,176,0.0376931657857756,40.7089919673313,-73.9166951554424,40.7748886316721,-73.9530322332469,0.0573263831445138,0.0196332173587382,2020.15980012896,2020.19749329475,883000000,NA
171,172,0.000754041727070914,40.729798508825,-73.8757818919439,40.7269827439751,-73.8809834334679,0.0383513118176776,0.0375972700906067,2020.17776418169,2020.17851822342,883000000,NA
171,61,0.0845309002786576,40.729798508825,-73.8757818919439,40.6845821862766,-73.7658469216632,0.122128170369264,0.0375972700906067,2020.17776418169,2020.26229508197,883000000,hCoV-19/USA/NY-NYUMC238/2020
172,175,0.00126874515345579,40.7269827439751,-73.8809834334679,40.7424264031459,-73.8671695431832,0.0396200569711334,0.0383513118176776,2020.17851822342,2020.17978696857,883000000,NA
172,173,0.00735379298327843,40.7269827439751,-73.8809834334679,40.7224511543502,-73.8771219576681,0.0457051048009561,0.0383513118176776,2020.17851822342,2020.1858720164,883000000,NA
173,174,0.00945027435782092,40.7224511543502,-73.8771219576681,40.7087878512115,-73.8868739695541,0.055155379158777,0.0457051048009561,2020.1858720164,2020.19532229076,883000000,NA
173,58,0.0463684207583289,40.7224511543502,-73.8771219576681,40.6051641866784,-73.945295817838,0.0920735255592849,0.0457051048009561,2020.1858720164,2020.23224043716,883000000,hCoV-19/USA/NY-NYUMC701/2020
174,57,0.0533115890205365,40.7087878512115,-73.8868739695541,40.8047637852378,-73.9033705317336,0.108466968179313,0.055155379158777,2020.19532229076,2020.24863387978,883000000,hCoV-19/USA/NY-NYUMC160/2020
174,56,0.0369181464005079,40.7087878512115,-73.8868739695541,40.6013802360967,-73.7464622700957,0.0920735255592849,0.055155379158777,2020.19532229076,2020.23224043716,883000000,hCoV-19/USA/NY-NYUMC699/2020
175,59,0.0743113920881167,40.7424264031459,-73.8671695431832,40.7303701647368,-73.8866333601109,0.11393144905925,0.0396200569711334,2020.17978696857,2020.25409836066,883000000,hCoV-19/USA/NY-NYUMC597/2020
175,60,0.06884691120818,40.7424264031459,-73.8671695431832,40.6871946097698,-73.8153140045002,0.108466968179313,0.0396200569711334,2020.17978696857,2020.24863387978,883000000,hCoV-19/USA/NY-NYUMC157/2020
176,63,0.0128892189148059,40.7748886316721,-73.9530322332469,40.7495678171791,-73.9800861732694,0.0702156020593198,0.0573263831445138,2020.19749329475,2020.21038251366,883000000,hCoV-19/USA/NY-NYUMC675/2020
176,62,0.0320149019746891,40.7748886316721,-73.9530322332469,40.7137979627257,-73.9636700734799,0.0893412851192029,0.0573263831445138,2020.19749329475,2020.22950819672,883000000,hCoV-19/USA/NY-NYUMC817/2020
177,179,0.0046632397071158,40.7484621481384,-73.9220712174193,40.7554935325098,-73.9076300935455,0.0163444444121062,0.0116812047049904,2020.15184811631,2020.15651135601,883000000,NA
177,178,0.028448129978391,40.7484621481384,-73.9220712174193,40.7413171783973,-73.9183760834181,0.0401293346833814,0.0116812047049904,2020.15184811631,2020.18029624628,883000000,NA
178,64,0.0300862673759384,40.7413171783973,-73.9183760834181,40.7499442186665,-73.7836788835903,0.0702156020593198,0.0401293346833814,2020.18029624628,2020.21038251366,883000000,hCoV-19/USA/NY-NYUMC664/2020
178,65,0.0519441908759035,40.7413171783973,-73.9183760834181,40.7411476384798,-73.8762826664071,0.0920735255592849,0.0401293346833814,2020.18029624628,2020.23224043716,883000000,hCoV-19/USA/NY-NYUMC718/2020
179,68,0.0538711576472136,40.7554935325098,-73.9076300935455,40.8181614505972,-73.9122826088561,0.0702156020593198,0.0163444444121062,2020.15651135601,2020.21038251366,883000000,hCoV-19/USA/NY-NYUMC98/2020
179,180,0.00359645327008029,40.7554935325098,-73.9076300935455,40.7454576462377,-73.9155040672134,0.0199408976821865,0.0163444444121062,2020.15651135601,2020.16010780928,883000000,NA
180,67,0.0475424639370512,40.7454576462377,-73.9155040672134,40.6400722120113,-73.9457357415987,0.0674833616192377,0.0199408976821865,2020.16010780928,2020.20765027322,883000000,hCoV-19/USA/NY-NYUMC14/2020
180,66,0.0502747043771333,40.7454576462377,-73.9155040672134,40.8382009170989,-73.9312211632961,0.0702156020593198,0.0199408976821865,2020.16010780928,2020.21038251366,883000000,hCoV-19/USA/NY-NYUMC58/2020
181,182,0.000915586358432557,40.7090134159244,-73.9666016070664,40.7164740150434,-73.963399060613,0.014287969021727,0.0133723826632944,2020.15353929426,2020.15445488062,883000000,NA
181,195,0.0354564222037407,40.7090134159244,-73.9666016070664,40.6649659366347,-73.8917088114875,0.0488288048670351,0.0133723826632944,2020.15353929426,2020.18899571647,883000000,NA
182,69,0.167949490957492,40.7164740150434,-73.963399060613,40.6682835155714,-73.9355470017412,0.182237459979219,0.014287969021727,2020.15445488062,2020.32240437158,883000000,hCoV-19/USA/NY-NYUMC896/2020
182,183,0.0247976332513682,40.7164740150434,-73.963399060613,40.7201257236377,-73.9978457868155,0.0390856022730952,0.014287969021727,2020.15445488062,2020.17925251387,883000000,NA
183,184,0.000889011852999028,40.7201257236377,-73.9978457868155,40.7128400520384,-74.0076967534757,0.0399746141260942,0.0390856022730952,2020.17925251387,2020.18014152573,883000000,NA
183,187,0.000481109392374252,40.7201257236377,-73.9978457868155,40.7211604374695,-74.0043886542128,0.0395667116654694,0.0390856022730952,2020.17925251387,2020.17973362327,883000000,NA
184,185,0.00409903753077789,40.7128400520384,-74.0076967534757,40.7296238780159,-74.0134855400535,0.0440736516568721,0.0399746141260942,2020.18014152573,2020.18424056326,883000000,NA
184,73,0.0848857966732478,40.7128400520384,-74.0076967534757,40.6289392470886,-73.9693845048174,0.124860410799342,0.0399746141260942,2020.18014152573,2020.2650273224,883000000,hCoV-19/USA/NY-NYUMC334/2020
185,186,0.0063160019601711,40.7296238780159,-74.0134855400535,40.7456991294258,-74.0003864664883,0.0503896536170432,0.0440736516568721,2020.18424056326,2020.19055656522,883000000,NA
185,70,0.0835189995823245,40.7296238780159,-74.0134855400535,40.7292584972648,-73.983377992749,0.127592651239197,0.0440736516568721,2020.18424056326,2020.26775956284,883000000,hCoV-19/USA/NY-NYUMC342/2020
186,72,0.0170937080021946,40.7456991294258,-74.0003864664883,40.7302798560701,-74.0029744895201,0.0674833616192377,0.0503896536170432,2020.19055656522,2020.20765027322,883000000,hCoV-19/USA/NY-NYUMC27/2020
186,71,0.0252904293222133,40.7456991294258,-74.0003864664883,40.7247334078784,-74.0060562228725,0.0756800829392564,0.0503896536170432,2020.19055656522,2020.21584699454,883000000,hCoV-19/USA/NY-NYUMC689/2020
187,188,0.0027981240768184,40.7211604374695,-74.0043886542128,40.7036465702042,-73.9911673668524,0.0423648357422878,0.0395667116654694,2020.17973362327,2020.18253174734,883000000,NA
187,190,0.00101567534467323,40.7211604374695,-74.0043886542128,40.71680192226,-74.0017579824884,0.0405823870101426,0.0395667116654694,2020.17973362327,2020.18074929861,883000000,NA
188,74,0.104353498557019,40.7036465702042,-73.9911673668524,40.6942875495834,-73.9495779390877,0.146718334299307,0.0423648357422878,2020.18253174734,2020.2868852459,883000000,hCoV-19/USA/NY-NYUMC464/2020
188,189,0.0187389485259009,40.7036465702042,-73.9911673668524,40.7014993667788,-73.9899027304024,0.0611037842681887,0.0423648357422878,2020.18253174734,2020.20127069587,883000000,NA
189,76,0.0500954243509794,40.7014993667788,-73.9899027304024,40.61374825758,-73.9830117090132,0.111199208619168,0.0611037842681887,2020.20127069587,2020.25136612022,883000000,hCoV-19/USA/NY-NYUMC634/2020
189,75,0.0309697412910962,40.7014993667788,-73.9899027304024,40.6878880133701,-73.9745991290114,0.0920735255592849,0.0611037842681887,2020.20127069587,2020.23224043716,883000000,hCoV-19/USA/NY-NYUMC917/2020
190,191,0.000346840981101465,40.71680192226,-74.0017579824884,40.7220212400245,-73.9978546108096,0.0409292279912441,0.0405823870101426,2020.18074929861,2020.18109613959,883000000,NA
190,82,0.0296332150491771,40.71680192226,-74.0017579824884,40.6219768476312,-74.0362136521176,0.0702156020593198,0.0405823870101426,2020.18074929861,2020.21038251366,883000000,hCoV-19/USA/NY-NYUMC924/2020
191,193,0.00778315755588854,40.7220212400245,-73.9978546108096,40.6966741495982,-73.9945485078135,0.0487123855471326,0.0409292279912441,2020.18109613959,2020.18887929715,883000000,NA
191,192,0.00806068124917547,40.7220212400245,-73.9978546108096,40.6794201353515,-74.0168796356421,0.0489899092404196,0.0409292279912441,2020.18109613959,2020.18915682084,883000000,NA
192,77,0.0622092993787485,40.6794201353515,-74.0168796356421,40.7441382114543,-73.9943830602391,0.111199208619168,0.0489899092404196,2020.18915682084,2020.25136612022,883000000,hCoV-19/USA/NY-NYUMC608/2020
192,78,0.0212256928189002,40.6794201353515,-74.0168796356421,40.6336784001767,-74.0143189051405,0.0702156020593198,0.0489899092404196,2020.18915682084,2020.21038251366,883000000,hCoV-19/USA/NY-NYUMC97/2020
193,194,0.00111297809833782,40.6966741495982,-73.9945485078135,40.6891235281458,-73.9959679506878,0.0498253636454705,0.0487123855471326,2020.18887929715,2020.18999227525,883000000,NA
193,81,0.0433611400121523,40.6966741495982,-73.9945485078135,40.7062363392504,-74.0065911505287,0.0920735255592849,0.0487123855471326,2020.18887929715,2020.23224043716,883000000,hCoV-19/USA/NY-NYUMC722/2020
194,80,0.0176579979737673,40.6891235281458,-73.9959679506878,40.7089801120876,-74.0001597853612,0.0674833616192377,0.0498253636454705,2020.18999227525,2020.20765027322,883000000,hCoV-19/USA/NY-NYUMC13/2020
194,79,0.0422481619138145,40.6891235281458,-73.9959679506878,40.6197801895252,-74.0207088509375,0.0920735255592849,0.0498253636454705,2020.18999227525,2020.23224043716,883000000,hCoV-19/USA/NY-NYUMC782/2020
195,84,0.111550731622223,40.6649659366347,-73.8917088114875,40.6967110755991,-73.8836825314943,0.160379536489258,0.0488288048670351,2020.18899571647,2020.30054644809,883000000,hCoV-19/USA/NY-NYUMC456/2020
195,83,0.0459769611321045,40.6649659366347,-73.8917088114875,40.6810491288933,-73.762050467689,0.0948057659991396,0.0488288048670351,2020.18899571647,2020.2349726776,883000000,hCoV-19/USA/NY-NYUMC767/2020
196,87,0.0885525800792714,40.764113151457,-73.9005304559948,40.7482719487499,-73.8752786013116,0.108466968179313,0.019914388100042,2020.1600812997,2020.24863387978,883000000,hCoV-19/USA/NY-NYUMC187/2020
196,197,0.0198169466771026,40.764113151457,-73.9005304559948,40.7963347224755,-73.9059211152212,0.0397313347771446,0.019914388100042,2020.1600812997,2020.17989824638,883000000,NA
197,86,0.0632711525320092,40.7963347224755,-73.9059211152212,40.8962883753214,-73.8488124646681,0.103002487309154,0.0397313347771446,2020.17989824638,2020.24316939891,883000000,hCoV-19/USA/NY-NYUMC681/2020
197,85,0.0304842672821752,40.7963347224755,-73.9059211152212,40.8281941179378,-73.9267616846938,0.0702156020593198,0.0397313347771446,2020.17989824638,2020.21038251366,883000000,hCoV-19/USA/NY-NYUMC78/2020
198,199,0.00235114961895214,40.7324710450203,-73.9199777021882,40.7449589799648,-73.9207021747949,0.002841521744362,0.000490372125409866,2020.14065728373,2020.14300843335,883000000,NA
198,219,0.00504526449092851,40.7324710450203,-73.9199777021882,40.7523919660833,-73.9167356773506,0.00553563661633838,0.000490372125409866,2020.14065728373,2020.14570254822,883000000,NA
199,200,0.0077870062241889,40.7449589799648,-73.9207021747949,40.7717625645029,-73.9118381104671,0.0106285279685509,0.002841521744362,2020.14300843335,2020.15079543957,883000000,NA
199,208,0.00198387304979825,40.7449589799648,-73.9207021747949,40.7664937733809,-73.9047192624701,0.00482539479416025,0.002841521744362,2020.14300843335,2020.1449923064,883000000,NA
200,204,0.00951691244412467,40.7717625645029,-73.9118381104671,40.7545680586753,-73.9166721529454,0.0201454404126756,0.0106285279685509,2020.15079543957,2020.16031235201,883000000,NA
200,201,0.00892998977401596,40.7717625645029,-73.9118381104671,40.7866779012198,-73.9424856037455,0.0195585177425669,0.0106285279685509,2020.15079543957,2020.15972542934,883000000,NA
201,202,0.0225998499044134,40.7866779012198,-73.9424856037455,40.7370939717457,-73.9638685495089,0.0421583676469803,0.0195585177425669,2020.15972542934,2020.18232527925,883000000,NA
201,88,0.0916406908766012,40.7866779012198,-73.9424856037455,40.8549837905493,-73.9258289253539,0.111199208619168,0.0195585177425669,2020.15972542934,2020.25136612022,883000000,hCoV-19/USA/NY-NYUMC685/2020
202,89,0.153740294522189,40.7370939717457,-73.9638685495089,40.7335534857999,-73.9756898436462,0.19589866216917,0.0421583676469803,2020.18232527925,2020.33606557377,883000000,hCoV-19/USA/NY-NYUMC843/2020
202,203,0.00883280103442458,40.7370939717457,-73.9638685495089,40.7273836549916,-73.985785287463,0.0509911686814049,0.0421583676469803,2020.18232527925,2020.19115808028,883000000,NA
203,90,0.0192244333779149,40.7273836549916,-73.985785287463,40.7475864907637,-73.9715309611186,0.0702156020593198,0.0509911686814049,2020.19115808028,2020.21038251366,883000000,hCoV-19/USA/NY-NYUMC672/2020
203,91,0.0766014825577918,40.7273836549916,-73.985785287463,40.6148627871518,-74.0331606258555,0.127592651239197,0.0509911686814049,2020.19115808028,2020.26775956284,883000000,hCoV-19/USA/NY-NYUMC338/2020
204,205,0.0144582400447631,40.7545680586753,-73.9166721529454,40.7396404954679,-73.9091813693153,0.0346036804574387,0.0201454404126756,2020.16031235201,2020.17477059206,883000000,NA
204,96,0.0500701616466442,40.7545680586753,-73.9166721529454,40.7572901348535,-73.9655665245418,0.0702156020593198,0.0201454404126756,2020.16031235201,2020.21038251366,883000000,hCoV-19/USA/NY-NYUMC65/2020
205,206,0.0109995217682524,40.7396404954679,-73.9091813693153,40.7475019483869,-73.9154101532598,0.0456032022256912,0.0346036804574387,2020.17477059206,2020.18577011383,883000000,NA
205,92,0.0738632877218747,40.7396404954679,-73.9091813693153,40.5852948267358,-73.951003045517,0.108466968179313,0.0346036804574387,2020.17477059206,2020.24863387978,883000000,hCoV-19/USA/NY-NYUMC155/2020
206,95,0.0573992850834627,40.7475019483869,-73.9154101532598,40.8819720108401,-73.866318883948,0.103002487309154,0.0456032022256912,2020.18577011383,2020.24316939891,883000000,hCoV-19/USA/NY-NYUMC517/2020
206,207,0.0128071275150629,40.7475019483869,-73.9154101532598,40.7588437488686,-73.9032477794717,0.058410329740754,0.0456032022256912,2020.18577011383,2020.19857724134,883000000,NA
207,94,0.0910402449984078,40.7588437488686,-73.9032477794717,40.7504093691795,-73.9792710885346,0.149450574739162,0.058410329740754,2020.19857724134,2020.28961748634,883000000,hCoV-19/USA/NY-NYUMC427/2020
207,93,0.0500566384385594,40.7588437488686,-73.9032477794717,40.7685584239299,-73.8784796049089,0.108466968179313,0.058410329740754,2020.19857724134,2020.24863387978,883000000,hCoV-19/USA/NY-NYUMC193/2020
208,209,0.0033525299933726,40.7664937733809,-73.9047192624701,40.6963395255658,-73.9181745875057,0.00817792478753285,0.00482539479416025,2020.1449923064,2020.14834483639,883000000,NA
208,216,0.00789874753186712,40.7664937733809,-73.9047192624701,40.7504068381032,-73.9343131466681,0.0127241423260274,0.00482539479416025,2020.1449923064,2020.15289105393,883000000,NA
209,210,0.00281188967024432,40.6963395255658,-73.9181745875057,40.730832339605,-73.8768839294103,0.0109898144577772,0.00817792478753285,2020.14834483639,2020.15115672606,883000000,NA
209,104,0.100289043391781,40.6963395255658,-73.9181745875057,40.7840291556198,-73.7778524648704,0.108466968179313,0.00817792478753285,2020.14834483639,2020.24863387978,883000000,hCoV-19/USA/NY-NYUMC593/2020
210,211,0.0223848578271153,40.730832339605,-73.8768839294103,40.7510698875975,-73.881782874904,0.0333746722848925,0.0109898144577772,2020.15115672606,2020.17354158389,883000000,NA
210,103,0.0592257876015426,40.730832339605,-73.8768839294103,40.7053329849345,-73.9808793873339,0.0702156020593198,0.0109898144577772,2020.15115672606,2020.21038251366,883000000,hCoV-19/USA/NY-NYUMC225/2020
211,102,0.127004864204366,40.7510698875975,-73.881782874904,40.7669725010674,-73.8104108821342,0.160379536489258,0.0333746722848925,2020.17354158389,2020.30054644809,883000000,hCoV-19/USA/NY-NYUMC436/2020
211,212,0.00121183284963791,40.7510698875975,-73.881782874904,40.7615917192735,-73.89136236533,0.0345865051345304,0.0333746722848925,2020.17354158389,2020.17475341674,883000000,NA
212,213,0.00582633331475163,40.7615917192735,-73.89136236533,40.7742238944439,-73.8783346437334,0.040412838449282,0.0345865051345304,2020.17475341674,2020.18057975005,883000000,NA
212,215,0.0198784620716158,40.7615917192735,-73.89136236533,40.8059751523552,-73.8719404875164,0.0544649672061462,0.0345865051345304,2020.17475341674,2020.19463187881,883000000,NA
213,97,0.0298027636100377,40.7742238944439,-73.8783346437334,40.7267660640199,-73.8560862957384,0.0702156020593198,0.040412838449282,2020.18057975005,2020.21038251366,883000000,hCoV-19/USA/NY-NYUMC922/2020
213,214,0.00900359854959706,40.7742238944439,-73.8783346437334,40.7668637373282,-73.8920354643465,0.0494164369988791,0.040412838449282,2020.18057975005,2020.1895833486,883000000,NA
214,98,0.0207991650604407,40.7668637373282,-73.8920354643465,40.7169856494059,-73.9271704369447,0.0702156020593198,0.0494164369988791,2020.1895833486,2020.21038251366,883000000,hCoV-19/USA/NY-NYUMC119/2020
214,99,0.0453893290002605,40.7668637373282,-73.8920354643465,40.8177010134899,-73.8312716311785,0.0948057659991396,0.0494164369988791,2020.1895833486,2020.2349726776,883000000,hCoV-19/USA/NY-NYUMC825/2020
215,100,0.0540020009731673,40.8059751523552,-73.8719404875164,40.8299470562498,-73.9078920040658,0.108466968179313,0.0544649672061462,2020.19463187881,2020.24863387978,883000000,hCoV-19/USA/NY-NYUMC199/2020
215,101,0.105914569283112,40.8059751523552,-73.8719404875164,40.7625124536136,-73.8181364491275,0.160379536489258,0.0544649672061462,2020.19463187881,2020.30054644809,883000000,hCoV-19/USA/NY-NYUMC462/2020
216,105,0.0902783449831265,40.7504068381032,-73.9343131466681,40.8918671142442,-73.8595977191749,0.103002487309154,0.0127241423260274,2020.15289105393,2020.24316939891,883000000,hCoV-19/USA/NY-NYUMC524/2020
216,217,0.0304250867276736,40.7504068381032,-73.9343131466681,40.7179103250405,-73.9266697777775,0.043149229053701,0.0127241423260274,2020.15289105393,2020.18331614065,883000000,NA
217,108,0.0707822200055491,40.7179103250405,-73.9266697777775,40.6574726980519,-73.9084473050704,0.11393144905925,0.043149229053701,2020.18331614065,2020.25409836066,883000000,hCoV-19/USA/NY-NYUMC642/2020
217,218,0.00755486803894009,40.7179103250405,-73.9266697777775,40.7241193311537,-73.9515872616906,0.0507040970926411,0.043149229053701,2020.18331614065,2020.19087100869,883000000,NA
218,106,0.093281996766584,40.7241193311537,-73.9515872616906,40.6700248479394,-73.9902803374386,0.143986093859225,0.0507040970926411,2020.19087100869,2020.28415300546,883000000,hCoV-19/USA/NY-NYUMC446/2020
218,107,0.0413694284666438,40.7241193311537,-73.9515872616906,40.7214057032357,-73.7989507193224,0.0920735255592849,0.0507040970926411,2020.19087100869,2020.23224043716,883000000,hCoV-19/USA/NY-NYUMC706/2020
219,110,0.102931331562975,40.7523919660833,-73.9167356773506,40.821853079012,-73.8728960823823,0.108466968179313,0.00553563661633838,2020.14570254822,2020.24863387978,883000000,hCoV-19/USA/NY-NYUMC161/2020
219,109,0.0619477250028994,40.7523919660833,-73.9167356773506,40.7785762122093,-73.8201928720758,0.0674833616192377,0.00553563661633838,2020.14570254822,2020.20765027322,883000000,hCoV-19/USA/NY-NYUMC28/2020
