node1,node2,length,startLat,startLon,endLat,endLon,endNodeL,startNodeL,startYear,endYear,treeID,tipLabel
111,112,0.0118614356107455,40.7804428157145,-73.8762705639099,40.7382661525155,-73.9090326137375,0.0118614356107455,0,2020.14285554415,2020.15471697977,374500000,NA
111,127,0.00598025040478492,40.7804428157145,-73.8762705639099,40.7817329946232,-73.8983843460049,0.00598025040478492,0,2020.14285554415,2020.14883579456,374500000,NA
112,113,0.00306299483807562,40.7382661525155,-73.9090326137375,40.758225246038,-73.8871506254925,0.0149244304488211,0.0118614356107455,2020.15471697977,2020.1577799746,374500000,NA
112,121,0.0110550656298743,40.7382661525155,-73.9090326137375,40.750871048177,-73.9220027909715,0.0229165012406198,0.0118614356107455,2020.15471697977,2020.1657720454,374500000,NA
113,119,0.00809676051255107,40.758225246038,-73.8871506254925,40.7365925147351,-73.89527280796,0.0230211909613722,0.0149244304488211,2020.1577799746,2020.16587673512,374500000,NA
113,114,0.00762172903246155,40.758225246038,-73.8871506254925,40.7762515583306,-73.9142013036059,0.0225461594812827,0.0149244304488211,2020.1577799746,2020.16540170364,374500000,NA
114,1,0.0804999356999082,40.7762515583306,-73.9142013036059,40.7790452494831,-73.9093402245291,0.103046095181191,0.0225461594812827,2020.16540170364,2020.24590163934,374500000,hCoV-19/USA/NY-NYUMC589/2020
114,115,0.000509009271607408,40.7762515583306,-73.9142013036059,40.7876310613726,-73.9149699138844,0.0230551687528901,0.0225461594812827,2020.16540170364,2020.16591071291,374500000,NA
115,116,0.00064234078571046,40.7876310613726,-73.9149699138844,40.7801295742575,-73.926514715569,0.0236975095386005,0.0230551687528901,2020.16591071291,2020.16655305369,374500000,NA
115,6,0.0772586859982232,40.7876310613726,-73.9149699138844,40.6978435816112,-73.9920923338634,0.100313854751113,0.0230551687528901,2020.16591071291,2020.24316939891,374500000,hCoV-19/USA/NY-NYUMC319/2020
116,5,0.0820808260826723,40.7801295742575,-73.926514715569,40.7840291556198,-73.7778524648704,0.105778335621273,0.0236975095386005,2020.16655305369,2020.24863387978,374500000,hCoV-19/USA/NY-NYUMC593/2020
116,117,0.0208890634817432,40.7801295742575,-73.926514715569,40.80330284895,-73.8718714870345,0.0445865730203437,0.0236975095386005,2020.16655305369,2020.18744211718,374500000,NA
117,118,0.00680705864895165,40.80330284895,-73.8718714870345,40.7765668903015,-73.8886369493754,0.0513936316692953,0.0445865730203437,2020.18744211718,2020.19424917582,374500000,NA
117,4,0.0611917626009292,40.80330284895,-73.8718714870345,40.8299470562498,-73.9078920040658,0.105778335621273,0.0445865730203437,2020.18744211718,2020.24863387978,374500000,hCoV-19/USA/NY-NYUMC199/2020
118,2,0.106297272261922,40.7765668903015,-73.8886369493754,40.7669725010674,-73.8104108821342,0.157690903931217,0.0513936316692953,2020.19424917582,2020.30054644809,374500000,hCoV-19/USA/NY-NYUMC436/2020
118,3,0.0407235017718036,40.7765668903015,-73.8886369493754,40.8177010134899,-73.8312716311785,0.092117133441099,0.0513936316692953,2020.19424917582,2020.2349726776,374500000,hCoV-19/USA/NY-NYUMC825/2020
119,9,0.0772926637897411,40.7365925147351,-73.89527280796,40.8918671142442,-73.8595977191749,0.100313854751113,0.0230211909613722,2020.16587673512,2020.24316939891,374500000,hCoV-19/USA/NY-NYUMC524/2020
119,120,0.0290356238485085,40.7365925147351,-73.89527280796,40.7253715135727,-73.8903995479922,0.0520568148098806,0.0230211909613722,2020.16587673512,2020.19491235896,374500000,NA
120,7,0.0400603186312183,40.7253715135727,-73.8903995479922,40.5886407162506,-73.9711411966013,0.092117133441099,0.0520568148098806,2020.19491235896,2020.2349726776,374500000,hCoV-19/USA/NY-NYUMC796/2020
120,8,0.0373280781913637,40.7253715135727,-73.8903995479922,40.7214057032357,-73.7989507193224,0.0893848930012443,0.0520568148098806,2020.19491235896,2020.23224043716,374500000,hCoV-19/USA/NY-NYUMC706/2020
121,122,0.00587105910249114,40.750871048177,-73.9220027909715,40.7582464859173,-73.8956929828401,0.0287875603431109,0.0229165012406198,2020.1657720454,2020.1716431045,374500000,NA
121,125,0.0242199944060656,40.750871048177,-73.9220027909715,40.7907122806698,-73.9096298178228,0.0471364956466854,0.0229165012406198,2020.1657720454,2020.1899920398,374500000,NA
122,124,0.0172597788829539,40.7582464859173,-73.8956929828401,40.7150819112406,-73.8985896015346,0.0460473392260647,0.0287875603431109,2020.1716431045,2020.18890288338,374500000,NA
122,123,0.0224500926642135,40.7582464859173,-73.8956929828401,40.706386620891,-73.911079402732,0.0512376530073244,0.0287875603431109,2020.1716431045,2020.19409319716,374500000,NA
123,11,0.0490762017437888,40.706386620891,-73.911079402732,40.8819720108401,-73.866318883948,0.100313854751113,0.0512376530073244,2020.19409319716,2020.24316939891,374500000,hCoV-19/USA/NY-NYUMC517/2020
123,10,0.0545406826139484,40.706386620891,-73.911079402732,40.7685584239299,-73.8784796049089,0.105778335621273,0.0512376530073244,2020.19409319716,2020.24863387978,374500000,hCoV-19/USA/NY-NYUMC193/2020
124,12,0.0925178816450422,40.7150819112406,-73.8985896015346,40.6567039733594,-73.8693522558567,0.138565220871107,0.0460473392260647,2020.18890288338,2020.28142076503,374500000,hCoV-19/USA/NY-NYUMC394/2020
124,13,0.0406053133350976,40.7150819112406,-73.8985896015346,40.6274803931168,-74.0026948483706,0.0866526525611623,0.0460473392260647,2020.18890288338,2020.22950819672,374500000,hCoV-19/USA/NY-NYUMC826/2020
125,126,0.00557991236031039,40.7907122806698,-73.9096298178228,40.7612329213401,-73.9300946380572,0.0527164080069958,0.0471364956466854,2020.1899920398,2020.19557195216,374500000,NA
125,14,0.0531773591044278,40.7907122806698,-73.9096298178228,40.7703629277398,-73.9485793622217,0.100313854751113,0.0471364956466854,2020.1899920398,2020.24316939891,374500000,hCoV-19/USA/NY-NYUMC312/2020
126,16,0.0557941680541317,40.7612329213401,-73.9300946380572,40.8711540442832,-73.9180528692027,0.108510576061127,0.0527164080069958,2020.19557195216,2020.25136612022,374500000,hCoV-19/USA/NY-NYUMC620/2020
126,15,0.0940455341741254,40.7612329213401,-73.9300946380572,40.7504093691795,-73.9792710885346,0.146761942181121,0.0527164080069958,2020.19557195216,2020.28961748634,374500000,hCoV-19/USA/NY-NYUMC427/2020
127,128,0.00718039011291147,40.7817329946232,-73.8983843460049,40.8121688272106,-73.9208252803428,0.0131606405176964,0.00598025040478492,2020.14883579456,2020.15601618467,374500000,NA
127,140,0.000465124163727099,40.7817329946232,-73.8983843460049,40.7671730241375,-73.9053122316336,0.00644537456851202,0.00598025040478492,2020.14883579456,2020.14930091872,374500000,NA
128,138,0.00987898799018957,40.8121688272106,-73.9208252803428,40.6955360693451,-73.9116785723543,0.023039628507886,0.0131606405176964,2020.15601618467,2020.16589517266,374500000,NA
128,129,0.00518238221680462,40.8121688272106,-73.9208252803428,40.8374188245833,-73.9117419025987,0.018343022734501,0.0131606405176964,2020.15601618467,2020.16119856689,374500000,NA
129,132,0.0028977610798821,40.8374188245833,-73.9117419025987,40.8208060681731,-73.9178384442057,0.0212407838143831,0.018343022734501,2020.16119856689,2020.16409632797,374500000,NA
129,130,0.00395263184212033,40.8374188245833,-73.9117419025987,40.8882161908486,-73.8865012173967,0.0222956545766213,0.018343022734501,2020.16119856689,2020.16515119873,374500000,NA
130,17,0.0971438832346024,40.8882161908486,-73.8865012173967,40.6720286393196,-73.8064605127022,0.119439537811224,0.0222956545766213,2020.16515119873,2020.26229508197,374500000,hCoV-19/USA/NY-NYUMC234/2020
130,131,0.0224076113532787,40.8882161908486,-73.8865012173967,40.8422421358695,-73.8825128940088,0.0447032659299,0.0222956545766213,2020.16515119873,2020.18755881008,374500000,NA
131,19,0.0993264358113665,40.8422421358695,-73.8825128940088,40.7852812644379,-73.927225857349,0.144029701741267,0.0447032659299,2020.18755881008,2020.2868852459,374500000,hCoV-19/USA/NY-NYUMC447/2020
131,18,0.0228237035713791,40.8422421358695,-73.8825128940088,40.8762876680981,-73.9026105215071,0.0675269695012791,0.0447032659299,2020.18755881008,2020.21038251366,374500000,hCoV-19/USA/NY-NYUMC38/2020
132,137,0.00844576674529257,40.8208060681731,-73.9178384442057,40.8775385664142,-73.9211821051556,0.0296865505596757,0.0212407838143831,2020.16409632797,2020.17254209471,374500000,NA
132,133,0.000838371330506238,40.8208060681731,-73.9178384442057,40.8192645007609,-73.9219395456703,0.0220791551448893,0.0212407838143831,2020.16409632797,2020.1649346993,374500000,NA
133,136,0.000761025192306419,40.8192645007609,-73.9219395456703,40.8179762620586,-73.9126265180089,0.0228401803371958,0.0220791551448893,2020.1649346993,2020.16569572449,374500000,NA
133,134,0.000374698764622344,40.8192645007609,-73.9219395456703,40.8193075864994,-73.9221085984842,0.0224538539095117,0.0220791551448893,2020.1649346993,2020.16530939806,374500000,NA
134,20,0.0860567221516158,40.8193075864994,-73.9221085984842,40.7372474897535,-73.8360832900241,0.108510576061127,0.0224538539095117,2020.16530939806,2020.25136612022,374500000,hCoV-19/USA/NY-NYUMC647/2020
134,135,0.0238569196818663,40.8193075864994,-73.9221085984842,40.8104219480717,-73.8789363699566,0.0463107735913779,0.0224538539095117,2020.16530939806,2020.18916631775,374500000,NA
135,22,0.11138013033984,40.8104219480717,-73.8789363699566,40.8802618065014,-73.9136062455795,0.157690903931217,0.0463107735913779,2020.18916631775,2020.30054644809,374500000,hCoV-19/USA/NY-NYUMC457/2020
135,21,0.0540030811597353,40.8104219480717,-73.8789363699566,40.8771773797914,-73.8691373798826,0.100313854751113,0.0463107735913779,2020.18916631775,2020.24316939891,374500000,hCoV-19/USA/NY-NYUMC549/2020
136,24,0.134850723594022,40.8179762620586,-73.9126265180089,40.6685054548865,-73.8290085446559,0.157690903931217,0.0228401803371958,2020.16569572449,2020.30054644809,374500000,hCoV-19/USA/NY-NYUMC455/2020
136,23,0.0419545487240014,40.8179762620586,-73.9126265180089,40.7785762122093,-73.8201928720758,0.0647947290611971,0.0228401803371958,2020.16569572449,2020.20765027322,374500000,hCoV-19/USA/NY-NYUMC28/2020
137,25,0.108878670311431,40.8775385664142,-73.9211821051556,40.7463730381282,-73.9820105444655,0.138565220871107,0.0296865505596757,2020.17254209471,2020.28142076503,374500000,hCoV-19/USA/NY-NYUMC398/2020
137,26,0.0596983424415687,40.8775385664142,-73.9211821051556,40.6489716120887,-73.8504584581818,0.0893848930012443,0.0296865505596757,2020.17254209471,2020.23224043716,374500000,hCoV-19/USA/NY-NYUMC732/2020
138,29,0.183831603293421,40.6955360693451,-73.9116785723543,40.8185649072773,-73.8731335848325,0.206871231801307,0.023039628507886,2020.16589517266,2020.34972677596,374500000,hCoV-19/USA/NY-NYUMC914/2020
138,139,0.000462145620528431,40.6955360693451,-73.9116785723543,40.6925903732401,-73.9175973363146,0.0235017741284144,0.023039628507886,2020.16589517266,2020.16635731828,374500000,NA
139,28,0.0959377636828094,40.6925903732401,-73.9175973363146,40.5613580548334,-73.9190732861445,0.119439537811224,0.0235017741284144,2020.16635731828,2020.26229508197,374500000,hCoV-19/USA/NY-NYUMC240/2020
139,27,0.0877410423727951,40.6925903732401,-73.9175973363146,40.5931745303049,-73.7726750441845,0.11124281650121,0.0235017741284144,2020.16635731828,2020.25409836066,374500000,hCoV-19/USA/NY-NYUMC603/2020
140,195,0.00519973049354264,40.7671730241375,-73.9053122316336,40.7539319846173,-73.916435320161,0.0116451050620547,0.00644537456851202,2020.14930091872,2020.15450064922,374500000,NA
140,141,0.0032219394604712,40.7671730241375,-73.9053122316336,40.7511164191695,-73.9126059756344,0.00966731402898321,0.00644537456851202,2020.14930091872,2020.15252285818,374500000,NA
141,169,0.00648417661869655,40.7511164191695,-73.9126059756344,40.7185687893519,-73.9292007068879,0.0161514906476798,0.00966731402898321,2020.15252285818,2020.1590070348,374500000,NA
141,142,0.00142082380373143,40.7511164191695,-73.9126059756344,40.7360696750289,-73.920167096864,0.0110881378327146,0.00966731402898321,2020.15252285818,2020.15394368199,374500000,NA
142,143,0.00854249921161532,40.7360696750289,-73.920167096864,40.8198433423567,-73.9335487070505,0.01963063704433,0.0110881378327146,2020.15394368199,2020.1624861812,374500000,NA
142,150,0.00859305897180881,40.7360696750289,-73.920167096864,40.7579798170967,-73.9116559203656,0.0196811968045235,0.0110881378327146,2020.15394368199,2020.16253674096,374500000,NA
143,149,0.0307485967160235,40.8198433423567,-73.9335487070505,40.8498481814574,-73.9279684021917,0.0503792337603535,0.01963063704433,2020.1624861812,2020.19323477792,374500000,NA
143,144,0.0031000561424766,40.8198433423567,-73.9335487070505,40.8157831603593,-73.9436076030184,0.0227306931868066,0.01963063704433,2020.1624861812,2020.16558623734,374500000,NA
144,146,0.0253915434648952,40.8157831603593,-73.9436076030184,40.8431286771706,-73.8850384647577,0.0481222366517018,0.0227306931868066,2020.16558623734,2020.19097778081,374500000,NA
144,145,0.000364391946545389,40.8157831603593,-73.9436076030184,40.8078183554199,-73.9486314519969,0.023095085133352,0.0227306931868066,2020.16558623734,2020.16595062929,374500000,NA
145,30,0.0881477313678576,40.8078183554199,-73.9486314519969,40.6288553973435,-73.9998588531161,0.11124281650121,0.023095085133352,2020.16595062929,2020.25409836066,374500000,hCoV-19/USA/NY-NYUMC209/2020
145,31,0.0854154909277755,40.8078183554199,-73.9486314519969,40.7619534591867,-73.9257877196577,0.108510576061127,0.023095085133352,2020.16595062929,2020.25136612022,374500000,hCoV-19/USA/NY-NYUMC594/2020
146,147,0.0015517174287957,40.8431286771706,-73.8850384647577,40.8328016904421,-73.8686515335236,0.0496739540804975,0.0481222366517018,2020.19097778081,2020.19252949824,374500000,NA
146,32,0.0603883394094257,40.8431286771706,-73.8850384647577,40.8501959648434,-73.9046874548666,0.108510576061127,0.0481222366517018,2020.19097778081,2020.25136612022,374500000,hCoV-19/USA/NY-NYUMC613/2020
147,33,0.0506399006706157,40.8328016904421,-73.8686515335236,40.8834703978805,-73.9117501296647,0.100313854751113,0.0496739540804975,2020.19252949824,2020.24316939891,374500000,hCoV-19/USA/NY-NYUMC519/2020
147,148,0.00044455911283689,40.8328016904421,-73.8686515335236,40.8311781066609,-73.8676202748843,0.0501185131933344,0.0496739540804975,2020.19252949824,2020.19297405735,374500000,NA
148,34,0.0583920628677931,40.8311781066609,-73.8676202748843,40.8316369096351,-73.9180837614849,0.108510576061127,0.0501185131933344,2020.19297405735,2020.25136612022,374500000,hCoV-19/USA/NY-NYUMC621/2020
148,35,0.107572390737883,40.8311781066609,-73.8676202748843,40.7602422095494,-73.9217142194898,0.157690903931217,0.0501185131933344,2020.19297405735,2020.30054644809,374500000,hCoV-19/USA/NY-NYUMC469/2020
149,36,0.0499346209907597,40.8498481814574,-73.9279684021917,40.7455704678325,-73.8352579843952,0.100313854751113,0.0503792337603535,2020.19323477792,2020.24316939891,374500000,hCoV-19/USA/NY-NYUMC521/2020
149,37,0.0553991018609193,40.8498481814574,-73.9279684021917,40.7407004445965,-73.9806337802662,0.105778335621273,0.0503792337603535,2020.19323477792,2020.24863387978,374500000,hCoV-19/USA/NY-NYUMC153/2020
150,152,0.000825370403266218,40.7579798170967,-73.9116559203656,40.7503522669207,-73.9159651854754,0.0205065672077897,0.0196811968045235,2020.16253674096,2020.16336211136,374500000,NA
150,151,0.00173444929390737,40.7579798170967,-73.9116559203656,40.7486077317663,-73.8980600560827,0.0214156460984308,0.0196811968045235,2020.16253674096,2020.16427119025,374500000,NA
151,38,0.0707014873426682,40.7486077317663,-73.8980600560827,40.700962746593,-73.8282086309938,0.092117133441099,0.0214156460984308,2020.16427119025,2020.2349726776,374500000,hCoV-19/USA/NY-NYUMC802/2020
151,39,0.0980238917127929,40.7486077317663,-73.8980600560827,40.7554249611612,-73.9308766687067,0.119439537811224,0.0214156460984308,2020.16427119025,2020.26229508197,374500000,hCoV-19/USA/NY-NYUMC291/2020
152,153,0.00118774437863217,40.7503522669207,-73.9159651854754,40.7542346476414,-73.9254322092568,0.0216943115864218,0.0205065672077897,2020.16336211136,2020.16454985574,374500000,NA
152,166,0.00193323996782024,40.7503522669207,-73.9159651854754,40.7347073543653,-73.9217998515504,0.0224398071756099,0.0205065672077897,2020.16336211136,2020.16529535133,374500000,NA
153,154,0.000177964625330901,40.7542346476414,-73.9254322092568,40.7568171700603,-73.9235992917354,0.0218722762117528,0.0216943115864218,2020.16454985574,2020.16472782037,374500000,NA
153,40,0.0458326579148573,40.7542346476414,-73.9254322092568,40.8281941179378,-73.9267616846938,0.0675269695012791,0.0216943115864218,2020.16454985574,2020.21038251366,374500000,hCoV-19/USA/NY-NYUMC78/2020
154,41,0.116692944659354,40.7568171700603,-73.9235992917354,40.8349009397891,-73.8696575822929,0.138565220871107,0.0218722762117528,2020.16472782037,2020.28142076503,374500000,hCoV-19/USA/NY-NYUMC403/2020
154,155,0.00012371268108638,40.7568171700603,-73.9235992917354,40.7555148227423,-73.9258183593249,0.0219959888928391,0.0218722762117528,2020.16472782037,2020.16485153305,374500000,NA
155,164,0.000437534541123885,40.7555148227423,-73.9258183593249,40.7555148568901,-73.9178114649984,0.022433523433963,0.0219959888928391,2020.16485153305,2020.16528906759,374500000,NA
155,156,0.000457996052597942,40.7555148227423,-73.9258183593249,40.7524266113488,-73.9208693822734,0.0224539849454371,0.0219959888928391,2020.16485153305,2020.1653095291,374500000,NA
156,163,0.0233858744242173,40.7524266113488,-73.9208693822734,40.7758468914186,-73.8507423993237,0.0458398593696543,0.0224539849454371,2020.1653095291,2020.18869540352,374500000,NA
156,157,0.00032721259418303,40.7524266113488,-73.9208693822734,40.7566152284891,-73.9322613235794,0.0227811975396201,0.0224539849454371,2020.1653095291,2020.16563674169,374500000,NA
157,158,0.00013237914833894,40.7566152284891,-73.9322613235794,40.7494388513986,-73.9394610513169,0.022913576687959,0.0227811975396201,2020.16563674169,2020.16576912084,374500000,NA
157,42,0.0502102528415957,40.7566152284891,-73.9322613235794,40.6832144193083,-73.7406901212571,0.0729914503812158,0.0227811975396201,2020.16563674169,2020.21584699454,374500000,hCoV-19/USA/NY-NYUMC830/2020
158,159,3.80676213996289e-05,40.7494388513986,-73.9394610513169,40.7491753316701,-73.9390700390997,0.0229516443093587,0.022913576687959,2020.16576912084,2020.16580718846,374500000,NA
158,161,0.00922789826502721,40.7494388513986,-73.9394610513169,40.7156679791365,-73.8837822109616,0.0321414749529862,0.022913576687959,2020.16576912084,2020.17499701911,374500000,NA
159,160,0.0295821688143755,40.7491753316701,-73.9390700390997,40.686702664741,-73.9349123982616,0.0525338131237342,0.0229516443093587,2020.16580718846,2020.19538935728,374500000,NA
159,43,0.0882911721918508,40.7491753316701,-73.9390700390997,40.6448675988566,-74.0129848272053,0.11124281650121,0.0229516443093587,2020.16580718846,2020.25409836066,374500000,hCoV-19/USA/NY-NYUMC217/2020
160,44,0.00679643506753072,40.686702664741,-73.9349123982616,40.6606737193785,-73.9533242942901,0.0593302481912649,0.0525338131237342,2020.19538935728,2020.20218579235,374500000,hCoV-19/USA/NY-NYUMC12/2020
160,45,0.0559767629373933,40.686702664741,-73.9349123982616,40.5933468783976,-73.960198574249,0.108510576061127,0.0525338131237342,2020.19538935728,2020.25136612022,374500000,hCoV-19/USA/NY-NYUMC250/2020
161,162,0.0158418411161398,40.7156679791365,-73.8837822109616,40.7592606305938,-73.8896869245041,0.047983316069126,0.0321414749529862,2020.17499701911,2020.19083886022,374500000,NA
161,46,0.0435822158583072,40.7156679791365,-73.8837822109616,40.6110011019325,-73.7478724655276,0.0757236908112934,0.0321414749529862,2020.17499701911,2020.21857923497,374500000,hCoV-19/USA/NY-NYUMC721/2020
162,48,0.044133817371973,40.7592606305938,-73.8896869245041,40.8479430292651,-73.9198629133241,0.092117133441099,0.047983316069126,2020.19083886022,2020.2349726776,374500000,hCoV-19/USA/NY-NYUMC792/2020
162,47,0.109707587862091,40.7592606305938,-73.8896869245041,40.6494437092484,-73.9454775269545,0.157690903931217,0.047983316069126,2020.19083886022,2020.30054644809,374500000,hCoV-19/USA/NY-NYUMC460/2020
163,50,0.0462772740714446,40.7758468914186,-73.8507423993237,40.7055490812184,-73.744671194876,0.092117133441099,0.0458398593696543,2020.18869540352,2020.2349726776,374500000,hCoV-19/USA/NY-NYUMC774/2020
163,49,0.0817963997515837,40.7758468914186,-73.8507423993237,40.7437375091091,-73.8351008711859,0.127636259121238,0.0458398593696543,2020.18869540352,2020.27049180328,374500000,hCoV-19/USA/NY-NYUMC364/2020
164,165,0.00066128471811866,40.7555148568901,-73.9178114649984,40.766447806374,-73.903990114347,0.0230948081520817,0.022433523433963,2020.16528906759,2020.16595035231,374500000,NA
164,53,0.0778803313171502,40.7555148568901,-73.9178114649984,40.6070066372221,-73.9557923072449,0.100313854751113,0.022433523433963,2020.16528906759,2020.24316939891,374500000,hCoV-19/USA/NY-NYUMC680/2020
165,52,0.0854157679090458,40.766447806374,-73.903990114347,40.8597367133706,-73.886018871727,0.108510576061127,0.0230948081520817,2020.16595035231,2020.25136612022,374500000,hCoV-19/USA/NY-NYUMC607/2020
165,51,0.0444321613491975,40.766447806374,-73.903990114347,40.7523738858961,-73.9833415340605,0.0675269695012791,0.0230948081520817,2020.16595035231,2020.21038251366,374500000,hCoV-19/USA/NY-NYUMC221/2020
166,57,0.0450871623256692,40.7347073543653,-73.9217998515504,40.7762420546567,-73.9067702741432,0.0675269695012791,0.0224398071756099,2020.16529535133,2020.21038251366,374500000,hCoV-19/USA/NY-NYUMC64/2020
166,167,0.000709681345909374,40.7347073543653,-73.9217998515504,40.7148171381048,-73.9289221527766,0.0231494885215193,0.0224398071756099,2020.16529535133,2020.16600503268,374500000,NA
167,54,0.101754530159637,40.7148171381048,-73.9289221527766,40.6112061873269,-73.9869925190621,0.124904018681156,0.0231494885215193,2020.16600503268,2020.26775956284,374500000,hCoV-19/USA/NY-NYUMC362/2020
167,168,0.0270316218744237,40.7148171381048,-73.9289221527766,40.6530282555471,-73.8927609415657,0.050181110395943,0.0231494885215193,2020.16600503268,2020.19303665455,374500000,NA
168,55,0.0938485913453235,40.6530282555471,-73.8927609415657,40.5930372018341,-73.9618404854155,0.144029701741267,0.050181110395943,2020.19303665455,2020.2868852459,374500000,hCoV-19/USA/NY-NYUMC439/2020
168,56,0.0610617061052665,40.6530282555471,-73.8927609415657,40.6914123560652,-73.8232457742389,0.11124281650121,0.050181110395943,2020.19303665455,2020.25409836066,374500000,hCoV-19/USA/NY-NYUMC598/2020
169,194,0.0363832920422404,40.7185687893519,-73.9292007068879,40.7181954697629,-73.7677324636833,0.0525347826899202,0.0161514906476798,2020.1590070348,2020.19539032684,374500000,NA
169,170,0.00485969903361519,40.7185687893519,-73.9292007068879,40.6823025681539,-73.9695740180318,0.021011189681295,0.0161514906476798,2020.1590070348,2020.16386673384,374500000,NA
170,177,0.000962564922820014,40.6823025681539,-73.9695740180318,40.6879922008164,-73.9633359519831,0.021973754604115,0.021011189681295,2020.16386673384,2020.16482929876,374500000,NA
170,171,0.000681826022678272,40.6823025681539,-73.9695740180318,40.6854633056988,-73.9614939864244,0.0216930157039732,0.021011189681295,2020.16386673384,2020.16454855986,374500000,NA
171,176,0.0273933525752093,40.6854633056988,-73.9614939864244,40.7273769275284,-73.9169743013072,0.0490863682791826,0.0216930157039732,2020.16454855986,2020.19194191243,374500000,NA
171,172,0.000900945912426288,40.6854633056988,-73.9614939864244,40.6717668744293,-73.9670530815133,0.0225939616163995,0.0216930157039732,2020.16454855986,2020.16544950577,374500000,NA
172,58,0.162419346684715,40.6717668744293,-73.9670530815133,40.6527417933624,-73.9069421598065,0.185013308301115,0.0225939616163995,2020.16544950577,2020.32786885246,374500000,hCoV-19/USA/NY-NYUMC887/2020
172,173,0.000225807020683616,40.6717668744293,-73.9670530815133,40.6748131825401,-73.9660355749126,0.0228197686370831,0.0225939616163995,2020.16544950577,2020.16567531279,374500000,NA
173,174,0.00030293245797372,40.6748131825401,-73.9660355749126,40.6798208819249,-73.9593825929659,0.0231227010950568,0.0228197686370831,2020.16567531279,2020.16597824525,374500000,NA
173,175,0.000231416430033993,40.6748131825401,-73.9660355749126,40.6705260034665,-73.9695978128909,0.0230511850671171,0.0228197686370831,2020.16567531279,2020.16590672922,374500000,NA
174,60,0.101781317586099,40.6798208819249,-73.9593825929659,40.6268056940713,-74.010548771725,0.124904018681156,0.0231227010950568,2020.16597824525,2020.26775956284,374500000,hCoV-19/USA/NY-NYUMC336/2020
174,59,0.0689944323460421,40.6798208819249,-73.9593825929659,40.6139146269085,-74.0036332229254,0.092117133441099,0.0231227010950568,2020.16597824525,2020.2349726776,374500000,hCoV-19/USA/NY-NYUMC766/2020
175,61,0.0636014674940452,40.6705260034665,-73.9695978128909,40.6469987444172,-74.0188466019032,0.0866526525611623,0.0230511850671171,2020.16590672922,2020.22950819672,374500000,hCoV-19/USA/NY-NYUMC785/2020
175,62,0.044475784434162,40.6705260034665,-73.9695978128909,40.777743487841,-73.9518013270567,0.0675269695012791,0.0230511850671171,2020.16590672922,2020.21038251366,374500000,hCoV-19/USA/NY-NYUMC673/2020
176,64,0.0566919673420903,40.7273769275284,-73.9169743013072,40.7053798561,-73.8360913197813,0.105778335621273,0.0490863682791826,2020.19194191243,2020.24863387978,374500000,hCoV-19/USA/NY-NYUMC136/2020
176,63,0.0402985247220618,40.7273769275284,-73.9169743013072,40.7072313817539,-73.8251349169622,0.0893848930012443,0.0490863682791826,2020.19194191243,2020.23224043716,374500000,hCoV-19/USA/NY-NYUMC743/2020
177,184,5.77147200166439e-05,40.6879922008164,-73.9633359519831,40.6867865998074,-73.9623635467207,0.0220314693241316,0.021973754604115,2020.16482929876,2020.16488701348,374500000,NA
177,178,0.000174691777298064,40.6879922008164,-73.9633359519831,40.6879640475076,-73.9578175889729,0.022148446381413,0.021973754604115,2020.16482929876,2020.16500399054,374500000,NA
178,65,0.069968687059686,40.6879640475076,-73.9578175889729,40.7649441556046,-73.867069336295,0.092117133441099,0.022148446381413,2020.16500399054,2020.2349726776,374500000,hCoV-19/USA/NY-NYUMC816/2020
178,179,0.000277220518320354,40.6879640475076,-73.9578175889729,40.6939778888447,-73.9545028412499,0.0224256668997334,0.022148446381413,2020.16500399054,2020.16528121105,374500000,NA
179,66,0.0451013026015458,40.6939778888447,-73.9545028412499,40.6675728962418,-73.9379002362335,0.0675269695012791,0.0224256668997334,2020.16528121105,2020.21038251366,374500000,hCoV-19/USA/NY-NYUMC880/2020
179,180,0.000477466677343857,40.6939778888447,-73.9545028412499,40.7311374110477,-73.9433313313754,0.0229031335770772,0.0224256668997334,2020.16528121105,2020.16575867773,374500000,NA
180,182,1.84197902883265e-05,40.7311374110477,-73.9433313313754,40.7314396079998,-73.9441734586196,0.0229215533673656,0.0229031335770772,2020.16575867773,2020.16577709752,374500000,NA
180,181,0.000226043783782381,40.7311374110477,-73.9433313313754,40.7325579619227,-73.9425005404621,0.0231291773608596,0.0229031335770772,2020.16575867773,2020.16598472152,374500000,NA
181,68,0.0689879560802394,40.7325579619227,-73.9425005404621,40.6118393200168,-74.0253056027361,0.092117133441099,0.0231291773608596,2020.16598472152,2020.2349726776,374500000,hCoV-19/USA/NY-NYUMC804/2020
181,67,0.0853813987002679,40.7325579619227,-73.9425005404621,40.8419164991737,-73.902066652187,0.108510576061127,0.0231291773608596,2020.16598472152,2020.25136612022,374500000,hCoV-19/USA/NY-NYUMC637/2020
182,183,0.019029258917808,40.7314396079998,-73.9441734586196,40.8006774756747,-73.9243479579272,0.0419508122851736,0.0229215533673656,2020.16577709752,2020.18480635644,374500000,NA
182,71,0.0773923013837477,40.7314396079998,-73.9441734586196,40.6746864300508,-74.0027239985277,0.100313854751113,0.0229215533673656,2020.16577709752,2020.24316939891,374500000,hCoV-19/USA/NY-NYUMC540/2020
183,69,0.0802209659561277,40.8006774756747,-73.9243479579272,40.6094614079401,-73.9966250620818,0.122171778241301,0.0419508122851736,2020.18480635644,2020.2650273224,374500000,hCoV-19/USA/NY-NYUMC352/2020
183,70,0.0583630424659396,40.8006774756747,-73.9243479579272,40.8962883753214,-73.8488124646681,0.100313854751113,0.0419508122851736,2020.18480635644,2020.24316939891,374500000,hCoV-19/USA/NY-NYUMC681/2020
184,193,0.0251392249530384,40.6867865998074,-73.9623635467207,40.7736900609321,-73.9848140276921,0.04717069427717,0.0220314693241316,2020.16488701348,2020.19002623843,374500000,NA
184,185,0.000212121138553872,40.6867865998074,-73.9623635467207,40.6935796503632,-73.9561386778367,0.0222435904626855,0.0220314693241316,2020.16488701348,2020.16509913462,374500000,NA
185,187,0.000159146445999486,40.6935796503632,-73.9561386778367,40.6964742101407,-73.9541099038849,0.022402736908685,0.0222435904626855,2020.16509913462,2020.16525828106,374500000,NA
185,186,0.000862660253216518,40.6935796503632,-73.9561386778367,40.688197895368,-73.9487933776992,0.023106250715902,0.0222435904626855,2020.16509913462,2020.16596179487,374500000,NA
186,72,0.0826720849053708,40.688197895368,-73.9487933776992,40.7623374113589,-73.9713628006699,0.105778335621273,0.023106250715902,2020.16596179487,2020.24863387978,374500000,hCoV-19/USA/NY-NYUMC167/2020
186,73,0.0772076040352112,40.688197895368,-73.9487933776992,40.7215438533111,-74.0107212261745,0.100313854751113,0.023106250715902,2020.16596179487,2020.24316939891,374500000,hCoV-19/USA/NY-NYUMC562/2020
187,191,0.000485465037901672,40.6964742101407,-73.9541099038849,40.6844130238323,-73.9704651748042,0.0228882019465866,0.022402736908685,2020.16525828106,2020.1657437461,374500000,NA
187,188,0.000640273638507355,40.6964742101407,-73.9541099038849,40.6918781139119,-73.9457926552162,0.0230430105471923,0.022402736908685,2020.16525828106,2020.1658985547,374500000,NA
188,190,0.0237058731575347,40.6918781139119,-73.9457926552162,40.7206961975037,-73.9227383260811,0.046748883704727,0.0230430105471923,2020.1658985547,2020.18960442786,374500000,NA
188,189,3.44235172278773e-05,40.6918781139119,-73.9457926552162,40.6938191026533,-73.9467192794874,0.0230774340644202,0.0230430105471923,2020.1658985547,2020.16593297822,374500000,NA
189,74,0.0362528141268447,40.6938191026533,-73.9467192794874,40.7441685809208,-73.9797389130969,0.0593302481912649,0.0230774340644202,2020.16593297822,2020.20218579235,374500000,hCoV-19/USA/NY-NYUMC22/2020
189,75,0.0827009015568526,40.6938191026533,-73.9467192794874,40.6533040647924,-73.9651679829441,0.105778335621273,0.0230774340644202,2020.16593297822,2020.24863387978,374500000,hCoV-19/USA/NY-NYUMC147/2020
190,77,0.0535649710463862,40.7206961975037,-73.9227383260811,40.5795539535976,-73.9602552138115,0.100313854751113,0.046748883704727,2020.18960442786,2020.24316939891,374500000,hCoV-19/USA/NY-NYUMC548/2020
190,76,0.0590294519165458,40.7206961975037,-73.9227383260811,40.821853079012,-73.8728960823823,0.105778335621273,0.046748883704727,2020.18960442786,2020.24863387978,374500000,hCoV-19/USA/NY-NYUMC161/2020
191,80,0.0692289314945123,40.6844130238323,-73.9704651748042,40.7475976717573,-73.9694062838136,0.092117133441099,0.0228882019465866,2020.1657437461,2020.2349726776,374500000,hCoV-19/USA/NY-NYUMC781/2020
191,192,6.83421217097802e-05,40.6844130238323,-73.9704651748042,40.6857501266029,-73.9725158575389,0.0229565440682964,0.0228882019465866,2020.1657437461,2020.16581208822,374500000,NA
192,78,0.145663321613017,40.6857501266029,-73.9725158575389,40.6059050506028,-74.0220360976346,0.168619865681314,0.0229565440682964,2020.16581208822,2020.31147540984,374500000,hCoV-19/USA/NY-NYUMC435/2020
192,79,0.10194747461286,40.6857501266029,-73.9725158575389,40.6067764966501,-74.0284017920478,0.124904018681156,0.0229565440682964,2020.16581208822,2020.26775956284,374500000,hCoV-19/USA/NY-NYUMC335/2020
193,82,0.0586076413441028,40.7736900609321,-73.9848140276921,40.7611013964715,-73.9681516787415,0.105778335621273,0.04717069427717,2020.19002623843,2020.24863387978,374500000,hCoV-19/USA/NY-NYUMC178/2020
193,81,0.0531431604739432,40.7736900609321,-73.9848140276921,40.7779836124027,-73.9554655121561,0.100313854751113,0.04717069427717,2020.19002623843,2020.24316939891,374500000,hCoV-19/USA/NY-NYUMC309/2020
194,84,0.0559757933712073,40.7181954697629,-73.7677324636833,40.6939227168328,-73.7538659411165,0.108510576061127,0.0525347826899202,2020.19539032684,2020.25136612022,374500000,hCoV-19/USA/NY-NYUMC617/2020
194,83,0.0149921868113589,40.7181954697629,-73.7677324636833,40.708138189078,-73.7498417418248,0.0675269695012791,0.0525347826899202,2020.19539032684,2020.21038251366,374500000,hCoV-19/USA/NY-NYUMC919/2020
195,196,0.00995172152469101,40.7539319846173,-73.916435320161,40.7722844334755,-73.8985876118807,0.0215968265867457,0.0116451050620547,2020.15450064922,2020.16445237074,374500000,NA
195,202,0.0016053409029379,40.7539319846173,-73.916435320161,40.7539674316606,-73.9018866259039,0.0132504459649926,0.0116451050620547,2020.15450064922,2020.15610599012,374500000,NA
196,197,0.00132165308621279,40.7722844334755,-73.8985876118807,40.7801678950274,-73.9156997033883,0.0229184796729585,0.0215968265867457,2020.16445237074,2020.16577402383,374500000,NA
196,198,0.000508043466557473,40.7722844334755,-73.8985876118807,40.7635735276426,-73.9003246284574,0.0221048700533031,0.0215968265867457,2020.16445237074,2020.16496041421,374500000,NA
197,86,0.0883243368282511,40.7801678950274,-73.9156997033883,40.7925812072459,-73.9483365136793,0.11124281650121,0.0229184796729585,2020.16577402383,2020.25409836066,374500000,hCoV-19/USA/NY-NYUMC252/2020
197,85,0.0446084898283207,40.7801678950274,-73.9156997033883,40.8181614505972,-73.9122826088561,0.0675269695012791,0.0229184796729585,2020.16577402383,2020.21038251366,374500000,hCoV-19/USA/NY-NYUMC98/2020
198,199,0.000281515429526619,40.7635735276426,-73.9003246284574,40.7599965745119,-73.8943565247637,0.0223863854828298,0.0221048700533031,2020.16496041421,2020.16524192964,374500000,NA
198,201,0.00563128106634861,40.7635735276426,-73.9003246284574,40.7801465314758,-73.9109700632952,0.0277361511196517,0.0221048700533031,2020.16496041421,2020.17059169527,374500000,NA
199,200,0.0274763890940795,40.7599965745119,-73.8943565247637,40.7472619064525,-73.9155643738655,0.0498627745769092,0.0223863854828298,2020.16524192964,2020.19271831873,374500000,NA
199,89,0.0779274692682835,40.7599965745119,-73.8943565247637,40.7868080952266,-73.8385929493836,0.100313854751113,0.0223863854828298,2020.16524192964,2020.24316939891,374500000,hCoV-19/USA/NY-NYUMC587/2020
200,88,0.0750412441042468,40.7472619064525,-73.9155643738655,40.7503489458025,-73.8833064187928,0.124904018681156,0.0498627745769092,2020.19271831873,2020.26775956284,374500000,hCoV-19/USA/NY-NYUMC343/2020
200,87,0.157008457224398,40.7472619064525,-73.9155643738655,40.6208501173686,-73.9776428942691,0.206871231801307,0.0498627745769092,2020.19271831873,2020.34972677596,374500000,hCoV-19/USA/NY-NYUMC886/2020
201,90,0.0780421845016211,40.7801465314758,-73.9109700632952,40.6388370891847,-74.0342455387953,0.105778335621273,0.0277361511196517,2020.17059169527,2020.24863387978,374500000,hCoV-19/USA/NY-NYUMC205/2020
201,91,0.0397908183816274,40.7801465314758,-73.9109700632952,40.8382009170989,-73.9312211632961,0.0675269695012791,0.0277361511196517,2020.17059169527,2020.21038251366,374500000,hCoV-19/USA/NY-NYUMC58/2020
202,209,0.00803762811282574,40.7539674316606,-73.9018866259039,40.7699827582336,-73.8943468555537,0.0212880740778183,0.0132504459649926,2020.15610599012,2020.16414361823,374500000,NA
202,203,0.00474750623152809,40.7539674316606,-73.9018866259039,40.7384619676844,-73.8923703323564,0.0179979521965206,0.0132504459649926,2020.15610599012,2020.16085349635,374500000,NA
203,204,0.00420417804957354,40.7384619676844,-73.8923703323564,40.7390637797783,-73.9009706178599,0.0222021302460942,0.0179979521965206,2020.16085349635,2020.1650576744,374500000,NA
203,98,0.0495290173047585,40.7384619676844,-73.8923703323564,40.733879714996,-73.9891000962731,0.0675269695012791,0.0179979521965206,2020.16085349635,2020.21038251366,374500000,hCoV-19/USA/NY-NYUMC661/2020
204,208,0.000805474724618699,40.7390637797783,-73.9009706178599,40.7324521222305,-73.8871341255868,0.0230076049707129,0.0222021302460942,2020.1650576744,2020.16586314913,374500000,NA
204,205,0.000279576718815983,40.7390637797783,-73.9009706178599,40.7440964091755,-73.9011710659038,0.0224817069649102,0.0222021302460942,2020.1650576744,2020.16533725112,374500000,NA
205,206,0.000257803288805231,40.7440964091755,-73.9011710659038,40.7457304596231,-73.9007435365268,0.0227395102537154,0.0224817069649102,2020.16533725112,2020.16559505441,374500000,NA
205,95,0.045045262536369,40.7440964091755,-73.9011710659038,40.6546168001901,-73.7441354372391,0.0675269695012791,0.0224817069649102,2020.16533725112,2020.21038251366,374500000,hCoV-19/USA/NY-NYUMC89/2020
206,94,0.0775743444973978,40.7457304596231,-73.9007435365268,40.6229655666593,-73.9460479659298,0.100313854751113,0.0227395102537154,2020.16559505441,2020.24316939891,374500000,hCoV-19/USA/NY-NYUMC410/2020
206,207,0.000236008290309786,40.7457304596231,-73.9007435365268,40.7478111314768,-73.9070256671143,0.0229755185440252,0.0227395102537154,2020.16559505441,2020.1658310627,374500000,NA
207,93,0.077338336207088,40.7478111314768,-73.9070256671143,40.7650854401131,-73.9119679895446,0.100313854751113,0.0229755185440252,2020.1658310627,2020.24316939891,374500000,hCoV-19/USA/NY-NYUMC504/2020
207,92,0.104660740577213,40.7478111314768,-73.9070256671143,40.6989443086496,-73.9815135151593,0.127636259121238,0.0229755185440252,2020.1658310627,2020.27049180328,374500000,hCoV-19/USA/NY-NYUMC384/2020
208,97,0.153808982020388,40.7324521222305,-73.8871341255868,40.8525809483289,-73.8824918548016,0.176816586991101,0.0230076049707129,2020.16586314913,2020.31967213115,374500000,hCoV-19/USA/NY-NYUMC904/2020
208,96,0.08277073065056,40.7324521222305,-73.8871341255868,40.7368623093924,-74.005762552901,0.105778335621273,0.0230076049707129,2020.16586314913,2020.24863387978,374500000,hCoV-19/USA/NY-NYUMC204/2020
209,219,0.00187352013282444,40.7699827582336,-73.8943468555537,40.7629708743463,-73.8855022887762,0.0231615942106427,0.0212880740778183,2020.16414361823,2020.16601713837,374500000,NA
209,210,0.000293214413057269,40.7699827582336,-73.8943468555537,40.7737968830036,-73.8932328198731,0.0215812884908756,0.0212880740778183,2020.16414361823,2020.16443683265,374500000,NA
210,217,0.00145907330519546,40.7737968830036,-73.8932328198731,40.7769442845534,-73.8846843454271,0.023040361796071,0.0215812884908756,2020.16443683265,2020.16589590595,374500000,NA
210,211,0.000386824703237171,40.7737968830036,-73.8932328198731,40.7769088403058,-73.8965877834805,0.0219681131941127,0.0215812884908756,2020.16443683265,2020.16482365735,374500000,NA
211,212,0.000259842772336205,40.7769088403058,-73.8965877834805,40.7840245647015,-73.8930642638854,0.0222279559664489,0.0219681131941127,2020.16482365735,2020.16508350012,374500000,NA
211,99,0.135722790737105,40.7769088403058,-73.8965877834805,40.5976835502581,-73.9591912565361,0.157690903931217,0.0219681131941127,2020.16482365735,2020.30054644809,374500000,hCoV-19/USA/NY-NYUMC459/2020
212,216,0.000636342388140393,40.7840245647015,-73.8930642638854,40.793348551973,-73.8827291196874,0.0228642983545893,0.0222279559664489,2020.16508350012,2020.16571984251,374500000,NA
212,213,0.0285513537178105,40.7840245647015,-73.8930642638854,40.7864433575086,-73.8736893189122,0.0507793096842594,0.0222279559664489,2020.16508350012,2020.19363485384,374500000,NA
213,103,0.0167476598170198,40.7864433575086,-73.8736893189122,40.7128579562522,-73.8344621815468,0.0675269695012791,0.0507793096842594,2020.19363485384,2020.21038251366,374500000,hCoV-19/USA/NY-NYUMC62/2020
213,214,0.000710257719082369,40.7864433575086,-73.8736893189122,40.7814188318495,-73.8656325087983,0.0514895674033418,0.0507793096842594,2020.19363485384,2020.19434511156,374500000,NA
214,215,0.0019683903581692,40.7814188318495,-73.8656325087983,40.7879820781574,-73.8648531020471,0.053457957761511,0.0514895674033418,2020.19434511156,2020.19631350192,374500000,NA
214,102,0.0542887682179311,40.7814188318495,-73.8656325087983,40.8752475410637,-73.8308761485969,0.105778335621273,0.0514895674033418,2020.19434511156,2020.24863387978,374500000,hCoV-19/USA/NY-NYUMC591/2020
215,100,0.0577848587396985,40.7879820781574,-73.8648531020471,40.7303701647368,-73.8866333601109,0.11124281650121,0.053457957761511,2020.19631350192,2020.25409836066,374500000,hCoV-19/USA/NY-NYUMC597/2020
215,101,0.0359269352397334,40.7879820781574,-73.8648531020471,40.8743030412893,-73.8244020667962,0.0893848930012443,0.053457957761511,2020.19631350192,2020.23224043716,374500000,hCoV-19/USA/NY-NYUMC739/2020
216,104,0.0446626711466898,40.793348551973,-73.8827291196874,40.6793738301739,-73.7276249957336,0.0675269695012791,0.0228642983545893,2020.16571984251,2020.21038251366,374500000,hCoV-19/USA/NY-NYUMC49/2020
216,105,0.063788354206573,40.793348551973,-73.8827291196874,40.6172154105058,-73.9925603979273,0.0866526525611623,0.0228642983545893,2020.16571984251,2020.22950819672,374500000,hCoV-19/USA/NY-NYUMC813/2020
217,106,0.0444866077052081,40.7769442845534,-73.8846843454271,40.861592470062,-73.9039698337492,0.0675269695012791,0.023040361796071,2020.16589590595,2020.21038251366,374500000,hCoV-19/USA/NY-NYUMC121/2020
217,218,0.0210770390869652,40.7769442845534,-73.8846843454271,40.7321203250648,-73.8421475810322,0.0441174008830363,0.023040361796071,2020.16589590595,2020.18697294504,374500000,NA
218,108,0.0452674921182081,40.7321203250648,-73.8421475810322,40.6013802360967,-73.7464622700957,0.0893848930012443,0.0441174008830363,2020.18697294504,2020.23224043716,374500000,hCoV-19/USA/NY-NYUMC699/2020
218,107,0.0616609347382366,40.7321203250648,-73.8421475810322,40.8047637852378,-73.9033705317336,0.105778335621273,0.0441174008830363,2020.18697294504,2020.24863387978,374500000,hCoV-19/USA/NY-NYUMC160/2020
219,109,0.0443653752906364,40.7629708743463,-73.8855022887762,40.6311194009159,-74.0088053276495,0.0675269695012791,0.0231615942106427,2020.16601713837,2020.21038251366,374500000,hCoV-19/USA/NY-NYUMC110/2020
219,110,0.0443653752906364,40.7629708743463,-73.8855022887762,40.8253841614649,-73.8695040934939,0.0675269695012791,0.0231615942106427,2020.16601713837,2020.21038251366,374500000,hCoV-19/USA/NY-NYUMC92/2020
