node1,node2,length,startLat,startLon,endLat,endLon,endNodeL,startNodeL,startYear,endYear,treeID
589,762,0.000393270946399987,40.673795161535,-73.9618699259674,40.6741632920904,-73.955639757069,0.000393270946399987,0,2020.13859694553,2020.13899021647,391600000
589,590,0.001774976953,40.673795161535,-73.9618699259674,40.6717290797382,-73.9537691543795,0.001774976953,0,2020.13859694553,2020.14037192248,391600000
590,591,0.00117933435000001,40.6717290797382,-73.9537691543795,40.6637631416614,-73.9893395475159,0.002954311303,0.001774976953,2020.14037192248,2020.14155125683,391600000
590,606,7.94840654899931e-05,40.6717290797382,-73.9537691543795,40.6716573889099,-73.9528544975047,0.00185446101848999,0.001774976953,2020.14037192248,2020.14045140655,391600000
591,592,0.05724049753,40.6637631416614,-73.9893395475159,40.7067139355383,-73.9475037458408,0.060194808833,0.002954311303,2020.14155125683,2020.19879175436,391600000
591,605,0.0687,40.6637631416614,-73.9893395475159,40.6019273426599,-73.9788767249661,0.071654311303,0.002954311303,2020.14155125683,2020.21025125683,391600000
592,593,0.000469502474000016,40.7067139355383,-73.9475037458408,40.7058325673036,-73.9410385481874,0.060664311307,0.060194808833,2020.19879175436,2020.19926125683,391600000
592,598,0.000300223796800003,40.7067139355383,-73.9475037458408,40.7060869909098,-73.9448683426855,0.0604950326298,0.060194808833,2020.19879175436,2020.19909197816,391600000
593,595,0.00645999999999999,40.7058325673036,-73.9410385481874,40.7018750148717,-73.9518027981562,0.067124311307,0.060664311307,2020.19926125683,2020.20572125683,391600000
593,594,0.01067,40.7058325673036,-73.9410385481874,40.6769863832107,-73.9256292382539,0.071334311307,0.060664311307,2020.19926125683,2020.20993125683,391600000
594,1,0.03870262295,40.6769863832107,-73.9256292382539,40.6112158224671,-73.9880540187003,0.110036934257,0.071334311307,2020.20993125683,2020.24863387978,391600000
594,2,0.07422174863,40.6769863832107,-73.9256292382539,40.6700248479394,-73.9902803374386,0.145556059937,0.071334311307,2020.20993125683,2020.28415300546,391600000
595,597,0.00383999999999998,40.7018750148717,-73.9518027981562,40.6928927387776,-73.9579585039342,0.070964311307,0.067124311307,2020.20572125683,2020.20956125683,391600000
595,596,0.00192000000000001,40.7018750148717,-73.9518027981562,40.612227468319,-73.9449207170067,0.069044311307,0.067124311307,2020.20572125683,2020.20764125683,391600000
596,3,9.01639359501827e-06,40.612227468319,-73.9449207170067,40.6122332252007,-73.9447225653472,0.069053327700595,0.069044311307,2020.20764125683,2020.20765027323,391600000
596,4,9.01639359501827e-06,40.612227468319,-73.9449207170067,40.605456475042,-73.9355586895555,0.069053327700595,0.069044311307,2020.20764125683,2020.20765027323,391600000
597,5,0.03907262295,40.6928927387776,-73.9579585039342,40.8752475410637,-73.8308761485969,0.110036934257,0.070964311307,2020.20956125683,2020.24863387978,391600000
597,6,0.06093054645,40.6928927387776,-73.9579585039342,40.6989443086496,-73.9815135151593,0.131894857757,0.070964311307,2020.20956125683,2020.27049180328,391600000
598,599,0.000169278677200013,40.7060869909098,-73.9448683426855,40.7062683616901,-73.9440279423182,0.060664311307,0.0604950326298,2020.19909197816,2020.19926125683,391600000
598,600,0.00925436831900001,40.7060869909098,-73.9448683426855,40.7045908555429,-73.9722969704032,0.0697494009488,0.0604950326298,2020.19909197816,2020.20834634648,391600000
599,7,0.04390814208,40.7062683616901,-73.9440279423182,40.7305948746813,-73.9516242346502,0.104572453387,0.060664311307,2020.19926125683,2020.24316939891,391600000
599,8,0.01112125683,40.7062683616901,-73.9440279423182,40.8717631187281,-73.9280059003779,0.071785568137,0.060664311307,2020.19926125683,2020.21038251366,391600000
600,601,0.000104910358599997,40.7045908555429,-73.9722969704032,40.7053260840331,-73.9738695464659,0.0698543113074,0.0697494009488,2020.20834634648,2020.20845125683,391600000
600,602,0.000104910358599997,40.7045908555429,-73.9722969704032,40.7053260840331,-73.9738695464659,0.0698543113074,0.0697494009488,2020.20834634648,2020.20845125683,391600000
601,9,0.01012797814,40.7053260840331,-73.9738695464659,40.6110011019325,-73.7478724655276,0.0799822894474,0.0698543113074,2020.20845125683,2020.21857923497,391600000
601,10,0.00193125683099998,40.7053260840331,-73.9738695464659,40.7743593408759,-73.8995054090954,0.0717855681384,0.0698543113074,2020.20845125683,2020.21038251367,391600000
602,11,0.02652142077,40.7053260840331,-73.9738695464659,40.6139146269085,-74.0036332229254,0.0963757320774,0.0698543113074,2020.20845125683,2020.2349726776,391600000
602,603,0.03752,40.7053260840331,-73.9738695464659,40.8335110246238,-73.2095699343532,0.1073743113074,0.0698543113074,2020.20845125683,2020.24597125683,391600000
603,604,0.00176,40.8335110246238,-73.2095699343532,40.8359908798726,-73.2107797007971,0.1091343113074,0.1073743113074,2020.24597125683,2020.24773125683,391600000
603,12,0.002662622951,40.8335110246238,-73.2095699343532,40.8452816312356,-73.2555153646337,0.1100369342584,0.1073743113074,2020.24597125683,2020.24863387979,391600000
604,14,0.000902622950900003,40.8359908798726,-73.2107797007971,40.6404774949504,-73.5910181514191,0.1100369342583,0.1091343113074,2020.24773125683,2020.24863387979,391600000
604,13,0.003634863388,40.8359908798726,-73.2107797007971,40.8222427780108,-73.1742324059906,0.1127691746954,0.1091343113074,2020.24773125683,2020.25136612022,391600000
605,15,0.03838262295,40.6019273426599,-73.9788767249661,40.6110341595326,-74.1692043756581,0.110036934253,0.071654311303,2020.21025125683,2020.24863387978,391600000
605,16,0.04111486339,40.6019273426599,-73.9788767249661,40.6032461844581,-73.9368390376192,0.112769174693,0.071654311303,2020.21025125683,2020.25136612022,391600000
606,17,0.07812782843,40.6716573889099,-73.9528544975047,40.6610468818328,-73.6521918195148,0.07998228944849,0.00185446101848999,2020.14045140655,2020.21857923498,391600000
606,607,0.03572549881,40.6716573889099,-73.9528544975047,40.6763192737675,-73.9078226737943,0.03757995982849,0.00185446101848999,2020.14045140655,2020.17617690536,391600000
607,173,0.0560635318,40.6763192737675,-73.9078226737943,40.6489716120887,-73.8504584581818,0.09364349162849,0.03757995982849,2020.17617690536,2020.23224043716,391600000
607,608,0.000174165280100003,40.6763192737675,-73.9078226737943,40.6767644535965,-73.9073321464896,0.03775412510859,0.03757995982849,2020.17617690536,2020.17635107064,391600000
608,757,0.000312846889199997,40.6767644535965,-73.9073321464896,40.6954149680079,-73.9200807048685,0.03806697199779,0.03775412510859,2020.17635107064,2020.17666391753,391600000
608,609,0.000483657512000024,40.6767644535965,-73.9073321464896,40.6787986952509,-73.8937963206367,0.03823778262059,0.03775412510859,2020.17635107064,2020.17683472815,391600000
609,610,0.000366528684399986,40.6787986952509,-73.8937963206367,40.673922602875,-73.8992058918417,0.03860431130499,0.03823778262059,2020.17683472815,2020.17720125683,391600000
609,743,0.000366528684399986,40.6787986952509,-73.8937963206367,40.673922602875,-73.8992058918417,0.03860431130499,0.03823778262059,2020.17683472815,2020.17720125683,391600000
610,18,0.06596814208,40.673922602875,-73.8992058918417,40.6866963148264,-73.6915184039005,0.10457245338499,0.03860431130499,2020.17720125683,2020.24316939891,391600000
610,611,0.01001810837,40.673922602875,-73.8992058918417,40.6782558586944,-73.8945438556398,0.04862241967499,0.03860431130499,2020.17720125683,2020.1872193652,391600000
611,612,1.18916284700121e-05,40.6782558586944,-73.8945438556398,40.6784590060146,-73.8943870938336,0.04863431130346,0.04862241967499,2020.1872193652,2020.18723125683,391600000
611,151,0.06961123589,40.6782558586944,-73.8945438556398,40.654418851859,-73.898067873387,0.11823365556499,0.04862241967499,2020.1872193652,2020.25683060109,391600000
612,613,0.00351341542899999,40.6784590060146,-73.8943870938336,40.6795656422764,-73.9036473319912,0.05214772673246,0.04863431130346,2020.18723125683,2020.19074467226,391600000
612,19,0.1324408743,40.6784590060146,-73.8943870938336,40.8525809483289,-73.8824918548016,0.18107518560346,0.04863431130346,2020.18723125683,2020.31967213113,391600000
613,692,0.000155633623599993,40.6795656422764,-73.9036473319912,40.6791623324174,-73.9073073515418,0.05230336035606,0.05214772673246,2020.19074467226,2020.19090030588,391600000
613,614,0.000714864712300006,40.6795656422764,-73.9036473319912,40.6782811338312,-73.9025141865756,0.05286259144476,0.05214772673246,2020.19074467226,2020.19145953697,391600000
614,98,0.08176450674,40.6782811338312,-73.9025141865756,41.0055492768288,-73.8134000187107,0.13462709818476,0.05286259144476,2020.19145953697,2020.27322404371,391600000
614,615,0.000212467018299994,40.6782811338312,-73.9025141865756,40.6794379810319,-73.9042817435503,0.05307505846306,0.05286259144476,2020.19145953697,2020.19167200399,391600000
615,621,0.000125630255699977,40.6794379810319,-73.9042817435503,40.6788631476261,-73.9055030504628,0.05320068871876,0.05307505846306,2020.19167200399,2020.19179763425,391600000
615,616,0.000588706195499999,40.6794379810319,-73.9042817435503,40.6773755653558,-73.9041096539544,0.05366376465856,0.05307505846306,2020.19167200399,2020.19226071019,391600000
616,617,2.05466446200064e-05,40.6773755653558,-73.9041096539544,40.6768556656455,-73.9046356157185,0.05368431130318,0.05366376465856,2020.19226071019,2020.19228125683,391600000
616,20,0.03997972697,40.6773755653558,-73.9041096539544,40.6633695908963,-73.7240925783688,0.09364349162856,0.05366376465856,2020.19226071019,2020.23224043716,391600000
617,25,0.0235657377,40.6768556656455,-73.9046356157185,40.6965165896376,-73.9917879635143,0.07725004900318,0.05368431130318,2020.19228125683,2020.21584699453,391600000
617,618,0.01564,40.6768556656455,-73.9046356157185,40.647145095418,-73.9632242579382,0.06932431130318,0.05368431130318,2020.19228125683,2020.20792125683,391600000
618,619,0.00178777353199999,40.647145095418,-73.9632242579382,40.6338838494988,-74.0215186592349,0.07111208483518,0.06932431130318,2020.20792125683,2020.20970903036,391600000
618,21,0.04071262295,40.647145095418,-73.9632242579382,40.5966541265131,-74.0001253797246,0.11003693425318,0.06932431130318,2020.20792125683,2020.24863387978,391600000
619,620,0.000112226468000021,40.6338838494988,-74.0215186592349,40.633211835567,-74.0223882302264,0.07122431130318,0.07111208483518,2020.20970903036,2020.20982125683,391600000
619,22,0.000673483298700012,40.6338838494988,-74.0215186592349,40.6336784001767,-74.0143189051405,0.07178556813388,0.07111208483518,2020.20970903036,2020.21038251366,391600000
620,23,0.02515142077,40.633211835567,-74.0223882302264,40.7860378724196,-73.6232968773065,0.09637573207318,0.07122431130318,2020.20982125683,2020.2349726776,391600000
620,24,0.06340278689,40.633211835567,-74.0223882302264,40.6890020138941,-73.9017511709742,0.13462709819318,0.07122431130318,2020.20982125683,2020.27322404372,391600000
621,622,0.000324565140200017,40.6788631476261,-73.9055030504628,40.6776360788098,-73.9082986112932,0.05352525385896,0.05320068871876,2020.19179763425,2020.19212219939,391600000
621,630,0.00407362258400001,40.6788631476261,-73.9055030504628,40.6782940729416,-73.9031049679857,0.05727431130276,0.05320068871876,2020.19179763425,2020.19587125683,391600000
622,623,0.0001590574442,40.6776360788098,-73.9082986112932,40.676363351658,-73.9100443335439,0.05368431130316,0.05352525385896,2020.19212219939,2020.19228125683,391600000
622,628,0.01700480507,40.6776360788098,-73.9082986112932,40.6898409141817,-73.867561577727,0.07053005892896,0.05352525385896,2020.19212219939,2020.20912700446,391600000
623,624,0.01655730169,40.676363351658,-73.9100443335439,40.6837173905409,-74.0164591008396,0.07024161299316,0.05368431130316,2020.19228125683,2020.20883855852,391600000
623,31,0.01810125683,40.676363351658,-73.9100443335439,40.6793738301739,-73.7276249957336,0.07178556813316,0.05368431130316,2020.19228125683,2020.21038251366,391600000
624,26,0.02340187864,40.6837173905409,-74.0164591008396,40.7079503176133,-73.9442355657876,0.09364349163316,0.07024161299316,2020.20883855852,2020.23224043716,391600000
624,625,0.00112269831099998,40.6837173905409,-74.0164591008396,40.6935760686959,-73.9908182311185,0.07136431130416,0.07024161299316,2020.20883855852,2020.20996125683,391600000
625,27,0.05506606557,40.6935760686959,-73.9908182311185,40.6986598928985,-73.9718390084067,0.12643037687416,0.07136431130416,2020.20996125683,2020.2650273224,391600000
625,626,0.000140000000000029,40.6935760686959,-73.9908182311185,40.6776033430981,-73.9549037692739,0.07150431130416,0.07136431130416,2020.20996125683,2020.21010125683,391600000
626,28,0.01940693989,40.6776033430981,-73.9549037692739,40.69502454646,-73.9456854424974,0.09091125119416,0.07150431130416,2020.21010125683,2020.22950819672,391600000
626,627,0.03033,40.6776033430981,-73.9549037692739,40.6795277707975,-73.995926116226,0.10183431130416,0.07150431130416,2020.21010125683,2020.24043125683,391600000
627,29,5.90163956400158e-06,40.6795277707975,-73.995926116226,40.6798891767994,-73.9978602908988,0.101840212943724,0.10183431130416,2020.24043125683,2020.24043715847,391600000
627,30,0.00820262295100001,40.6795277707975,-73.995926116226,40.7116130231664,-73.9768349973209,0.11003693425516,0.10183431130416,2020.24043125683,2020.24863387978,391600000
628,34,0.02584567314,40.6898409141817,-73.867561577727,40.7055490812184,-73.744671194876,0.09637573206896,0.07053005892896,2020.20912700446,2020.2349726776,391600000
628,629,0.000264252376100005,40.6898409141817,-73.867561577727,40.6907726169437,-73.8666067287293,0.07079431130506,0.07053005892896,2020.20912700446,2020.20939125683,391600000
629,33,0.03924262295,40.6907726169437,-73.8666067287293,40.7053798561,-73.8360913197813,0.11003693425506,0.07079431130506,2020.20939125683,2020.24863387978,391600000
629,32,0.05290382514,40.6907726169437,-73.8666067287293,40.5502173307943,-74.1449480700235,0.12369813644506,0.07079431130506,2020.20939125683,2020.26229508197,391600000
630,35,0.03910142077,40.6782940729416,-73.9031049679857,40.7443091973029,-73.6509932682728,0.09637573207276,0.05727431130276,2020.19587125683,2020.2349726776,391600000
630,631,0.00181999999999999,40.6782940729416,-73.9031049679857,40.6208764805609,-74.019212255816,0.05909431130276,0.05727431130276,2020.19587125683,2020.19769125683,391600000
631,647,0.00175000000000003,40.6208764805609,-74.019212255816,40.6789648612079,-73.9062517389633,0.06084431130276,0.05909431130276,2020.19769125683,2020.19944125683,391600000
631,632,0.00720000000000001,40.6208764805609,-74.019212255816,40.6798166915161,-73.9006806088405,0.06629431130276,0.05909431130276,2020.19769125683,2020.20489125683,391600000
632,639,0.00413260230600002,40.6798166915161,-73.9006806088405,40.696425137652,-73.9220748983163,0.07042691360876,0.06629431130276,2020.20489125683,2020.20902385914,391600000
632,633,0.00175,40.6798166915161,-73.9006806088405,40.6619373321933,-73.9323348643333,0.06804431130276,0.06629431130276,2020.20489125683,2020.20664125683,391600000
633,634,0.00181000000000001,40.6619373321933,-73.9323348643333,40.6016269568851,-73.9668584083509,0.06985431130276,0.06804431130276,2020.20664125683,2020.20845125683,391600000
633,637,0.00181000000000001,40.6619373321933,-73.9323348643333,40.6016269568851,-73.9668584083509,0.06985431130276,0.06804431130276,2020.20664125683,2020.20845125683,391600000
634,636,0.00192000000000001,40.6016269568851,-73.9668584083509,40.612227468319,-73.9449207170067,0.07177431130276,0.06985431130276,2020.20845125683,2020.21037125683,391600000
634,635,0.00192000000000001,40.6016269568851,-73.9668584083509,40.612227468319,-73.9449207170067,0.07177431130276,0.06985431130276,2020.20845125683,2020.21037125683,391600000
635,36,1.12568307200078e-05,40.612227468319,-73.9449207170067,40.5982120263363,-73.9692649006235,0.07178556813348,0.07177431130276,2020.21037125683,2020.21038251366,391600000
635,37,1.12568307200078e-05,40.612227468319,-73.9449207170067,40.7284029612764,-73.5603610189625,0.07178556813348,0.07177431130276,2020.21037125683,2020.21038251366,391600000
636,39,1.12568307200078e-05,40.612227468319,-73.9449207170067,40.7138180805203,-73.9371772108089,0.07178556813348,0.07177431130276,2020.21037125683,2020.21038251366,391600000
636,38,1.12568307200078e-05,40.612227468319,-73.9449207170067,40.6327996331228,-74.0212977418014,0.07178556813348,0.07177431130276,2020.21037125683,2020.21038251366,391600000
637,42,0.00193125683100001,40.6016269568851,-73.9668584083509,40.8253841614649,-73.8695040934939,0.07178556813376,0.06985431130276,2020.20845125683,2020.21038251366,391600000
637,638,0.00192000000000001,40.6016269568851,-73.9668584083509,40.612227468319,-73.9449207170067,0.07177431130276,0.06985431130276,2020.20845125683,2020.21037125683,391600000
638,40,1.12568307200078e-05,40.612227468319,-73.9449207170067,40.6381134273036,-73.5774091281966,0.07178556813348,0.07177431130276,2020.21037125683,2020.21038251366,391600000
638,41,1.12568307200078e-05,40.612227468319,-73.9449207170067,40.7069236085608,-73.5364205858607,0.07178556813348,0.07177431130276,2020.21037125683,2020.21038251366,391600000
639,641,0.000247397693599993,40.696425137652,-73.9220748983163,40.6962218559396,-73.9214176720041,0.07067431130236,0.07042691360876,2020.20902385914,2020.20927125683,391600000
639,640,0.00115739769399997,40.696425137652,-73.9220748983163,40.6948992240849,-73.9247329309035,0.07158431130276,0.07042691360876,2020.20902385914,2020.21018125683,391600000
640,43,0.07943622951,40.6948992240849,-73.9247329309035,40.6746179220274,-73.7187085862152,0.15102054081276,0.07158431130276,2020.21018125683,2020.28961748634,391600000
640,44,0.07943622951,40.6948992240849,-73.9247329309035,40.7504093691795,-73.9792710885346,0.15102054081276,0.07158431130276,2020.21018125683,2020.28961748634,391600000
641,642,0.000419999999999976,40.6962218559396,-73.9214176720041,40.6961963782299,-73.9199199218371,0.07109431130236,0.07067431130236,2020.20927125683,2020.20969125683,391600000
641,644,0.000586140689999987,40.6962218559396,-73.9214176720041,40.697103545432,-73.9210731885198,0.07126045199236,0.07067431130236,2020.20927125683,2020.20985739752,391600000
642,643,0.000320000000000015,40.6961963782299,-73.9199199218371,40.6960493885163,-73.9161951991043,0.07141431130236,0.07109431130236,2020.20969125683,2020.21001125683,391600000
642,45,0.03894262295,40.6961963782299,-73.9199199218371,40.8414523579559,-73.1847316602195,0.11003693425236,0.07109431130236,2020.20969125683,2020.24863387978,391600000
643,47,0.03862262295,40.6960493885163,-73.9161951991043,40.6985628579873,-73.7485403481327,0.11003693425236,0.07141431130236,2020.21001125683,2020.24863387978,391600000
643,46,0.03862262295,40.6960493885163,-73.9161951991043,40.8166973057371,-73.9597082318423,0.11003693425236,0.07141431130236,2020.21001125683,2020.24863387978,391600000
644,645,0.000103859309999982,40.697103545432,-73.9210731885198,40.6986626316474,-73.9230926594357,0.07136431130236,0.07126045199236,2020.20985739752,2020.20996125683,391600000
644,646,0.03590385931,40.697103545432,-73.9210731885198,40.7039122518979,-73.9056894644178,0.10716431130236,0.07126045199236,2020.20985739752,2020.24576125683,391600000
645,49,0.005885737705,40.6986626316474,-73.9230926594357,40.7318138024681,-73.5521747625156,0.07725004900736,0.07136431130236,2020.20996125683,2020.21584699453,391600000
645,48,0.005885737705,40.6986626316474,-73.9230926594357,40.6370248050965,-73.9780962296249,0.07725004900736,0.07136431130236,2020.20996125683,2020.21584699453,391600000
646,50,0.04112398907,40.7039122518979,-73.9056894644178,40.7011407545875,-73.9305330900457,0.14828830037236,0.10716431130236,2020.24576125683,2020.2868852459,391600000
646,51,0.06571415301,40.7039122518979,-73.9056894644178,40.9073094386182,-73.8589833230906,0.17287846431236,0.10716431130236,2020.24576125683,2020.31147540984,391600000
647,664,0.00918609681799998,40.6789648612079,-73.9062517389633,40.6835612144122,-73.9024176766601,0.07003040812076,0.06084431130276,2020.19944125683,2020.20862735365,391600000
647,648,0.00181999999999999,40.6789648612079,-73.9062517389633,40.6208764805609,-74.019212255816,0.06266431130276,0.06084431130276,2020.19944125683,2020.20126125683,391600000
648,650,0.00790124538199999,40.6208764805609,-74.019212255816,40.6210214779081,-74.0094403250798,0.07056555668476,0.06266431130276,2020.20126125683,2020.20916250221,391600000
648,649,0.00364999999999999,40.6208764805609,-74.019212255816,40.6124193202388,-74.0718289592436,0.06631431130276,0.06266431130276,2020.20126125683,2020.20491125683,391600000
649,52,0.00273901639400001,40.6124193202388,-74.0718289592436,40.5912749087691,-74.1122988613584,0.06905332769676,0.06631431130276,2020.20491125683,2020.20765027322,391600000
649,53,6.77595646902951e-06,40.6124193202388,-74.0718289592436,40.717514384323,-73.5690455095307,0.066321087259229,0.06631431130276,2020.20491125683,2020.20491803279,391600000
650,651,0.03887662132,40.6210214779081,-74.0094403250798,40.6378348227598,-73.9585238887006,0.10944217800476,0.07056555668476,2020.20916250221,2020.24803912353,391600000
650,654,8.99989207800156e-05,40.6210214779081,-74.0094403250798,40.6213248812721,-74.0081406686679,0.07065555560554,0.07056555668476,2020.20916250221,2020.20925250113,391600000
651,652,0.000312133295699998,40.6378348227598,-73.9585238887006,40.6372058414936,-73.9624831504588,0.10975431130046,0.10944217800476,2020.24803912353,2020.24835125683,391600000
651,653,9.21332957199983e-05,40.6378348227598,-73.9585238887006,40.6381104994136,-73.9588265043379,0.10953431130048,0.10944217800476,2020.24803912353,2020.24813125683,391600000
652,54,0.05219519126,40.6372058414936,-73.9624831504588,40.7669725010674,-73.8104108821342,0.16194950256046,0.10975431130046,2020.24835125683,2020.30054644809,391600000
652,55,0.05219519126,40.6372058414936,-73.9624831504588,40.5976835502581,-73.9591912565361,0.16194950256046,0.10975431130046,2020.24835125683,2020.30054644809,391600000
653,57,0.05241519126,40.6381104994136,-73.9588265043379,40.8802618065014,-73.9136062455795,0.16194950256048,0.10953431130048,2020.24813125683,2020.30054644809,391600000
653,56,0.01962830601,40.6381104994136,-73.9588265043379,40.6272091441597,-73.9409420000894,0.12916261731048,0.10953431130048,2020.24813125683,2020.26775956284,391600000
654,656,6.77647302199935e-05,40.6213248812721,-74.0081406686679,40.621354938183,-74.0075945719489,0.07072332033576,0.07065555560554,2020.20925250113,2020.20932026586,391600000
654,655,0.000768755697600015,40.6213248812721,-74.0081406686679,40.6152206762326,-74.0043047682875,0.07142431130314,0.07065555560554,2020.20925250113,2020.21002125683,391600000
655,58,0.03041590164,40.6152206762326,-74.0043047682875,40.6084915303842,-73.996167568417,0.10184021294314,0.07142431130314,2020.21002125683,2020.24043715847,391600000
655,59,0.03861262295,40.6152206762326,-74.0043047682875,40.6538363801502,-73.980360750428,0.11003693425314,0.07142431130314,2020.21002125683,2020.24863387978,391600000
656,657,7.06971180400029e-05,40.621354938183,-74.0075945719489,40.6208636933085,-74.0055019193554,0.0707940174538,0.07072332033576,2020.20932026586,2020.20939096298,391600000
656,60,0.0529748161,40.621354938183,-74.0075945719489,40.6710092133805,-73.9740215722627,0.12369813643576,0.07072332033576,2020.20932026586,2020.26229508196,391600000
657,658,0.000228938163500003,40.6208636933085,-74.0055019193554,40.6215949960024,-74.0045627672037,0.0710229556173,0.0707940174538,2020.20939096298,2020.20961990114,391600000
657,661,0.000400293849400019,40.6208636933085,-74.0055019193554,40.6182873317563,-74.0038415174626,0.0711943113032,0.0707940174538,2020.20939096298,2020.20979125683,391600000
658,660,0.000401355685899996,40.6215949960024,-74.0045627672037,40.6237035715845,-74.0036272166317,0.0714243113032,0.0710229556173,2020.20961990114,2020.21002125683,391600000
658,659,0.000401355685899996,40.6215949960024,-74.0045627672037,40.6237035715845,-74.0036272166317,0.0714243113032,0.0710229556173,2020.20961990114,2020.21002125683,391600000
659,62,0.01948693989,40.6237035715845,-74.0036272166317,40.6762105471628,-73.6266386654565,0.0909112511932,0.0714243113032,2020.21002125683,2020.22950819672,391600000
659,61,0.01948693989,40.6237035715845,-74.0036272166317,40.6172154105058,-73.9925603979273,0.0909112511932,0.0714243113032,2020.21002125683,2020.22950819672,391600000
660,64,0.02495142077,40.6237035715845,-74.0036272166317,40.6118393200168,-74.0253056027361,0.0963757320732,0.0714243113032,2020.21002125683,2020.2349726776,391600000
660,63,0.01948693989,40.6237035715845,-74.0036272166317,40.6274803931168,-74.0026948483706,0.0909112511932,0.0714243113032,2020.21002125683,2020.22950819672,391600000
661,65,0.01971693989,40.6182873317563,-74.0038415174626,40.6342033311516,-73.996959150955,0.0909112511932,0.0711943113032,2020.20979125683,2020.22950819672,391600000
661,662,0.03146,40.6182873317563,-74.0038415174626,40.6848507096401,-73.8807670862377,0.1026543113032,0.0711943113032,2020.20979125683,2020.24125125683,391600000
662,66,0.01011486339,40.6848507096401,-73.8807670862377,40.5915226882281,-73.6147553212808,0.1127691746932,0.1026543113032,2020.24125125683,2020.25136612022,391600000
662,663,0.00186273375400001,40.6848507096401,-73.8807670862377,40.6818814160161,-73.9143156924084,0.1045170450572,0.1026543113032,2020.24125125683,2020.24311399058,391600000
663,67,5.54083225299956e-05,40.6818814160161,-73.9143156924084,40.682251830406,-73.9138695089728,0.10457245337973,0.1045170450572,2020.24311399058,2020.24316939891,391600000
663,68,5.54083225299956e-05,40.6818814160161,-73.9143156924084,41.0312033959187,-73.8644154480355,0.10457245337973,0.1045170450572,2020.24311399058,2020.24316939891,391600000
664,665,0.000463903181600001,40.6835612144122,-73.9024176766601,40.6873547706733,-73.9217401465868,0.07049431130236,0.07003040812076,2020.20862735365,2020.20909125683,391600000
664,672,5.58560604900227e-05,40.6835612144122,-73.9024176766601,40.6840695239627,-73.9021458245416,0.07008626418125,0.07003040812076,2020.20862735365,2020.20868320971,391600000
665,669,0.000400000000000011,40.6873547706733,-73.9217401465868,40.7030832577359,-73.9758790513797,0.07089431130236,0.07049431130236,2020.20909125683,2020.20949125683,391600000
665,666,0.000516072952900015,40.6873547706733,-73.9217401465868,40.6780852245795,-73.9212719159618,0.07101038425526,0.07049431130236,2020.20909125683,2020.20960732978,391600000
666,667,0.000113927047100004,40.6780852245795,-73.9212719159618,40.6776814524097,-73.9214389984748,0.07112431130236,0.07101038425526,2020.20960732978,2020.20972125683,391600000
666,668,0.000113927047100004,40.6780852245795,-73.9212719159618,40.6776814524097,-73.9214389984748,0.07112431130236,0.07101038425526,2020.20960732978,2020.20972125683,391600000
667,69,0.09082519126,40.6776814524097,-73.9214389984748,40.622860656602,-73.9119987365331,0.16194950256236,0.07112431130236,2020.20972125683,2020.30054644809,391600000
667,70,0.03344814208,40.6776814524097,-73.9214389984748,40.8038143835383,-73.6641244012684,0.10457245338236,0.07112431130236,2020.20972125683,2020.24316939891,391600000
668,71,0.09082519126,40.6776814524097,-73.9214389984748,40.6782158675139,-73.987952152472,0.16194950256236,0.07112431130236,2020.20972125683,2020.30054644809,391600000
668,72,0.03344814208,40.6776814524097,-73.9214389984748,40.637370308389,-74.0950650869601,0.10457245338236,0.07112431130236,2020.20972125683,2020.24316939891,391600000
669,671,0.00051000000000001,40.7030832577359,-73.9758790513797,40.7019866368446,-73.9747619972235,0.07140431130236,0.07089431130236,2020.20949125683,2020.21000125683,391600000
669,670,0.000230000000000008,40.7030832577359,-73.9758790513797,40.7031720266057,-73.9739706138504,0.07112431130236,0.07089431130236,2020.20949125683,2020.20972125683,391600000
670,74,0.03344814208,40.7031720266057,-73.9739706138504,40.7254124501849,-73.9803820386231,0.10457245338236,0.07112431130236,2020.20972125683,2020.24316939891,391600000
670,73,0.09082519126,40.7031720266057,-73.9739706138504,40.7627860824586,-73.5186352301801,0.16194950256236,0.07112431130236,2020.20972125683,2020.30054644809,391600000
671,76,0.03863262295,40.7019866368446,-73.9747619972235,40.6865948786429,-74.0044324738125,0.11003693425236,0.07140431130236,2020.21000125683,2020.24863387978,391600000
671,75,0.03316814208,40.7019866368446,-73.9747619972235,40.7059698713338,-73.9540056932043,0.10457245338236,0.07140431130236,2020.21000125683,2020.24316939891,391600000
672,676,0.000356113415399983,40.6840695239627,-73.9021458245416,40.6843097513138,-73.8995972233938,0.07044237759665,0.07008626418125,2020.20868320971,2020.20903932312,391600000
672,673,0.000808047121099997,40.6840695239627,-73.9021458245416,40.6808868622471,-73.9017526519188,0.07089431130235,0.07008626418125,2020.20868320971,2020.20949125683,391600000
673,674,0.000509999999999983,40.6808868622471,-73.9017526519188,40.6814575174087,-73.9012353061283,0.07140431130235,0.07089431130235,2020.20949125683,2020.21000125683,391600000
673,675,0.000509999999999983,40.6808868622471,-73.9017526519188,40.6814575174087,-73.9012353061283,0.07140431130235,0.07089431130235,2020.20949125683,2020.21000125683,391600000
674,78,0.03863262295,40.6814575174087,-73.9012353061283,40.5852948267358,-73.951003045517,0.11003693425235,0.07140431130235,2020.21000125683,2020.24863387978,391600000
674,77,0.03316814208,40.6814575174087,-73.9012353061283,40.6917533371993,-73.542924081623,0.10457245338235,0.07140431130235,2020.21000125683,2020.24316939891,391600000
675,80,0.03863262295,40.6814575174087,-73.9012353061283,40.7138627696353,-73.9329167203985,0.11003693425235,0.07140431130235,2020.21000125683,2020.24863387978,391600000
675,79,0.03316814208,40.6814575174087,-73.9012353061283,40.8834703978805,-73.9117501296647,0.10457245338235,0.07140431130235,2020.21000125683,2020.24316939891,391600000
676,679,0.000501933705700008,40.6843097513138,-73.8995972233938,40.6836463160671,-73.9015930976673,0.07094431130235,0.07044237759665,2020.20903932312,2020.20954125683,391600000
676,677,0.000311933705699985,40.6843097513138,-73.8995972233938,40.6844133892788,-73.9011210680102,0.07075431130235,0.07044237759665,2020.20903932312,2020.20935125683,391600000
677,678,0.03381,40.6844133892788,-73.9011210680102,40.6685917617914,-73.9587103960086,0.10456431130235,0.07075431130235,2020.20935125683,2020.24316125683,391600000
677,81,0.102124153,40.6844133892788,-73.9011210680102,40.6883994136761,-73.6099274957149,0.17287846430235,0.07075431130235,2020.20935125683,2020.31147540983,391600000
678,82,8.14207669000422e-06,40.6685917617914,-73.9587103960086,40.6687172388355,-73.9572236610492,0.10457245337904,0.10456431130235,2020.24316125683,2020.24316939891,391600000
678,83,8.14207669000422e-06,40.6685917617914,-73.9587103960086,40.8277378052576,-73.6963895359584,0.10457245337904,0.10456431130235,2020.24316125683,2020.24316939891,391600000
679,680,0.000249999999999972,40.6836463160671,-73.9015930976673,40.6830245392667,-73.901272155489,0.07119431130235,0.07094431130235,2020.20954125683,2020.20979125683,391600000
679,685,9.9999999999989e-05,40.6836463160671,-73.9015930976673,40.6837821216893,-73.9026219304998,0.07104431130235,0.07094431130235,2020.20954125683,2020.20964125683,391600000
680,681,0.03574,40.6830245392667,-73.901272155489,40.6386690045083,-74.0109102830781,0.10693431130235,0.07119431130235,2020.20979125683,2020.24553125683,391600000
680,684,8.00000000000245e-05,40.6830245392667,-73.901272155489,40.684307916686,-73.8938238709229,0.07127431130235,0.07119431130235,2020.20979125683,2020.20987125683,391600000
681,683,0.000310000000000005,40.6386690045083,-74.0109102830781,40.6361180973612,-74.0056502089704,0.10724431130235,0.10693431130235,2020.24553125683,2020.24584125683,391600000
681,682,0.000839999999999994,40.6386690045083,-74.0109102830781,40.6416347693553,-74.0111681718068,0.10777431130235,0.10693431130235,2020.24553125683,2020.24637125683,391600000
682,84,0.06510415301,40.6416347693553,-74.0111681718068,40.6710441547741,-73.8459461619124,0.17287846431235,0.10777431130235,2020.24637125683,2020.31147540984,391600000
682,85,0.07056863388,40.6416347693553,-74.0111681718068,40.7208013953516,-73.9803223140162,0.17834294518235,0.10777431130235,2020.24637125683,2020.31693989071,391600000
683,87,0.0137215847,40.6361180973612,-74.0056502089704,40.6292164062156,-74.0208155778937,0.12096589600235,0.10724431130235,2020.24584125683,2020.25956284153,391600000
683,86,0.01918606557,40.6361180973612,-74.0056502089704,40.633921006965,-73.9954237712867,0.12643037687235,0.10724431130235,2020.24584125683,2020.2650273224,391600000
684,88,0.0496915847,40.684307916686,-73.8938238709229,40.6827921443313,-73.9010400875772,0.12096589600235,0.07127431130235,2020.20987125683,2020.25956284153,391600000
684,89,0.05242382514,40.684307916686,-73.8938238709229,40.6845821862766,-73.7658469216632,0.12369813644235,0.07127431130235,2020.20987125683,2020.26229508197,391600000
685,686,0.03721746582,40.6837821216893,-73.9026219304998,40.6375458293217,-73.9950514239979,0.10826177712235,0.07104431130235,2020.20964125683,2020.24685872265,391600000
685,689,9.00000000000067e-05,40.6837821216893,-73.9026219304998,40.6827165656836,-73.9037104088076,0.07113431130235,0.07104431130235,2020.20964125683,2020.20973125683,391600000
686,687,0.000142534183800003,40.6375458293217,-73.9950514239979,40.6370364927226,-73.9969554765763,0.10840431130615,0.10826177712235,2020.24685872265,2020.24700125683,391600000
686,688,0.000142534183800003,40.6375458293217,-73.9950514239979,40.6370364927226,-73.9969554765763,0.10840431130615,0.10826177712235,2020.24685872265,2020.24700125683,391600000
687,90,0.00709710382500001,40.6370364927226,-73.9969554765763,40.6288553973435,-73.9998588531161,0.11550141513115,0.10840431130615,2020.24700125683,2020.25409836066,391600000
687,91,0.00709710382500001,40.6370364927226,-73.9969554765763,40.6423879009788,-74.0130621635315,0.11550141513115,0.10840431130615,2020.24700125683,2020.25409836066,391600000
688,93,0.00709710382500001,40.6370364927226,-73.9969554765763,40.6194422551981,-73.9527982092418,0.11550141513115,0.10840431130615,2020.24700125683,2020.25409836066,391600000
688,92,0.00709710382500001,40.6370364927226,-73.9969554765763,40.6947343862267,-73.6863660124152,0.11550141513115,0.10840431130615,2020.24700125683,2020.25409836066,391600000
689,690,0.03722,40.6827165656836,-73.9037104088076,40.6852870654595,-73.8721303773909,0.10835431130235,0.07113431130235,2020.20973125683,2020.24695125683,391600000
689,691,0.03343,40.6827165656836,-73.9037104088076,40.5936872526904,-73.9475768398042,0.10456431130235,0.07113431130235,2020.20973125683,2020.24316125683,391600000
690,95,0.007147103825,40.6852870654595,-73.8721303773909,40.5755737779487,-73.9729160623158,0.11550141512735,0.10835431130235,2020.24695125683,2020.25409836065,391600000
690,94,0.1027755191,40.6852870654595,-73.8721303773909,40.7173091604636,-73.827997629047,0.21112983040235,0.10835431130235,2020.24695125683,2020.34972677593,391600000
691,96,0.005472622951,40.5936872526904,-73.9475768398042,40.6374920734337,-74.0091464591969,0.11003693425335,0.10456431130235,2020.24316125683,2020.24863387978,391600000
691,97,8.14207669000422e-06,40.5936872526904,-73.9475768398042,40.5935968086758,-73.9473715921304,0.10457245337904,0.10456431130235,2020.24316125683,2020.24316939891,391600000
692,150,0.01948220778,40.6791623324174,-73.9073073515418,40.6307546617416,-74.0148062896867,0.07178556813606,0.05230336035606,2020.19090030588,2020.21038251366,391600000
692,693,0.000317046397299986,40.6791623324174,-73.9073073515418,40.6785212383819,-73.9048778623214,0.05262040675336,0.05230336035606,2020.19090030588,2020.19121735228,391600000
693,724,0.000619000064800007,40.6785212383819,-73.9048778623214,40.6790624601242,-73.9033923446997,0.05323940681816,0.05262040675336,2020.19121735228,2020.19183635235,391600000
693,694,0.000106418983100015,40.6785212383819,-73.9048778623214,40.679088163455,-73.9034910715992,0.05272682573646,0.05262040675336,2020.19121735228,2020.19132377126,391600000
694,695,0.000135038451899994,40.679088163455,-73.9034910715992,40.6786679207246,-73.9047276831318,0.05286186418836,0.05272682573646,2020.19132377126,2020.19145880972,391600000
694,129,0.07643579158,40.679088163455,-73.9034910715992,40.7503489458025,-73.8833064187928,0.12916261731646,0.05272682573646,2020.19132377126,2020.26775956284,391600000
695,696,0.000250700940299997,40.6786679207246,-73.9047276831318,40.6776156926319,-73.9046106491982,0.05311256512866,0.05286186418836,2020.19145880972,2020.19170951066,391600000
695,99,0.04078162744,40.6786679207246,-73.9047276831318,40.6013802360967,-73.7464622700957,0.09364349162836,0.05286186418836,2020.19145880972,2020.23224043716,391600000
696,717,0.000314921589900014,40.6776156926319,-73.9046106491982,40.6496778649275,-73.9394772178641,0.05342748671856,0.05311256512866,2020.19170951066,2020.19202443225,391600000
696,697,1.92090347300167e-05,40.6776156926319,-73.9046106491982,40.6771614376245,-73.9070634729513,0.05313177416339,0.05311256512866,2020.19170951066,2020.19172871969,391600000
697,100,0.0651018814,40.6771614376245,-73.9070634729513,40.7258995880839,-73.9275805642905,0.11823365556339,0.05313177416339,2020.19172871969,2020.25683060109,391600000
697,698,0.000234182154499996,40.6771614376245,-73.9070634729513,40.6766269307253,-73.905462781314,0.05336595631789,0.05313177416339,2020.19172871969,2020.19196290185,391600000
698,699,0.000318354985300001,40.6766269307253,-73.905462781314,40.6775604645791,-73.9069993871657,0.05368431130319,0.05336595631789,2020.19196290185,2020.19228125683,391600000
698,715,0.000318354985300001,40.6766269307253,-73.905462781314,40.6775604645791,-73.9069993871657,0.05368431130319,0.05336595631789,2020.19196290185,2020.19228125683,391600000
699,714,0.01271,40.6775604645791,-73.9069993871657,40.7145383584465,-73.8283502125639,0.06639431130319,0.05368431130319,2020.19228125683,2020.20499125683,391600000
699,700,0.00867463196900001,40.6775604645791,-73.9069993871657,40.6822495071931,-73.9167973732326,0.06235894327219,0.05368431130319,2020.19228125683,2020.2009558888,391600000
700,712,0.000129247051600001,40.6822495071931,-73.9167973732326,40.6820517654256,-73.9175501435545,0.06248819032379,0.06235894327219,2020.2009558888,2020.20108513585,391600000
700,701,0.000365368031499974,40.6822495071931,-73.9167973732326,40.6780040831673,-73.9242220055006,0.06272431130369,0.06235894327219,2020.2009558888,2020.20132125683,391600000
701,101,0.03365142077,40.6780040831673,-73.9242220055006,40.7109546062844,-73.6192486592445,0.09637573207369,0.06272431130369,2020.20132125683,2020.2349726776,391600000
701,702,0.00180000000000002,40.6780040831673,-73.9242220055006,40.6789894887645,-73.9241095051784,0.06452431130369,0.06272431130369,2020.20132125683,2020.20312125683,391600000
702,102,0.04551262295,40.6789894887645,-73.9241095051784,40.6333800360057,-74.0266581131286,0.11003693425369,0.06452431130369,2020.20312125683,2020.24863387978,391600000
702,703,0.00174999999999997,40.6789894887645,-73.9241095051784,40.6664335434872,-73.9341158403066,0.06627431130369,0.06452431130369,2020.20312125683,2020.20487125683,391600000
703,704,0.00176999999999999,40.6664335434872,-73.9341158403066,40.5965779260481,-73.964460708045,0.06804431130369,0.06627431130369,2020.20487125683,2020.20664125683,391600000
703,708,0.00434810055400003,40.6664335434872,-73.9341158403066,40.6662099469517,-73.9251535684169,0.07062241185769,0.06627431130369,2020.20487125683,2020.20921935739,391600000
704,103,0.05018934426,40.5965779260481,-73.964460708045,40.6111728111409,-74.0306026069292,0.11823365556369,0.06804431130369,2020.20664125683,2020.25683060109,391600000
704,705,0.00181000000000003,40.5965779260481,-73.964460708045,40.5998602667011,-73.9529103790359,0.06985431130369,0.06804431130369,2020.20664125683,2020.20845125683,391600000
705,707,0.000639999999999974,40.5998602667011,-73.9529103790359,40.6012757294064,-73.9504108850737,0.07049431130369,0.06985431130369,2020.20845125683,2020.20909125683,391600000
705,706,0.00191999999999998,40.5998602667011,-73.9529103790359,40.5916748846468,-73.9607368231983,0.07177431130369,0.06985431130369,2020.20845125683,2020.21037125683,391600000
706,104,1.12568307200078e-05,40.5916748846468,-73.9607368231983,40.6172819144956,-73.981848332585,0.07178556813441,0.07177431130369,2020.21037125683,2020.21038251366,391600000
706,105,1.12568307200078e-05,40.5916748846468,-73.9607368231983,40.5912135954007,-73.9614728652076,0.07178556813441,0.07177431130369,2020.21037125683,2020.21038251366,391600000
707,107,0.00129125683100001,40.6012757294064,-73.9504108850737,40.6409842221444,-74.023694482419,0.07178556813469,0.07049431130369,2020.20909125683,2020.21038251366,391600000
707,106,0.00675573770500001,40.6012757294064,-73.9504108850737,40.5883985697093,-73.9393607944483,0.07725004900869,0.07049431130369,2020.20909125683,2020.21584699454,391600000
708,709,0.000233088572099971,40.6662099469517,-73.9251535684169,40.6643186522927,-73.9222137558242,0.07085550042979,0.07062241185769,2020.20921935739,2020.20945244596,391600000
708,108,0.0394145224,40.6662099469517,-73.9251535684169,40.6588712867245,-73.5462564415834,0.11003693425769,0.07062241185769,2020.20921935739,2020.24863387979,391600000
709,711,0.000218810873500008,40.6643186522927,-73.9222137558242,40.6631160499425,-73.9226520506093,0.07107431130329,0.07085550042979,2020.20945244596,2020.20967125683,391600000
709,710,0.000378810873500002,40.6643186522927,-73.9222137558242,40.6656273410495,-73.9204136917949,0.07123431130329,0.07085550042979,2020.20945244596,2020.20983125683,391600000
710,109,0.03060590164,40.6656273410495,-73.9204136917949,40.7231407280431,-73.7086427576017,0.10184021294329,0.07123431130329,2020.20983125683,2020.24043715847,391600000
710,110,0.0497315847,40.6656273410495,-73.9204136917949,40.6516636679206,-73.8926987998534,0.12096589600329,0.07123431130329,2020.20983125683,2020.25956284153,391600000
711,111,0.0717495082,40.6631160499425,-73.9226520506093,40.6050178875163,-74.1819263677214,0.14282381950329,0.07107431130329,2020.20967125683,2020.28142076503,391600000
711,112,0.06082054645,40.6631160499425,-73.9226520506093,40.6570374191144,-73.8711213105992,0.13189485775329,0.07107431130329,2020.20967125683,2020.27049180328,391600000
712,113,0.03935202262,40.6820517654256,-73.9175501435545,40.696961195457,-73.9294524800116,0.10184021294379,0.06248819032379,2020.20108513585,2020.24043715847,391600000
712,713,0.000236120979899973,40.6820517654256,-73.9175501435545,40.6838002234017,-73.9179259962152,0.06272431130369,0.06248819032379,2020.20108513585,2020.20132125683,391600000
713,114,0.00632901639400002,40.6838002234017,-73.9179259962152,40.7302798560701,-74.0029744895201,0.06905332769769,0.06272431130369,2020.20132125683,2020.20765027322,391600000
713,115,0.03091918033,40.6838002234017,-73.9179259962152,40.6344692750177,-73.7189173809178,0.09364349163369,0.06272431130369,2020.20132125683,2020.23224043716,391600000
714,117,0.005391256831,40.7145383584465,-73.8283502125639,40.7498918366212,-73.646364889107,0.07178556813419,0.06639431130319,2020.20499125683,2020.21038251366,391600000
714,116,0.005391256831,40.7145383584465,-73.8283502125639,40.7128579562522,-73.8344621815468,0.07178556813419,0.06639431130319,2020.20499125683,2020.21038251366,391600000
715,716,0.0174,40.6775604645791,-73.9069993871657,40.6182390739508,-73.9249337049264,0.07108431130319,0.05368431130319,2020.19228125683,2020.20968125683,391600000
715,118,0.09733622951,40.6775604645791,-73.9069993871657,40.7697682503486,-73.656664521581,0.15102054081319,0.05368431130319,2020.19228125683,2020.28961748634,391600000
716,120,0.05807830601,40.6182390739508,-73.9249337049264,40.5978164780544,-73.9623792006783,0.12916261731319,0.07108431130319,2020.20968125683,2020.26775956284,391600000
716,119,0.04441710383,40.6182390739508,-73.9249337049264,40.6476911966454,-73.9316369210788,0.11550141513319,0.07108431130319,2020.20968125683,2020.25409836066,391600000
717,722,0.01796109703,40.6496778649275,-73.9394772178641,40.6470121491529,-73.9711674455579,0.07138858374856,0.05342748671856,2020.19202443225,2020.20998552928,391600000
717,718,0.000256824584599996,40.6496778649275,-73.9394772178641,40.644481798659,-73.9403607989735,0.05368431130316,0.05342748671856,2020.19202443225,2020.19228125683,391600000
718,125,0.01536901639,40.644481798659,-73.9403607989735,40.6400722120113,-73.9457357415987,0.06905332769316,0.05368431130316,2020.19228125683,2020.20765027322,391600000
718,719,0.01710808665,40.644481798659,-73.9403607989735,40.703281932191,-73.9538136753297,0.07079239795316,0.05368431130316,2020.19228125683,2020.20938934348,391600000
719,721,0.03581191335,40.703281932191,-73.9538136753297,40.7119390919564,-73.9541720602725,0.10660431130316,0.07079239795316,2020.20938934348,2020.24520125683,391600000
719,720,0.000291913345299988,40.703281932191,-73.9538136753297,40.7033877265771,-73.9549477046994,0.07108431129846,0.07079239795316,2020.20938934348,2020.20968125683,391600000
720,121,0.00343349726800002,40.7033877265771,-73.9549477046994,40.7148656490405,-73.95863088185,0.07451780856646,0.07108431129846,2020.20968125683,2020.21311475409,391600000
720,122,0.02255918033,40.7033877265771,-73.9549477046994,40.7082501523753,-73.9621520770401,0.09364349162846,0.07108431129846,2020.20968125683,2020.23224043716,391600000
721,123,0.003432622951,40.7119390919564,-73.9541720602725,40.7685584239299,-73.8784796049089,0.11003693425416,0.10660431130316,2020.24520125683,2020.24863387978,391600000
721,124,0.02802278689,40.7119390919564,-73.9541720602725,40.6695201071688,-73.9309474355619,0.13462709819316,0.10660431130316,2020.24520125683,2020.27322404372,391600000
722,723,1.57275554200087e-05,40.6470121491529,-73.9711674455579,40.6470409451501,-73.972054514726,0.07140431130398,0.07138858374856,2020.20998552928,2020.21000125683,391600000
722,128,0.008593705698,40.6470121491529,-73.9711674455579,40.6460449011183,-73.9794741267207,0.07998228944656,0.07138858374856,2020.20998552928,2020.21857923497,391600000
723,126,0.04409710383,40.6470409451501,-73.972054514726,40.6360286212019,-74.0203378996871,0.11550141513398,0.07140431130398,2020.21000125683,2020.25409836066,391600000
723,127,0.03316814208,40.6470409451501,-73.972054514726,40.5588971737886,-73.8909094525008,0.10457245338398,0.07140431130398,2020.21000125683,2020.24316939891,391600000
724,725,9.22750079299095e-06,40.6790624601242,-73.9033923446997,40.6786139816513,-73.9042759678394,0.053248634318953,0.05323940681816,2020.19183635235,2020.19184557985,391600000
724,736,4.40995564600088e-05,40.6790624601242,-73.9033923446997,40.6717959918585,-73.918018605441,0.05328350637462,0.05323940681816,2020.19183635235,2020.1918804519,391600000
725,733,7.84423902300269e-05,40.6786139816513,-73.9042759678394,40.683629789057,-73.8650779717961,0.053327076709183,0.053248634318953,2020.19184557985,2020.19192402224,391600000
725,726,0.000271971093800005,40.6786139816513,-73.9042759678394,40.6821107342534,-73.9059599674336,0.053520605412753,0.053248634318953,2020.19184557985,2020.19211755094,391600000
726,727,6.88930329300064e-05,40.6821107342534,-73.9059599674336,40.6788249252649,-73.9116811893255,0.053589498445683,0.053520605412753,2020.19211755094,2020.19218644397,391600000
726,732,0.000163705890500021,40.6821107342534,-73.9059599674336,40.6814789976771,-73.9082950205862,0.053684311303253,0.053520605412753,2020.19211755094,2020.19228125683,391600000
727,728,0.01818481286,40.6788249252649,-73.9116811893255,40.7881377758007,-73.7975278711309,0.071774311305683,0.053589498445683,2020.19218644397,2020.21037125683,391600000
727,729,9.48128575500029e-05,40.6788249252649,-73.9116811893255,40.6778872382626,-73.9084218901096,0.053684311303233,0.053589498445683,2020.19218644397,2020.19228125683,391600000
728,130,1.12568307199801e-05,40.7881377758007,-73.7975278711309,40.6617850036736,-73.5452199642383,0.071785568136403,0.071774311305683,2020.21037125683,2020.21038251366,391600000
728,131,1.12568307199801e-05,40.7881377758007,-73.7975278711309,40.7882338398297,-73.7974970231813,0.071785568136403,0.071774311305683,2020.21037125683,2020.21038251366,391600000
729,135,0.01810125683,40.6778872382626,-73.9084218901096,40.7559116309146,-73.9697831534962,0.071785568133233,0.053684311303233,2020.19228125683,2020.21038251366,391600000
729,730,0.0162,40.6778872382626,-73.9084218901096,40.6649966442705,-73.9014882954642,0.069884311303233,0.053684311303233,2020.19228125683,2020.20848125683,391600000
730,731,0.00189,40.6649966442705,-73.9014882954642,40.6832616143902,-73.7806092294286,0.071774311303233,0.069884311303233,2020.20848125683,2020.21037125683,391600000
730,132,0.03468814208,40.6649966442705,-73.9014882954642,40.6562581241589,-73.8966236149505,0.104572453383233,0.069884311303233,2020.20848125683,2020.24316939891,391600000
731,134,0.05192382514,40.6832616143902,-73.7806092294286,40.6720286393196,-73.8064605127022,0.123698136443233,0.071774311303233,2020.21037125683,2020.26229508197,391600000
731,133,1.12568307199801e-05,40.6832616143902,-73.7806092294286,40.6831259909713,-73.7809490803789,0.071785568133953,0.071774311303233,2020.21037125683,2020.21038251366,391600000
732,137,0.01810125683,40.6814789976771,-73.9082950205862,40.6286152604405,-73.9623811957793,0.071785568133253,0.053684311303253,2020.19228125683,2020.21038251366,391600000
732,136,0.05635262295,40.6814789976771,-73.9082950205862,40.6775143432447,-73.9567086629512,0.110036934253253,0.053684311303253,2020.19228125683,2020.24863387978,391600000
733,141,0.01845849142,40.683629789057,-73.8650779717961,40.7493569591868,-73.8246411190464,0.071785568129183,0.053327076709183,2020.19192402224,2020.21038251366,391600000
733,734,0.000357234594,40.683629789057,-73.8650779717961,40.6831948105547,-73.8688872418455,0.053684311303183,0.053327076709183,2020.19192402224,2020.19228125683,391600000
734,140,0.05635262295,40.6831948105547,-73.8688872418455,40.6871946097698,-73.8153140045002,0.110036934253183,0.053684311303183,2020.19228125683,2020.24863387978,391600000
734,735,0.01496,40.6831948105547,-73.8688872418455,40.69224966777,-73.8557009025688,0.068644311303183,0.053684311303183,2020.19228125683,2020.20724125683,391600000
735,138,0.06598278689,40.69224966777,-73.8557009025688,40.7247275862232,-73.9809319241174,0.134627098193183,0.068644311303183,2020.20724125683,2020.27322404372,391600000
735,139,0.04685710383,40.69224966777,-73.8557009025688,40.6886604130387,-73.581644825317,0.115501415133183,0.068644311303183,2020.20724125683,2020.25409836066,391600000
736,740,0.000111554088800009,40.6717959918585,-73.918018605441,40.6713234497427,-73.9170000161233,0.05339506046342,0.05328350637462,2020.1918804519,2020.19199200599,391600000
736,737,0.000130395805800015,40.6717959918585,-73.918018605441,40.6959201660624,-73.6832845603397,0.05341390218042,0.05328350637462,2020.1918804519,2020.19201084771,391600000
737,738,0.01290040912,40.6959201660624,-73.6832845603397,40.6971710630878,-73.6848047726025,0.06631431130042,0.05341390218042,2020.19201084771,2020.20491125683,391600000
737,145,0.08940991732,40.6959201660624,-73.6832845603397,40.7227447030309,-73.5283661417508,0.14282381950042,0.05341390218042,2020.19201084771,2020.28142076503,391600000
738,142,6.77595646900175e-06,40.6971710630878,-73.6848047726025,40.6977668875748,-73.6852849258875,0.066321087256889,0.06631431130042,2020.20491125683,2020.20491803278,391600000
738,739,0.03825,40.6971710630878,-73.6848047726025,40.7746697354165,-73.4036896059887,0.10456431130042,0.06631431130042,2020.20491125683,2020.24316125683,391600000
739,144,0.005472622951,40.7746697354165,-73.4036896059887,40.6658238585264,-73.4596869430576,0.11003693425142,0.10456431130042,2020.24316125683,2020.24863387978,391600000
739,143,8.14207669000422e-06,40.7746697354165,-73.4036896059887,40.7740060949802,-73.4227761057649,0.10457245337711,0.10456431130042,2020.24316125683,2020.2431693989,391600000
740,742,0.000289250839799998,40.6713234497427,-73.9170000161233,40.6704600166162,-73.9183330305666,0.05368431130322,0.05339506046342,2020.19199200599,2020.19228125683,391600000
740,741,0.000289250839799998,40.6713234497427,-73.9170000161233,40.6704600166162,-73.9183330305666,0.05368431130322,0.05339506046342,2020.19199200599,2020.19228125683,391600000
741,147,0.08094278689,40.6704600166162,-73.9183330305666,40.6076405506124,-73.9273610565335,0.13462709819322,0.05368431130322,2020.19228125683,2020.27322404372,391600000
741,146,0.06181710383,40.6704600166162,-73.9183330305666,40.6304493086607,-73.9634652188094,0.11550141513322,0.05368431130322,2020.19228125683,2020.25409836066,391600000
742,149,0.05908486339,40.6704600166162,-73.9183330305666,40.7372474897535,-73.8360832900241,0.11276917469322,0.05368431130322,2020.19228125683,2020.25136612022,391600000
742,148,0.05362038251,40.6704600166162,-73.9183330305666,40.6216150235714,-74.0157116066432,0.10730469381322,0.05368431130322,2020.19228125683,2020.24590163934,391600000
743,152,0.07689710383,40.673922602875,-73.8992058918417,40.6574726980519,-73.9084473050704,0.11550141513499,0.03860431130499,2020.17720125683,2020.25409836066,391600000
743,744,0.01576,40.673922602875,-73.8992058918417,40.7066240602802,-73.9560082299657,0.05436431130499,0.03860431130499,2020.17720125683,2020.19296125683,391600000
744,748,0.01369,40.7066240602802,-73.9560082299657,40.7166965935114,-73.9481816125279,0.06805431130499,0.05436431130499,2020.19296125683,2020.20665125683,391600000
744,745,0.01638,40.7066240602802,-73.9560082299657,40.6512388409442,-73.9048885095618,0.07074431130499,0.05436431130499,2020.19296125683,2020.20934125683,391600000
745,746,5e-04,40.6512388409442,-73.9048885095618,40.6963400220899,-73.9117984646034,0.07124431130499,0.07074431130499,2020.20934125683,2020.20984125683,391600000
745,747,0.000549999999999995,40.6512388409442,-73.9048885095618,40.6495597109842,-73.9036549015143,0.07129431130499,0.07074431130499,2020.20934125683,2020.20989125683,391600000
746,153,0.03332814208,40.6963400220899,-73.9117984646034,40.8819720108401,-73.866318883948,0.10457245338499,0.07124431130499,2020.20984125683,2020.24316939891,391600000
746,154,0.05791830601,40.6963400220899,-73.9117984646034,40.6148627871518,-74.0331606258555,0.12916261731499,0.07124431130499,2020.20984125683,2020.26775956284,391600000
747,156,0.05513606557,40.6495597109842,-73.9036549015143,40.6077120967572,-74.0257371525227,0.12643037687499,0.07129431130499,2020.20989125683,2020.2650273224,391600000
747,155,0.06333278689,40.6495597109842,-73.9036549015143,40.6975987150753,-73.9182610795546,0.13462709819499,0.07129431130499,2020.20989125683,2020.27322404372,391600000
748,752,0.00178,40.7166965935114,-73.9481816125279,40.7210989622693,-73.9503617965828,0.06983431130499,0.06805431130499,2020.20665125683,2020.20843125683,391600000
748,749,0.0018,40.7166965935114,-73.9481816125279,40.7614212476347,-73.9552126653952,0.06985431130499,0.06805431130499,2020.20665125683,2020.20845125683,391600000
749,750,9.99999999998225e-06,40.7614212476347,-73.9552126653952,40.7613477706374,-73.9565763808185,0.06986431130499,0.06985431130499,2020.20845125683,2020.20846125683,391600000
749,157,0.00193125683100001,40.7614212476347,-73.9552126653952,40.7666777381162,-73.9692001976305,0.07178556813599,0.06985431130499,2020.20845125683,2020.21038251366,391600000
750,158,0.03744038251,40.7613477706374,-73.9565763808185,40.7790452494831,-73.9093402245291,0.10730469381499,0.06986431130499,2020.20846125683,2020.24590163934,391600000
750,751,0.0347,40.7613477706374,-73.9565763808185,40.581873083769,-73.8260565878475,0.10456431130499,0.06986431130499,2020.20846125683,2020.24316125683,391600000
751,160,0.01093710383,40.581873083769,-73.8260565878475,40.5931745303049,-73.7726750441845,0.11550141513499,0.10456431130499,2020.24316125683,2020.25409836066,391600000
751,159,8.14207669000422e-06,40.581873083769,-73.8260565878475,40.5814922328351,-73.8259079163823,0.10457245338168,0.10456431130499,2020.24316125683,2020.24316939891,391600000
752,753,0.000855516910300003,40.7210989622693,-73.9503617965828,40.7154531486248,-73.9699746045633,0.07068982821529,0.06983431130499,2020.20843125683,2020.20928677374,391600000
752,755,0.00119231750600002,40.7210989622693,-73.9503617965828,40.7221797455747,-73.9515761675194,0.07102662881099,0.06983431130499,2020.20843125683,2020.20962357434,391600000
753,161,0.04481158691,40.7154531486248,-73.9699746045633,40.6857666321032,-73.545033677029,0.11550141512529,0.07068982821529,2020.20928677374,2020.25409836065,391600000
753,754,0.00104448308999999,40.7154531486248,-73.9699746045633,40.7220376498285,-73.9640943389823,0.07173431130529,0.07068982821529,2020.20928677374,2020.21033125683,391600000
754,163,0.04376710383,40.7220376498285,-73.9640943389823,40.6448675988566,-74.0129848272053,0.11550141513529,0.07173431130529,2020.21033125683,2020.25409836066,391600000
754,162,0.04376710383,40.7220376498285,-73.9640943389823,40.7925812072459,-73.9483365136793,0.11550141513529,0.07173431130529,2020.21033125683,2020.25409836066,391600000
755,164,0.0581359885,40.7221797455747,-73.9515761675194,40.648296522881,-73.9144224411191,0.12916261731099,0.07102662881099,2020.20962357434,2020.26775956284,391600000
755,756,0.03079768249,40.7221797455747,-73.9515761675194,40.7147866489472,-73.9842727700348,0.10182431130099,0.07102662881099,2020.20962357434,2020.24042125683,391600000
756,166,1.59016395600009e-05,40.7147866489472,-73.9842727700348,40.7147122733967,-73.9840697384067,0.10184021294055,0.10182431130099,2020.24042125683,2020.24043715847,391600000
756,165,0.002748142077,40.7147866489472,-73.9842727700348,40.6816690112425,-73.800780147207,0.10457245337799,0.10182431130099,2020.24042125683,2020.24316939891,391600000
757,759,0.000215169900599999,40.6954149680079,-73.9200807048685,40.6961793298635,-73.9230680837316,0.03828214189839,0.03806697199779,2020.17666391753,2020.17687908743,391600000
757,758,0.000537339307300017,40.6954149680079,-73.9200807048685,40.6871351329604,-73.922543669094,0.03860431130509,0.03806697199779,2020.17666391753,2020.17720125683,391600000
758,167,0.06870038251,40.6871351329604,-73.922543669094,40.7331735319117,-73.6850221018251,0.10730469381509,0.03860431130509,2020.17720125683,2020.24590163934,391600000
758,168,0.07143262295,40.6871351329604,-73.922543669094,40.6635518173858,-73.9493415056668,0.11003693425509,0.03860431130509,2020.17720125683,2020.24863387978,391600000
759,760,0.000322169406700018,40.6961793298635,-73.9230680837316,40.6964771259828,-73.925306827031,0.03860431130509,0.03828214189839,2020.17687908743,2020.17720125683,391600000
759,169,0.08268375411,40.6961793298635,-73.9230680837316,40.6343467371844,-74.036630688177,0.12096589600839,0.03828214189839,2020.17687908743,2020.25956284154,391600000
760,172,0.07416486339,40.6964771259828,-73.925306827031,40.7257922298376,-73.9864830318606,0.11276917469509,0.03860431130509,2020.17720125683,2020.25136612022,391600000
760,761,0.03224,40.6964771259828,-73.925306827031,40.6794872181191,-73.8828546561348,0.07084431130509,0.03860431130509,2020.17720125683,2020.20944125683,391600000
761,171,0.04192486339,40.6794872181191,-73.8828546561348,40.6939227168328,-73.7538659411165,0.11276917469509,0.07084431130509,2020.20944125683,2020.25136612022,391600000
761,170,0.04465710383,40.6794872181191,-73.8828546561348,40.7603694777079,-73.5137718252853,0.11550141513509,0.07084431130509,2020.20944125683,2020.25409836066,391600000
762,763,0.000324905867000014,40.6741632920904,-73.955639757069,40.6750551853255,-73.9529154455184,0.000718176813400001,0.000393270946399987,2020.13899021647,2020.13931512234,391600000
762,1159,0.00183740065900001,40.6741632920904,-73.955639757069,40.6733781968501,-73.9516831427019,0.0022306716054,0.000393270946399987,2020.13899021647,2020.14082761713,391600000
763,1154,0.001667722742,40.6750551853255,-73.9529154455184,40.6771529724334,-73.9348742733766,0.0023858995554,0.000718176813400001,2020.13931512234,2020.14098284508,391600000
763,764,0.00035580510210001,40.6750551853255,-73.9529154455184,40.6712170204504,-73.9745142282377,0.00107398191550001,0.000718176813400001,2020.13931512234,2020.13967092744,391600000
764,1148,0.00102376867099999,40.6712170204504,-73.9745142282377,40.6762866391695,-73.9916460459578,0.0020977505865,0.00107398191550001,2020.13967092744,2020.14069469611,391600000
764,765,0.000253166838499991,40.6712170204504,-73.9745142282377,40.6711597748982,-73.9758745376652,0.001327148754,0.00107398191550001,2020.13967092744,2020.13992409428,391600000
765,766,0.00135713026000001,40.6711597748982,-73.9758745376652,40.6772305040797,-73.9703518122127,0.00268427901400001,0.001327148754,2020.13992409428,2020.14128122454,391600000
765,774,0.000217636865600002,40.6711597748982,-73.9758745376652,40.6675024699445,-73.9852572307836,0.0015447856196,0.001327148754,2020.13992409428,2020.14014173115,391600000
766,770,0.05680339942,40.6772305040797,-73.9703518122127,40.6248512544743,-73.9868306378421,0.059487678434,0.00268427901400001,2020.14128122454,2020.19808462396,391600000
766,767,0.06458003229,40.6772305040797,-73.9703518122127,40.7227381759127,-73.7895561208412,0.067264311304,0.00268427901400001,2020.14128122454,2020.20586125683,391600000
767,174,0.02637918033,40.7227381759127,-73.7895561208412,40.7214057032357,-73.7989507193224,0.093643491634,0.067264311304,2020.20586125683,2020.23224043716,391600000
767,768,0.00401999999999997,40.7227381759127,-73.7895561208412,40.7363663103604,-73.8379968314112,0.071284311304,0.067264311304,2020.20586125683,2020.20988125683,391600000
768,769,0.03328,40.7363663103604,-73.8379968314112,40.7221320336628,-73.9751300193342,0.104564311304,0.071284311304,2020.20988125683,2020.24316125683,391600000
768,175,0.000501256830700014,40.7363663103604,-73.8379968314112,40.6546168001901,-73.7441354372391,0.0717855681347,0.071284311304,2020.20988125683,2020.21038251366,391600000
769,177,0.01093710383,40.7221320336628,-73.9751300193342,40.5777888934021,-74.0065618514991,0.115501415134,0.104564311304,2020.24316125683,2020.25409836066,391600000
769,176,8.14207669000422e-06,40.7221320336628,-73.9751300193342,40.7221733794738,-73.9755508029667,0.10457245338069,0.104564311304,2020.24316125683,2020.24316939891,391600000
770,771,0.0001066328655,40.6248512544743,-73.9868306378421,40.6244819184311,-73.9854511755099,0.0595943112995,0.059487678434,2020.19808462396,2020.19819125683,391600000
770,182,0.03415581319,40.6248512544743,-73.9868306378421,40.627639174483,-73.9599423042385,0.093643491624,0.059487678434,2020.19808462396,2020.23224043715,391600000
771,181,0.05317486339,40.6244819184311,-73.9854511755099,40.8711540442832,-73.9180528692027,0.1127691746895,0.0595943112995,2020.19819125683,2020.25136612022,391600000
771,772,0.007451788259,40.6244819184311,-73.9854511755099,40.6214679226716,-73.9860834313553,0.0670460995585,0.0595943112995,2020.19819125683,2020.20564304509,391600000
772,180,0.004739468572,40.6214679226716,-73.9860834313553,40.6277473474532,-73.9875560935535,0.0717855681305,0.0670460995585,2020.20564304509,2020.21038251366,391600000
772,773,0.002717622818,40.6214679226716,-73.9860834313553,40.6145185602232,-73.9901228417541,0.0697637223765,0.0670460995585,2020.20564304509,2020.2083606679,391600000
773,178,0.00202184575299999,40.6145185602232,-73.9901228417541,40.6142641957348,-73.9972528627939,0.0717855681295,0.0697637223765,2020.2083606679,2020.21038251366,391600000
773,179,0.00202184575299999,40.6145185602232,-73.9901228417541,40.8382009170989,-73.9312211632961,0.0717855681295,0.0697637223765,2020.2083606679,2020.21038251366,391600000
774,775,0.000976884170300008,40.6675024699445,-73.9852572307836,40.6756511326303,-73.9803035394934,0.00252166978990001,0.0015447856196,2020.14014173115,2020.14111861532,391600000
774,777,0.000289706000100004,40.6675024699445,-73.9852572307836,40.6692631438634,-73.9811892591351,0.00183449161970001,0.0015447856196,2020.14014173115,2020.14043143715,391600000
775,776,0.000432641512399995,40.6756511326303,-73.9803035394934,40.6864331154475,-73.9687084526695,0.00295431130230001,0.00252166978990001,2020.14111861532,2020.14155125683,391600000
775,185,0.1184442262,40.6756511326303,-73.9803035394934,40.648831232947,-74.0233942017207,0.1209658959899,0.00252166978990001,2020.14111861532,2020.25956284152,391600000
776,183,0.1234760656,40.6864331154475,-73.9687084526695,40.6094614079401,-73.9966250620818,0.1264303769023,0.00295431130230001,2020.14155125683,2020.26502732243,391600000
776,184,0.0742957377,40.6864331154475,-73.9687084526695,40.685269962493,-74.0081371498724,0.0772500490023,0.00295431130230001,2020.14155125683,2020.21584699453,391600000
777,778,0.00111981968299998,40.6692631438634,-73.9811892591351,40.670104264411,-73.979442958983,0.00295431130269999,0.00183449161970001,2020.14043143715,2020.14155125683,391600000
777,779,5.99806551299931e-05,40.6692631438634,-73.9811892591351,40.6910032920039,-73.9723483630746,0.00189447227483,0.00183449161970001,2020.14043143715,2020.1404914178,391600000
778,187,0.1016181421,40.670104264411,-73.979442958983,40.6747006161465,-73.6616046499897,0.1045724534027,0.00295431130269999,2020.14155125683,2020.24316939893,391600000
778,186,0.1644596721,40.670104264411,-73.979442958983,40.6598060001281,-74.007315124306,0.1674139834027,0.00295431130269999,2020.14155125683,2020.30601092893,391600000
779,1118,0.000200182214700001,40.6910032920039,-73.9723483630746,40.6896419565817,-73.9760061423945,0.00209465448953,0.00189447227483,2020.1404914178,2020.14069160002,391600000
779,780,0.000480184666799999,40.6910032920039,-73.9723483630746,40.6923060415179,-73.9772781462314,0.00237465694163,0.00189447227483,2020.1404914178,2020.14097160247,391600000
780,784,0.01798965436,40.6923060415179,-73.9772781462314,40.7015421781848,-73.9693120190976,0.02036431130163,0.00237465694163,2020.14097160247,2020.15896125683,391600000
780,781,0.000175743398900002,40.6923060415179,-73.9772781462314,40.6872230534313,-73.9623017858342,0.00255040034053,0.00237465694163,2020.14097160247,2020.14114734587,391600000
781,188,0.0774318891,40.6872230534313,-73.9623017858342,40.7641501850388,-73.9126555323891,0.07998228944053,0.00255040034053,2020.14114734587,2020.21857923497,391600000
781,782,0.000242349167699996,40.6872230534313,-73.9623017858342,40.6892815965168,-73.9583382805735,0.00279274950823,0.00255040034053,2020.14114734587,2020.14138969504,391600000
782,191,0.1810146765,40.6892815965168,-73.9583382805735,40.6682835155714,-73.9355470017412,0.18380742600823,0.00279274950823,2020.14138969504,2020.32240437154,391600000
782,783,0.05442156179,40.6892815965168,-73.9583382805735,40.6327666122909,-74.0195642311081,0.05721431129823,0.00279274950823,2020.14138969504,2020.19581125683,391600000
783,190,0.04735814208,40.6327666122909,-74.0195642311081,40.553989855272,-74.1158740343626,0.10457245337823,0.05721431129823,2020.19581125683,2020.24316939891,391600000
783,189,0.04735814208,40.6327666122909,-74.0195642311081,40.6229655666593,-73.9460479659298,0.10457245337823,0.05721431129823,2020.19581125683,2020.24316939891,391600000
784,785,0.02259,40.7015421781848,-73.9693120190976,40.6908724844192,-73.9540757792033,0.04295431130163,0.02036431130163,2020.15896125683,2020.18155125683,391600000
784,823,0.00191,40.7015421781848,-73.9693120190976,40.7220439739722,-73.9243549445268,0.02227431130163,0.02036431130163,2020.15896125683,2020.16087125683,391600000
785,807,0.003759523284,40.6908724844192,-73.9540757792033,40.6915559640911,-73.9584571668417,0.04671383458563,0.04295431130163,2020.18155125683,2020.18531078011,391600000
785,786,0.00234000000000001,40.6908724844192,-73.9540757792033,40.6926065210323,-73.9713041289924,0.04529431130163,0.04295431130163,2020.18155125683,2020.18389125683,391600000
786,796,0.00220186777,40.6926065210323,-73.9713041289924,40.6938119550988,-73.9661118050011,0.04749617907163,0.04529431130163,2020.18389125683,2020.1860931246,391600000
786,787,0.00170000000000001,40.6926065210323,-73.9713041289924,40.7370115283517,-73.8862678053966,0.04699431130163,0.04529431130163,2020.18389125683,2020.18559125683,391600000
787,788,0.01982387659,40.7370115283517,-73.8862678053966,40.6958860176669,-73.6129508062742,0.06681818789163,0.04699431130163,2020.18559125683,2020.20541513342,391600000
787,792,0.008504111461,40.7370115283517,-73.8862678053966,40.7411519384975,-73.8762550239778,0.05549842276263,0.04699431130163,2020.18559125683,2020.19409536829,391600000
788,789,0.000356123406200004,40.6958860176669,-73.6129508062742,40.6957277257871,-73.6197597042798,0.06717431129783,0.06681818789163,2020.20541513342,2020.20577125683,391600000
788,790,0.00200612340600001,40.6958860176669,-73.6129508062742,40.7043879663443,-73.6149058252822,0.06882431129763,0.06681818789163,2020.20541513342,2020.20742125683,391600000
789,192,0.004611256831,40.6957277257871,-73.6197597042798,40.6947103689439,-73.6101889127412,0.07178556812883,0.06717431129783,2020.20577125683,2020.21038251366,391600000
789,193,0.02646918033,40.6957277257871,-73.6197597042798,40.7295141652075,-73.6735388579179,0.09364349162783,0.06717431129783,2020.20577125683,2020.23224043716,391600000
790,791,0.00141999999999998,40.7043879663443,-73.6149058252822,40.6997722876323,-73.6234003736008,0.07024431129763,0.06882431129763,2020.20742125683,2020.20884125682,391600000
790,194,0.000229016393599984,40.7043879663443,-73.6149058252822,40.7088107200107,-73.5810808311242,0.06905332769123,0.06882431129763,2020.20742125683,2020.20765027322,391600000
791,195,0.09716967213,40.6997722876323,-73.6234003736008,40.5939090623852,-74.1942482079437,0.16741398342763,0.07024431129763,2020.20884125682,2020.30601092895,391600000
791,196,0.009737978142,40.6997722876323,-73.6234003736008,40.7022731184345,-73.6373566327924,0.07998228943963,0.07024431129763,2020.20884125682,2020.21857923497,391600000
792,197,0.05453851149,40.7411519384975,-73.8762550239778,40.7482719487499,-73.8752786013116,0.11003693425263,0.05549842276263,2020.19409536829,2020.24863387978,391600000
792,793,0.00812588853899998,40.7411519384975,-73.8762550239778,40.7528071223347,-73.9576104186967,0.06362431130163,0.05549842276263,2020.19409536829,2020.20222125683,391600000
793,794,0.00181000000000001,40.7528071223347,-73.9576104186967,40.6016269568851,-73.9668584083509,0.06543431130163,0.06362431130163,2020.20222125683,2020.20403125683,391600000
793,198,0.03821590164,40.7528071223347,-73.9576104186967,40.7207202268359,-73.9780462577702,0.10184021294163,0.06362431130163,2020.20222125683,2020.24043715847,391600000
794,199,0.000886775956499997,40.6016269568851,-73.9668584083509,40.6486432308876,-73.9507648790049,0.06632108725813,0.06543431130163,2020.20403125683,2020.20491803279,391600000
794,795,0.00360000000000002,40.6016269568851,-73.9668584083509,40.7570159332363,-73.9536611980833,0.06903431130163,0.06543431130163,2020.20403125683,2020.20763125683,391600000
795,201,0.03553814208,40.7570159332363,-73.9536611980833,40.7402771763343,-73.9742431983071,0.10457245338163,0.06903431130163,2020.20763125683,2020.24316939891,391600000
795,200,1.90163935999688e-05,40.7570159332363,-73.9536611980833,40.7638571704065,-73.9767240482703,0.06905332769523,0.06903431130163,2020.20763125683,2020.20765027322,391600000
796,798,0.00247813222999999,40.6938119550988,-73.9661118050011,40.6917221246447,-73.9372843145002,0.04997431130163,0.04749617907163,2020.1860931246,2020.18857125683,391600000
796,797,0.01830813223,40.6938119550988,-73.9661118050011,40.7013975670637,-73.9395155920044,0.06580431130163,0.04749617907163,2020.1860931246,2020.20440125683,391600000
797,203,0.1234675956,40.7013975670637,-73.9395155920044,40.6527417933624,-73.9069421598065,0.18927190690163,0.06580431130163,2020.20440125683,2020.32786885243,391600000
797,202,0.00598125683099998,40.7013975670637,-73.9395155920044,40.7141598779191,-74.0113391355559,0.07178556813263,0.06580431130163,2020.20440125683,2020.21038251366,391600000
798,801,0.00219,40.6917221246447,-73.9372843145002,40.7203094310523,-73.8805439373982,0.05216431130163,0.04997431130163,2020.18857125683,2020.19076125683,391600000
798,799,0.00899,40.6917221246447,-73.9372843145002,40.6956873906436,-73.9339632235052,0.05896431130163,0.04997431130163,2020.18857125683,2020.19756125683,391600000
799,204,0.05107262295,40.6956873906436,-73.9339632235052,40.7887052890615,-73.4243584100211,0.11003693425163,0.05896431130163,2020.19756125683,2020.24863387978,391600000
799,800,0.01158,40.6956873906436,-73.9339632235052,40.6863322313662,-73.942048499037,0.07054431130163,0.05896431130163,2020.19756125683,2020.20914125683,391600000
800,206,0.04495710383,40.6863322313662,-73.942048499037,40.7672705064142,-73.7201567151143,0.11550141513163,0.07054431130163,2020.20914125683,2020.25409836066,391600000
800,205,0.03949262295,40.6863322313662,-73.942048499037,40.6443823028168,-73.9444093536709,0.11003693425163,0.07054431130163,2020.20914125683,2020.24863387978,391600000
801,802,0.00733,40.7203094310523,-73.8805439373982,40.7203009716676,-73.8738163780839,0.05949431130163,0.05216431130163,2020.19076125683,2020.19809125683,391600000
801,805,0.0181,40.7203094310523,-73.8805439373982,40.7877412337291,-73.5769474407212,0.07026431130163,0.05216431130163,2020.19076125683,2020.20886125683,391600000
802,804,0.04767,40.7203009716676,-73.8738163780839,40.7352407431352,-73.8837899908943,0.10716431130163,0.05949431130163,2020.19809125683,2020.24576125683,391600000
802,803,0.01111,40.7203009716676,-73.8738163780839,40.7380158312567,-73.8729419200082,0.07060431130163,0.05949431130163,2020.19809125683,2020.20920125683,391600000
803,208,0.00664573770500002,40.7380158312567,-73.8729419200082,40.6134927676058,-73.9495550631658,0.07725004900663,0.07060431130163,2020.20920125683,2020.21584699453,391600000
803,207,0.06402278689,40.7380158312567,-73.8729419200082,40.7496916765876,-73.6471897769553,0.13462709819163,0.07060431130163,2020.20920125683,2020.27322404372,391600000
804,210,0.1039655191,40.7352407431352,-73.8837899908943,40.7455366173031,-73.8713060054886,0.21112983040163,0.10716431130163,2020.24576125683,2020.34972677593,391600000
804,209,0.04112398907,40.7352407431352,-73.8837899908943,40.7506692928476,-73.8318081134341,0.14828830037163,0.10716431130163,2020.24576125683,2020.2868852459,391600000
805,211,0.06163054645,40.7877412337291,-73.5769474407212,40.8477125523714,-73.6307009270527,0.13189485775163,0.07026431130163,2020.20886125683,2020.27049180328,391600000
805,806,0.00931999999999999,40.7877412337291,-73.5769474407212,40.7748021188251,-73.5893738154276,0.07958431130163,0.07026431130163,2020.20886125683,2020.21818125683,391600000
806,212,0.04411382514,40.7748021188251,-73.5893738154276,40.5888017186157,-73.9567561101818,0.12369813644163,0.07958431130163,2020.21818125683,2020.26229508197,391600000
806,213,0.01405918033,40.7748021188251,-73.5893738154276,40.7591702204957,-73.5544918992424,0.09364349163163,0.07958431130163,2020.21818125683,2020.23224043716,391600000
807,214,0.0879132636,40.6915559640911,-73.9584571668417,40.5838054454206,-73.984912956615,0.13462709818563,0.04671383458563,2020.18531078011,2020.27322404371,391600000
807,808,0.00759252870999999,40.6915559640911,-73.9584571668417,40.6895749272663,-73.9651571307327,0.05430636329563,0.04671383458563,2020.18531078011,2020.19290330882,391600000
808,809,0.000369022102700012,40.6895749272663,-73.9651571307327,40.6893934067477,-73.9676824638355,0.05467538539833,0.05430636329563,2020.19290330882,2020.19327233093,391600000
808,814,0.00264651315799999,40.6895749272663,-73.9651571307327,40.6903447679152,-73.9607566367755,0.05695287645363,0.05430636329563,2020.19290330882,2020.19554982198,391600000
809,812,0.0154889259,40.6893934067477,-73.9676824638355,40.607569358107,-73.9825485647639,0.07016431129833,0.05467538539833,2020.19327233093,2020.20876125683,391600000
809,810,0.000108925903099993,40.6893934067477,-73.9676824638355,40.6885299569153,-73.9699242266193,0.05478431130143,0.05467538539833,2020.19327233093,2020.19338125683,391600000
810,811,0.01024,40.6885299569153,-73.9699242266193,40.6805779707838,-73.9733694304326,0.06502431130143,0.05478431130143,2020.19338125683,2020.20362125683,391600000
810,215,0.09077174863,40.6885299569153,-73.9699242266193,40.8264498236034,-73.526921459523,0.14555605993143,0.05478431130143,2020.19338125683,2020.28415300546,391600000
811,216,0.04501262295,40.6805779707838,-73.9733694304326,40.6792085732543,-73.934046935869,0.11003693425143,0.06502431130143,2020.20362125683,2020.24863387978,391600000
811,217,0.004029016394,40.6805779707838,-73.9733694304326,40.7785762122093,-73.8201928720758,0.06905332769543,0.06502431130143,2020.20362125683,2020.20765027322,391600000
812,218,0.02621142077,40.607569358107,-73.9825485647639,40.7912064751402,-73.7274227499811,0.09637573206833,0.07016431129833,2020.20876125683,2020.2349726776,391600000
812,813,0.03843,40.607569358107,-73.9825485647639,40.6065637560849,-74.0338305409616,0.10859431129833,0.07016431129833,2020.20876125683,2020.24719125683,391600000
813,220,0.02056830601,40.6065637560849,-74.0338305409616,40.6067764966501,-74.0284017920478,0.12916261730833,0.10859431129833,2020.24719125683,2020.26775956284,391600000
813,219,0.01510382514,40.6065637560849,-74.0338305409616,40.6058934697773,-74.0230348197417,0.12369813643833,0.10859431129833,2020.24719125683,2020.26229508197,391600000
814,817,0.000208307302900002,40.6903447679152,-73.9607566367755,40.6845285994822,-73.975183204064,0.05716118375653,0.05695287645363,2020.19554982198,2020.19575812928,391600000
814,815,0.03589143485,40.6903447679152,-73.9607566367755,40.6927443019266,-73.9386027429504,0.09284431130363,0.05695287645363,2020.19554982198,2020.23144125683,391600000
815,816,0.0117,40.6927443019266,-73.9386027429504,40.681167658208,-73.9797877163328,0.10454431130363,0.09284431130363,2020.23144125683,2020.24314125683,391600000
815,221,0.09642759563,40.6927443019266,-73.9386027429504,40.7414800431726,-74.0017037104745,0.18927190693363,0.09284431130363,2020.23144125683,2020.32786885246,391600000
816,223,0.06833415301,40.681167658208,-73.9797877163328,40.7028796717329,-73.9718308298713,0.17287846431363,0.10454431130363,2020.24314125683,2020.31147540984,391600000
816,222,0.04647622951,40.681167658208,-73.9797877163328,40.6157734545373,-73.996983687332,0.15102054081363,0.10454431130363,2020.24314125683,2020.28961748634,391600000
817,822,0.01371312755,40.6845285994822,-73.975183204064,40.6901108933212,-73.9870370569807,0.07087431130653,0.05716118375653,2020.19575812928,2020.20947125683,391600000
817,818,0.00022312754540002,40.6845285994822,-73.975183204064,40.71577129087,-74.0025478623044,0.05738431130193,0.05716118375653,2020.19575812928,2020.19598125683,391600000
818,820,0.01281390512,40.71577129087,-74.0025478623044,40.7163076453117,-73.9806039896447,0.07019821642193,0.05738431130193,2020.19598125683,2020.20879516195,391600000
818,819,0.00925197944199999,40.71577129087,-74.0025478623044,40.7283749821958,-73.9939660206005,0.06663629074393,0.05738431130193,2020.19598125683,2020.20523323627,391600000
819,225,0.02700720089,40.7283749821958,-73.9939660206005,40.7521235682603,-73.6818163977841,0.09364349163393,0.06663629074393,2020.20523323627,2020.23224043716,391600000
819,224,0.00514927738900001,40.7283749821958,-73.9939660206005,40.7265157639221,-73.995512395115,0.07178556813293,0.06663629074393,2020.20523323627,2020.21038251366,391600000
820,821,0.000176094876100014,40.7163076453117,-73.9806039896447,40.7167854784596,-73.9814325764734,0.07037431129803,0.07019821642193,2020.20879516195,2020.20897125683,391600000
820,228,0.02617751564,40.7163076453117,-73.9806039896447,40.5877556169872,-73.9617376231026,0.09637573206193,0.07019821642193,2020.20879516195,2020.23497267759,391600000
821,226,0.006875737705,40.7167854784596,-73.9814325764734,40.7247334078784,-74.0060562228725,0.07725004900303,0.07037431129803,2020.20897125683,2020.21584699453,391600000
821,227,0.02600142077,40.7167854784596,-73.9814325764734,40.7649441556046,-73.867069336295,0.09637573206803,0.07037431129803,2020.20897125683,2020.2349726776,391600000
822,230,0.03369814208,40.6901108933212,-73.9870370569807,40.6222874075047,-73.9658727222114,0.10457245338653,0.07087431130653,2020.20947125683,2020.24316939891,391600000
822,229,0.0719495082,40.6901108933212,-73.9870370569807,40.7773642625451,-73.9804147028049,0.14282381950653,0.07087431130653,2020.20947125683,2020.28142076503,391600000
823,951,0.00555,40.7220439739722,-73.9243549445268,40.7223331700908,-73.9188603708469,0.02782431130163,0.02227431130163,2020.16087125683,2020.16642125683,391600000
823,824,0.00198000000000001,40.7220439739722,-73.9243549445268,40.7188629995118,-73.9352454494981,0.02425431130163,0.02227431130163,2020.16087125683,2020.16285125683,391600000
824,825,0.002,40.7188629995118,-73.9352454494981,40.7274282158819,-73.8517247806813,0.02625431130163,0.02425431130163,2020.16285125683,2020.16485125683,391600000
824,846,0.02007,40.7188629995118,-73.9352454494981,40.7278295790446,-73.9631784938141,0.04432431130163,0.02425431130163,2020.16285125683,2020.18292125683,391600000
825,831,0.02284,40.7274282158819,-73.8517247806813,40.7294600622198,-73.8442019645071,0.04909431130163,0.02625431130163,2020.16485125683,2020.18769125683,391600000
825,826,0.03410534237,40.7274282158819,-73.8517247806813,40.7538142802793,-73.8811418004264,0.06035965367163,0.02625431130163,2020.16485125683,2020.1989565992,391600000
826,830,0.000259680189099998,40.7538142802793,-73.8811418004264,40.7535918720209,-73.8810605037213,0.06061933386073,0.06035965367163,2020.1989565992,2020.19921627939,391600000
826,827,0.000619229285500011,40.7538142802793,-73.8811418004264,40.7501518859509,-73.8850779998801,0.06097888295713,0.06035965367163,2020.1989565992,2020.19957582848,391600000
827,234,0.05179029173,40.7501518859509,-73.8850779998801,40.7619534591867,-73.9257877196577,0.11276917468713,0.06097888295713,2020.19957582848,2020.25136612021,391600000
827,828,8.54283444999826e-05,40.7501518859509,-73.8850779998801,40.7500127553905,-73.8850913174418,0.06106431130163,0.06097888295713,2020.19957582848,2020.19966125683,391600000
828,829,0.01071,40.7500127553905,-73.8850913174418,40.7013199819482,-73.6274337255319,0.07177431130163,0.06106431130163,2020.19966125683,2020.21037125683,391600000
828,233,0.01072125683,40.7500127553905,-73.8850913174418,40.708138189078,-73.7498417418248,0.07178556813163,0.06106431130163,2020.19966125683,2020.21038251366,391600000
829,232,0.09017519126,40.7013199819482,-73.6274337255319,40.888061779071,-73.3188378256101,0.16194950256163,0.07177431130163,2020.21037125683,2020.30054644809,391600000
829,231,1.12568307200078e-05,40.7013199819482,-73.6274337255319,40.7084952618283,-73.6113733054102,0.07178556813235,0.07177431130163,2020.21037125683,2020.21038251366,391600000
830,235,0.04395311952,40.7535918720209,-73.8810605037213,40.6808730388434,-73.5711485173193,0.10457245338073,0.06061933386073,2020.19921627939,2020.24316939891,391600000
830,236,0.00843399383500001,40.7535918720209,-73.8810605037213,40.7673466382575,-73.9814505348738,0.06905332769573,0.06061933386073,2020.19921627939,2020.20765027322,391600000
831,832,0.00187999999999999,40.7294600622198,-73.8442019645071,40.7292284491929,-73.8363425146238,0.05097431130163,0.04909431130163,2020.18769125683,2020.18957125683,391600000
831,237,0.1019262295,40.7294600622198,-73.8442019645071,40.6868908871804,-73.6053126177809,0.15102054080163,0.04909431130163,2020.18769125683,2020.28961748633,391600000
832,841,0.00152646231600001,40.7292284491929,-73.8363425146238,40.7289540300428,-73.8342617654591,0.05250077361763,0.05097431130163,2020.18957125683,2020.19109771914,391600000
832,833,0.01949,40.7292284491929,-73.8363425146238,40.7408313432375,-73.8480611953092,0.07046431130163,0.05097431130163,2020.18957125683,2020.20906125683,391600000
833,838,0.000215462627800006,40.7408313432375,-73.8480611953092,40.7402584621139,-73.8461763274998,0.07067977392943,0.07046431130163,2020.20906125683,2020.20927671946,391600000
833,834,0.000128473581600008,40.7408313432375,-73.8480611953092,40.7402065466298,-73.8508415171948,0.07059278488323,0.07046431130163,2020.20906125683,2020.20918973041,391600000
834,836,0.000151526418399994,40.7402065466298,-73.8508415171948,40.7378454971349,-73.8582785704914,0.07074431130163,0.07059278488323,2020.20918973041,2020.20934125683,391600000
834,835,0.000151526418399994,40.7402065466298,-73.8508415171948,40.7378454971349,-73.8582785704914,0.07074431130163,0.07059278488323,2020.20918973041,2020.20934125683,391600000
835,238,0.03382814208,40.7378454971349,-73.8582785704914,40.687431908858,-73.9472035785879,0.10457245338163,0.07074431130163,2020.20934125683,2020.24316939891,391600000
835,239,0.03382814208,40.7378454971349,-73.8582785704914,40.7342852200252,-73.9908421658294,0.10457245338163,0.07074431130163,2020.20934125683,2020.24316939891,391600000
836,240,0.03382814208,40.7378454971349,-73.8582785704914,40.6423234463678,-73.9689886843759,0.10457245338163,0.07074431130163,2020.20934125683,2020.24316939891,391600000
836,837,0.03381,40.7378454971349,-73.8582785704914,40.7869594285448,-73.8381281271254,0.10455431130163,0.07074431130163,2020.20934125683,2020.24315125683,391600000
837,241,0.002750382514,40.7869594285448,-73.8381281271254,40.7086396565438,-73.848961127929,0.10730469381563,0.10455431130163,2020.24315125683,2020.24590163934,391600000
837,242,1.81420766900003e-05,40.7869594285448,-73.8381281271254,40.7868080952266,-73.8385929493836,0.10457245337832,0.10455431130163,2020.24315125683,2020.24316939891,391600000
838,839,6.45373722099885e-05,40.7402584621139,-73.8461763274998,40.7406782892303,-73.8470891798955,0.07074431130164,0.07067977392943,2020.20927671946,2020.20934125683,391600000
838,840,0.03387453737,40.7402584621139,-73.8461763274998,40.8960974857699,-73.8485164255107,0.10455431129943,0.07067977392943,2020.20927671946,2020.24315125683,391600000
839,243,0.03382814208,40.7406782892303,-73.8470891798955,40.7455704678325,-73.8352579843952,0.10457245338164,0.07074431130164,2020.20934125683,2020.24316939891,391600000
839,244,0.03382814208,40.7406782892303,-73.8470891798955,40.6680304230839,-73.7756889246019,0.10457245338164,0.07074431130164,2020.20934125683,2020.24316939891,391600000
840,246,1.81420766900003e-05,40.8960974857699,-73.8485164255107,40.8962883753214,-73.8488124646681,0.10457245337612,0.10455431129943,2020.24315125683,2020.2431693989,391600000
840,245,0.03007278689,40.8960974857699,-73.8485164255107,40.7198232971956,-73.5359073918182,0.13462709818943,0.10455431129943,2020.24315125683,2020.27322404372,391600000
841,842,0.000313537684100001,40.7289540300428,-73.8342617654591,40.7336161716667,-73.8132000215515,0.05281431130173,0.05250077361763,2020.19109771914,2020.19141125683,391600000
841,844,0.01203724119,40.7289540300428,-73.8342617654591,40.7187250298909,-73.8500283964185,0.06453801480763,0.05250077361763,2020.19109771914,2020.20313496033,391600000
842,843,0.01622,40.7336161716667,-73.8132000215515,40.7249058100849,-73.6909783734915,0.06903431130173,0.05281431130173,2020.19141125683,2020.20763125683,391600000
842,247,0.01623901639,40.7336161716667,-73.8132000215515,40.7872231261414,-73.9727702704417,0.06905332769173,0.05281431130173,2020.19141125683,2020.20765027322,391600000
843,248,0.0737895082,40.7249058100849,-73.6909783734915,40.6567039733594,-73.8693522558567,0.14282381950173,0.06903431130173,2020.20763125683,2020.28142076503,391600000
843,249,1.90163935999965e-05,40.7249058100849,-73.6909783734915,40.7245424709998,-73.6912690219988,0.06905332769533,0.06903431130173,2020.20763125683,2020.20765027322,391600000
844,252,0.05096340032,40.7187250298909,-73.8500283964185,40.7378252930322,-73.8600873228515,0.11550141512763,0.06453801480763,2020.20313496033,2020.25409836066,391600000
844,845,0.000121506573000002,40.7187250298909,-73.8500283964185,40.7165058150567,-73.8487911212532,0.06465952138063,0.06453801480763,2020.20313496033,2020.20325646691,391600000
845,250,0.039912932,40.7165058150567,-73.8487911212532,40.7587091245016,-73.6404715280665,0.10457245338063,0.06465952138063,2020.20325646691,2020.24316939891,391600000
845,251,0.039912932,40.7165058150567,-73.8487911212532,40.5407411435219,-74.2119570622373,0.10457245338063,0.06465952138063,2020.20325646691,2020.24316939891,391600000
846,863,0.00184000000000001,40.7278295790446,-73.9631784938141,40.7283771928368,-73.961457003295,0.04616431130163,0.04432431130163,2020.18292125683,2020.18476125683,391600000
846,847,0.00774,40.7278295790446,-73.9631784938141,40.7130625752264,-73.9723674089738,0.05206431130163,0.04432431130163,2020.18292125683,2020.19066125683,391600000
847,848,0.00806182867899999,40.7130625752264,-73.9723674089738,40.7234457654929,-73.9713516211403,0.06012613998063,0.05206431130163,2020.19066125683,2020.19872308551,391600000
847,859,0.00980973863500001,40.7130625752264,-73.9723674089738,40.7269469076471,-73.9734370188755,0.06187404993663,0.05206431130163,2020.19066125683,2020.20047099546,391600000
848,854,0.000562033826100011,40.7234457654929,-73.9713516211403,40.7240566408107,-73.9678097119118,0.06068817380673,0.06012613998063,2020.19872308551,2020.19928511933,391600000
848,849,0.000215614952100013,40.7234457654929,-73.9713516211403,40.7303808321364,-73.9667459339822,0.06034175493273,0.06012613998063,2020.19872308551,2020.19893870046,391600000
849,850,0.000372394024200001,40.7303808321364,-73.9667459339822,40.7878455924764,-73.904861887091,0.06071414895693,0.06034175493273,2020.19893870046,2020.19931109448,391600000
849,852,0.00044193154979999,40.7303808321364,-73.9667459339822,40.7477058390639,-73.9909379535572,0.06078368648253,0.06034175493273,2020.19893870046,2020.19938063201,391600000
850,255,0.01107141918,40.7878455924764,-73.904861887091,40.7762420546567,-73.9067702741432,0.07178556813693,0.06071414895693,2020.19931109448,2020.21038251366,391600000
850,851,0.000370162345100011,40.7878455924764,-73.904861887091,40.6273635973719,-74.116049893915,0.06108431130203,0.06071414895693,2020.19931109448,2020.19968125683,391600000
851,254,0.01070125683,40.6273635973719,-74.116049893915,40.6319761394857,-74.0306680805753,0.07178556813203,0.06108431130203,2020.19968125683,2020.21038251366,391600000
851,253,0.01070125683,40.6273635973719,-74.116049893915,40.6324585931989,-74.1058605236589,0.07178556813203,0.06108431130203,2020.19968125683,2020.21038251366,391600000
852,853,0.000300624819599998,40.7477058390639,-73.9909379535572,40.7537341569697,-73.9872146976175,0.06108431130213,0.06078368648253,2020.19938063201,2020.19968125683,391600000
852,256,0.01100188165,40.7477058390639,-73.9909379535572,40.628209360166,-73.9666816870668,0.07178556813253,0.06078368648253,2020.19938063201,2020.21038251366,391600000
853,258,0.01070125683,40.7537341569697,-73.9872146976175,40.7739424081579,-73.9454578195455,0.07178556813213,0.06108431130213,2020.19968125683,2020.21038251366,391600000
853,257,0.01070125683,40.7537341569697,-73.9872146976175,40.7523738858961,-73.9833415340605,0.07178556813213,0.06108431130213,2020.19968125683,2020.21038251366,391600000
854,858,9.15920788800151e-05,40.7240566408107,-73.9678097119118,40.7241593450861,-73.9681857535096,0.06077976588561,0.06068817380673,2020.19928511933,2020.19937671141,391600000
854,855,0.000314425302299998,40.7240566408107,-73.9678097119118,40.7253394810593,-73.9595803469477,0.06100259910903,0.06068817380673,2020.19928511933,2020.19959954464,391600000
855,857,8.17121931500076e-05,40.7253394810593,-73.9595803469477,40.7256020615942,-73.9577180825326,0.06108431130218,0.06100259910903,2020.19959954464,2020.19968125683,391600000
855,856,8.17121931500076e-05,40.7253394810593,-73.9595803469477,40.7256020615942,-73.9577180825326,0.06108431130218,0.06100259910903,2020.19959954464,2020.19968125683,391600000
856,260,0.01070125683,40.7256020615942,-73.9577180825326,40.7120167473846,-73.9807204500632,0.07178556813218,0.06108431130218,2020.19968125683,2020.21038251366,391600000
856,259,0.01070125683,40.7256020615942,-73.9577180825326,40.6311194009159,-74.0088053276495,0.07178556813218,0.06108431130218,2020.19968125683,2020.21038251366,391600000
857,262,0.01070125683,40.7256020615942,-73.9577180825326,40.6975160801633,-73.5287042260346,0.07178556813218,0.06108431130218,2020.19968125683,2020.21038251366,391600000
857,261,0.01070125683,40.7256020615942,-73.9577180825326,40.7222633484931,-73.972712625832,0.07178556813218,0.06108431130218,2020.19968125683,2020.21038251366,391600000
858,264,0.01100580225,40.7241593450861,-73.9681857535096,40.6228540923619,-73.9655166239667,0.07178556813561,0.06077976588561,2020.19937671141,2020.21038251366,391600000
858,263,0.01100580225,40.7241593450861,-73.9681857535096,40.7425443983127,-73.9955084973818,0.07178556813561,0.06077976588561,2020.19937671141,2020.21038251366,391600000
859,265,0.1164688952,40.7269469076471,-73.9734370188755,40.7400824668742,-73.973023576319,0.17834294513663,0.06187404993663,2020.20047099546,2020.31693989066,391600000
859,860,0.00019026136530001,40.7269469076471,-73.9734370188755,40.7264359840057,-73.9723843400456,0.06206431130193,0.06187404993663,2020.20047099546,2020.20066125683,391600000
860,861,0.00777035505699997,40.7264359840057,-73.9723843400456,40.743342832201,-73.9754770402619,0.06983466635893,0.06206431130193,2020.20066125683,2020.20843161189,391600000
860,269,0.04797262295,40.7264359840057,-73.9723843400456,40.7008295433296,-73.9172722506676,0.11003693425193,0.06206431130193,2020.20066125683,2020.24863387978,391600000
861,266,0.00195090177400001,40.743342832201,-73.9754770402619,40.714721240987,-73.8383279981835,0.07178556813293,0.06983466635893,2020.20843161189,2020.21038251366,391600000
861,862,0.00125964494300002,40.743342832201,-73.9754770402619,40.7453281880896,-73.9803309453739,0.07109431130193,0.06983466635893,2020.20843161189,2020.20969125683,391600000
862,267,0.04167486339,40.7453281880896,-73.9803309453739,40.7441382114543,-73.9943830602391,0.11276917469193,0.07109431130193,2020.20969125683,2020.25136612022,391600000
862,268,0.03894262295,40.7453281880896,-73.9803309453739,40.7466786442837,-73.9776006671521,0.11003693425193,0.07109431130193,2020.20969125683,2020.24863387978,391600000
863,270,0.0966595082,40.7283771928368,-73.961457003295,40.7463730381282,-73.9820105444655,0.14282381950163,0.04616431130163,2020.18476125683,2020.28142076503,391600000
863,864,0.00178999999999999,40.7283771928368,-73.961457003295,40.729759481174,-73.9706954937847,0.04795431130163,0.04616431130163,2020.18476125683,2020.18655125683,391600000
864,865,0.000927071103100002,40.729759481174,-73.9706954937847,40.7265997506745,-73.9788499584367,0.04888138240473,0.04795431130163,2020.18655125683,2020.18747832793,391600000
864,910,0.00554000000000002,40.729759481174,-73.9706954937847,40.6860479564537,-73.9374837404552,0.05349431130163,0.04795431130163,2020.18655125683,2020.19209125683,391600000
865,866,0.00277292889700001,40.7265997506745,-73.9788499584367,40.7311861375604,-73.9634281360611,0.05165431130173,0.04888138240473,2020.18747832793,2020.19025125683,391600000
865,271,0.06115555185,40.7265997506745,-73.9788499584367,40.6792692454635,-73.9400845187998,0.11003693425473,0.04888138240473,2020.18747832793,2020.24863387978,391600000
866,867,0.01859,40.7311861375604,-73.9634281360611,40.7151496975056,-73.9863892366147,0.07024431130173,0.05165431130173,2020.19025125683,2020.20884125683,391600000
866,872,0.01833,40.7311861375604,-73.9634281360611,40.7377786626802,-73.9747762816489,0.06998431130173,0.05165431130173,2020.19025125683,2020.20858125683,391600000
867,870,0.000689999999999996,40.7151496975056,-73.9863892366147,40.6874122697078,-73.994237498139,0.07093431130173,0.07024431130173,2020.20884125683,2020.20953125683,391600000
867,868,0.000340000000000007,40.7151496975056,-73.9863892366147,40.7125586667728,-73.9854317302376,0.07058431130173,0.07024431130173,2020.20884125683,2020.20918125683,391600000
868,869,0.00084999999999999,40.7125586667728,-73.9854317302376,40.7063810473372,-74.0070749090968,0.07143431130173,0.07058431130173,2020.20918125683,2020.21003125683,391600000
868,272,0.04218486339,40.7125586667728,-73.9854317302376,40.5977016778057,-74.1678054481681,0.11276917469173,0.07058431130173,2020.20918125683,2020.25136612022,391600000
869,274,0.03313814208,40.7063810473372,-74.0070749090968,40.5855605577364,-73.6341339494709,0.10457245338173,0.07143431130173,2020.21003125683,2020.24316939891,391600000
869,273,0.03313814208,40.7063810473372,-74.0070749090968,40.9122267351344,-73.8557205066575,0.10457245338173,0.07143431130173,2020.21003125683,2020.24316939891,391600000
870,871,0.00048999999999999,40.6874122697078,-73.994237498139,40.6859795455721,-74.0023501590109,0.07142431130173,0.07093431130173,2020.20953125683,2020.21002125683,391600000
870,275,0.03363814208,40.6874122697078,-73.994237498139,40.6851474753042,-73.5903284651582,0.10457245338173,0.07093431130173,2020.20953125683,2020.24316939891,391600000
871,277,0.03314814208,40.6859795455721,-74.0023501590109,40.680762767903,-74.0091955907087,0.10457245338173,0.07142431130173,2020.21002125683,2020.24316939891,391600000
871,276,0.03314814208,40.6859795455721,-74.0023501590109,40.6746864300508,-74.0027239985277,0.10457245338173,0.07142431130173,2020.21002125683,2020.24316939891,391600000
872,874,0.000920000000000004,40.7377786626802,-73.9747762816489,40.7320360318689,-73.9689153203381,0.07090431130173,0.06998431130173,2020.20858125683,2020.20950125683,391600000
872,873,0.000450000000000006,40.7377786626802,-73.9747762816489,40.7396179924568,-73.9768118214638,0.07043431130173,0.06998431130173,2020.20858125683,2020.20903125683,391600000
873,278,0.04506710383,40.7396179924568,-73.9768118214638,40.7434695735961,-73.979264658798,0.11550141513173,0.07043431130173,2020.20903125683,2020.25409836066,391600000
873,279,0.05326382514,40.7396179924568,-73.9768118214638,40.7554249611612,-73.9308766687067,0.12369813644173,0.07043431130173,2020.20903125683,2020.26229508197,391600000
874,875,3.00000000000022e-05,40.7320360318689,-73.9689153203381,40.7323344657514,-73.9682848480078,0.07093431130173,0.07090431130173,2020.20950125683,2020.20953125683,391600000
874,885,0.02516,40.7320360318689,-73.9689153203381,40.7273163133915,-73.9756694560459,0.09606431130173,0.07090431130173,2020.20950125683,2020.23466125683,391600000
875,876,0.03078,40.7323344657514,-73.9682848480078,40.7040052598967,-73.9788978618283,0.10171431130173,0.07093431130173,2020.20953125683,2020.24031125683,391600000
875,280,0.01997693989,40.7323344657514,-73.9682848480078,40.7377512422397,-73.8996909571257,0.09091125119173,0.07093431130173,2020.20953125683,2020.22950819672,391600000
876,877,0.00494014863,40.7040052598967,-73.9788978618283,40.6971256752841,-73.9807964932574,0.10665445993173,0.10171431130173,2020.24031125683,2020.24525140546,391600000
876,881,0.00185,40.7040052598967,-73.9788978618283,40.7079570081792,-73.9578935849772,0.10356431130173,0.10171431130173,2020.24031125683,2020.24216125683,391600000
877,285,0.00884695519500001,40.6971256752841,-73.9807964932574,40.6289370538392,-73.960782288976,0.11550141512673,0.10665445993173,2020.24525140546,2020.25409836065,391600000
877,878,0.000319851369599999,40.6971256752841,-73.9807964932574,40.7025830683731,-73.9712097346145,0.10697431130133,0.10665445993173,2020.24525140546,2020.24557125683,391600000
878,879,0.00025,40.7025830683731,-73.9712097346145,40.7039921197255,-73.9667190556289,0.10722431130133,0.10697431130133,2020.24557125683,2020.24582125683,391600000
878,880,0.00018,40.7025830683731,-73.9712097346145,40.7018246829944,-73.970956291353,0.10715431130133,0.10697431130133,2020.24557125683,2020.24575125683,391600000
879,282,0.02740278689,40.7039921197255,-73.9667190556289,40.7479434080812,-73.8901530180701,0.13462709819133,0.10722431130133,2020.24582125683,2020.27322404372,391600000
879,281,0.02740278689,40.7039921197255,-73.9667190556289,40.6124623647082,-74.1046311556629,0.13462709819133,0.10722431130133,2020.24582125683,2020.27322404372,391600000
880,284,0.06845639344,40.7018246829944,-73.970956291353,40.6735324669866,-73.8195186841184,0.17561070474133,0.10715431130133,2020.24575125683,2020.31420765027,391600000
880,283,0.1012432787,40.7018246829944,-73.970956291353,40.7172421726623,-73.9804443372429,0.20839759000133,0.10715431130133,2020.24575125683,2020.34699453553,391600000
881,883,0.000609999999999999,40.7079570081792,-73.9578935849772,40.6774544020108,-73.9049719166766,0.10417431130173,0.10356431130173,2020.24216125683,2020.24277125683,391600000
881,882,0.00408,40.7079570081792,-73.9578935849772,40.7124869327665,-73.958131922424,0.10764431130173,0.10356431130173,2020.24216125683,2020.24624125683,391600000
882,287,0.07069863388,40.7124869327665,-73.958131922424,40.7437791623684,-73.9790202746783,0.17834294518173,0.10764431130173,2020.24624125683,2020.31693989071,391600000
882,286,0.1007532787,40.7124869327665,-73.958131922424,40.7374624264672,-73.988982563749,0.20839759000173,0.10764431130173,2020.24624125683,2020.34699453553,391600000
883,884,0.00269529341700001,40.6774544020108,-73.9049719166766,40.6737800505985,-73.9383307386453,0.10686960471873,0.10417431130173,2020.24277125683,2020.24546655025,391600000
883,288,0.003130382514,40.6774544020108,-73.9049719166766,40.6701442553263,-73.9164594808207,0.10730469381573,0.10417431130173,2020.24277125683,2020.24590163934,391600000
884,290,0.03322197434,40.6737800505985,-73.9383307386453,40.773980570208,-73.9005154527354,0.14009157905873,0.10686960471873,2020.24546655025,2020.27868852459,391600000
884,289,0.02502525303,40.6737800505985,-73.9383307386453,40.7437375091091,-73.8351008711859,0.13189485774873,0.10686960471873,2020.24546655025,2020.27049180328,391600000
885,886,0.00677,40.7273163133915,-73.9756694560459,40.7581881075938,-73.9689347721491,0.10283431130173,0.09606431130173,2020.23466125683,2020.24143125683,391600000
885,898,0.00262,40.7273163133915,-73.9756694560459,40.7275252174113,-73.9735956301461,0.09868431130173,0.09606431130173,2020.23466125683,2020.23728125683,391600000
886,887,0.00322,40.7581881075938,-73.9689347721491,40.7603515688889,-73.9680597677395,0.10605431130173,0.10283431130173,2020.24143125683,2020.24465125683,391600000
886,892,0.00183,40.7581881075938,-73.9689347721491,40.7612564592768,-73.9705522432566,0.10466431130173,0.10283431130173,2020.24143125683,2020.24326125683,391600000
887,890,0.000338332090099994,40.7603515688889,-73.9680597677395,40.7604054317287,-73.9715229656457,0.10639264339183,0.10605431130173,2020.24465125683,2020.24498958892,391600000
887,888,0.000607820819000002,40.7603515688889,-73.9680597677395,40.6472843874673,-73.9512682035426,0.10666213212073,0.10605431130173,2020.24465125683,2020.24525907765,391600000
888,889,2.21791810299937e-05,40.6472843874673,-73.9512682035426,40.6428270077692,-73.960774543059,0.10668431130176,0.10666213212073,2020.24525907765,2020.24528125683,391600000
888,293,0.003374802132,40.6472843874673,-73.9512682035426,40.6407631684533,-73.9510889289215,0.11003693425273,0.10666213212073,2020.24525907765,2020.24863387978,391600000
889,292,0.003352622951,40.6428270077692,-73.960774543059,40.6401894472804,-74.134068014967,0.11003693425276,0.10668431130176,2020.24528125683,2020.24863387978,391600000
889,291,0.003352622951,40.6428270077692,-73.960774543059,40.6275554202143,-74.0393690033141,0.11003693425276,0.10668431130176,2020.24528125683,2020.24863387978,391600000
890,296,0.003644290861,40.7604054317287,-73.9715229656457,40.8099502799491,-73.9530703232715,0.11003693425283,0.10639264339183,2020.24498958892,2020.24863387978,391600000
890,891,0.000291667909899998,40.7604054317287,-73.9715229656457,40.7606014395711,-73.9711158030151,0.10668431130173,0.10639264339183,2020.24498958892,2020.24528125683,391600000
891,295,0.003352622951,40.7606014395711,-73.9711158030151,40.7623374113589,-73.9713628006699,0.11003693425273,0.10668431130173,2020.24528125683,2020.24863387978,391600000
891,294,0.003352622951,40.7606014395711,-73.9711158030151,40.6376228968057,-74.0082762383468,0.11003693425273,0.10668431130173,2020.24528125683,2020.24863387978,391600000
892,895,0.00183,40.7612564592768,-73.9705522432566,40.7612564592768,-73.9705522432566,0.10649431130173,0.10466431130173,2020.24326125683,2020.24509125683,391600000
892,893,0.00173601298999999,40.7612564592768,-73.9705522432566,40.7736606303357,-73.9557632144733,0.10640032429173,0.10466431130173,2020.24326125683,2020.24499726982,391600000
893,299,0.003636609961,40.7736606303357,-73.9557632144733,40.6486265226261,-73.7114283888971,0.11003693425273,0.10640032429173,2020.24499726982,2020.24863387978,391600000
893,894,0.000283987010199993,40.7736606303357,-73.9557632144733,40.7744009144867,-73.9526099839087,0.10668431130193,0.10640032429173,2020.24499726982,2020.24528125683,391600000
894,298,0.003352622951,40.7744009144867,-73.9526099839087,40.8408499247202,-73.4876934090775,0.11003693425293,0.10668431130193,2020.24528125683,2020.24863387978,391600000
894,297,0.003352622951,40.7744009144867,-73.9526099839087,40.6585285567401,-73.9515605899815,0.11003693425293,0.10668431130193,2020.24528125683,2020.24863387978,391600000
895,896,7.99999999999967e-05,40.7612564592768,-73.9705522432566,40.7605767364506,-73.9713358580414,0.10657431130173,0.10649431130173,2020.24509125683,2020.24517125683,391600000
895,897,0.000469999999999998,40.7612564592768,-73.9705522432566,40.7609834228034,-73.9670874097537,0.10696431130173,0.10649431130173,2020.24509125683,2020.24556125683,391600000
896,300,0.003462622951,40.7605767364506,-73.9713358580414,40.7407004445965,-73.9806337802662,0.11003693425273,0.10657431130173,2020.24517125683,2020.24863387978,391600000
896,301,0.003462622951,40.7605767364506,-73.9713358580414,40.7611013964715,-73.9681516787415,0.11003693425273,0.10657431130173,2020.24517125683,2020.24863387978,391600000
897,302,0.003072622951,40.7609834228034,-73.9670874097537,40.8047637852378,-73.9033705317336,0.11003693425273,0.10696431130173,2020.24556125683,2020.24863387978,391600000
897,303,0.0140015847,40.7609834228034,-73.9670874097537,40.6387589257163,-74.0261847485855,0.12096589600173,0.10696431130173,2020.24556125683,2020.25956284153,391600000
898,899,0.00201999999999999,40.7275252174113,-73.9735956301461,40.7313659878968,-73.9668225329726,0.10070431130173,0.09868431130173,2020.23728125683,2020.23930125683,391600000
898,903,0.00201999999999999,40.7275252174113,-73.9735956301461,40.7313659878968,-73.9668225329726,0.10070431130173,0.09868431130173,2020.23728125683,2020.23930125683,391600000
899,902,0.003838488546,40.7313659878968,-73.9668225329726,40.7404624686671,-73.9846464860289,0.10454279984773,0.10070431130173,2020.23930125683,2020.24313974537,391600000
899,900,0.00196,40.7313659878968,-73.9668225329726,40.719890413681,-73.9722264201299,0.10266431130173,0.10070431130173,2020.23930125683,2020.24126125683,391600000
900,304,0.00190814207700001,40.719890413681,-73.9722264201299,40.6421533665257,-74.0103120471049,0.10457245337873,0.10266431130173,2020.24126125683,2020.24316939891,391600000
900,901,0.001856630712,40.719890413681,-73.9722264201299,40.7274516451874,-73.9842102092911,0.10452094201373,0.10266431130173,2020.24126125683,2020.24311788754,391600000
901,305,5.1511364290005e-05,40.7274516451874,-73.9842102092911,40.7211136281707,-73.9795416681888,0.10457245337802,0.10452094201373,2020.24311788754,2020.24316939891,391600000
901,306,5.1511364290005e-05,40.7274516451874,-73.9842102092911,40.7347482573135,-74.0072848306414,0.10457245337802,0.10452094201373,2020.24311788754,2020.24316939891,391600000
902,307,2.96535310899959e-05,40.7404624686671,-73.9846464860289,40.5795539535976,-73.9602552138115,0.10457245337882,0.10454279984773,2020.24313974537,2020.24316939891,391600000
902,308,2.96535310899959e-05,40.7404624686671,-73.9846464860289,40.7407527402034,-73.9842708105642,0.10457245337882,0.10454279984773,2020.24313974537,2020.24316939891,391600000
903,904,0.00196,40.7313659878968,-73.9668225329726,40.719890413681,-73.9722264201299,0.10266431130173,0.10070431130173,2020.23930125683,2020.24126125683,391600000
903,907,0.00196,40.7313659878968,-73.9668225329726,40.719890413681,-73.9722264201299,0.10266431130173,0.10070431130173,2020.23930125683,2020.24126125683,391600000
904,906,0.00181222966,40.719890413681,-73.9722264201299,40.7324762213149,-73.7552728685675,0.10447654096173,0.10266431130173,2020.24126125683,2020.24307348649,391600000
904,905,0.001750155263,40.719890413681,-73.9722264201299,40.7203564941472,-73.9485473738864,0.10441446656473,0.10266431130173,2020.24126125683,2020.24301141209,391600000
905,310,0.000157986814000005,40.7203564941472,-73.9485473738864,41.1501861009236,-74.1295902187272,0.10457245337873,0.10441446656473,2020.24301141209,2020.24316939891,391600000
905,309,0.000157986814000005,40.7203564941472,-73.9485473738864,40.7211782583487,-73.9462399707776,0.10457245337873,0.10441446656473,2020.24301141209,2020.24316939891,391600000
906,312,9.59124171699965e-05,40.7324762213149,-73.7552728685675,40.6578209697152,-73.6403439296823,0.1045724533789,0.10447654096173,2020.24307348649,2020.24316939891,391600000
906,311,9.59124171699965e-05,40.7324762213149,-73.7552728685675,40.7310603598748,-73.7551691877445,0.1045724533789,0.10447654096173,2020.24307348649,2020.24316939891,391600000
907,908,0.00190708728,40.719890413681,-73.9722264201299,40.7650995903932,-73.9117676510554,0.10457139858173,0.10266431130173,2020.24126125683,2020.24316834411,391600000
907,909,0.001532636918,40.719890413681,-73.9722264201299,40.6983338430091,-73.9903264857246,0.10419694821973,0.10266431130173,2020.24126125683,2020.24279389375,391600000
908,314,1.05479686700327e-06,40.7650995903932,-73.9117676510554,40.5883420183825,-74.0849556623747,0.104572453378597,0.10457139858173,2020.24316834411,2020.24316939891,391600000
908,313,1.05479686700327e-06,40.7650995903932,-73.9117676510554,40.7650854401131,-73.9119679895446,0.104572453378597,0.10457139858173,2020.24316834411,2020.24316939891,391600000
909,315,0.000375505158500003,40.6983338430091,-73.9903264857246,40.7216406974319,-73.5826577768581,0.10457245337823,0.10419694821973,2020.24279389375,2020.24316939891,391600000
909,316,0.000375505158500003,40.6983338430091,-73.9903264857246,40.6978435816112,-73.9920923338634,0.10457245337823,0.10419694821973,2020.24279389375,2020.24316939891,391600000
910,920,0.00177999999999998,40.6860479564537,-73.9374837404552,40.6837485711431,-73.9416245985685,0.05527431130163,0.05349431130163,2020.19209125683,2020.19387125683,391600000
910,911,0.0111842899,40.6860479564537,-73.9374837404552,40.6908859287714,-73.9321524116393,0.06467860120163,0.05349431130163,2020.19209125683,2020.20327554673,391600000
911,912,0.00016571009800001,40.6908859287714,-73.9321524116393,40.6900973884712,-73.9326718647397,0.06484431129963,0.06467860120163,2020.20327554673,2020.20344125683,391600000
911,913,0.00211845928900001,40.6908859287714,-73.9321524116393,40.6391603780893,-73.9337139660051,0.06679706049063,0.06467860120163,2020.20327554673,2020.20539400602,391600000
912,317,0.006941256831,40.6900973884712,-73.9326718647397,40.7267660640199,-73.8560862957384,0.07178556813063,0.06484431129963,2020.20344125683,2020.21038251366,391600000
912,318,0.09710519126,40.6900973884712,-73.9326718647397,40.5946048841988,-73.6203357092465,0.16194950255963,0.06484431129963,2020.20344125683,2020.30054644809,391600000
913,319,0.04323987376,40.6391603780893,-73.9337139660051,40.6533040647924,-73.9651679829441,0.11003693425063,0.06679706049063,2020.20539400602,2020.24863387978,391600000
913,914,0.00283439099499999,40.6391603780893,-73.9337139660051,40.6440869454218,-73.9155367180214,0.06963145148563,0.06679706049063,2020.20539400602,2020.20822839701,391600000
914,320,0.04860220408,40.6440869454218,-73.9155367180214,40.6083150762306,-74.0300277484271,0.11823365556563,0.06963145148563,2020.20822839701,2020.25683060109,391600000
914,915,0.00011285981380002,40.6440869454218,-73.9155367180214,40.6584855573181,-73.8995249649512,0.06974431129943,0.06963145148563,2020.20822839701,2020.20834125683,391600000
915,916,0.02116,40.6584855573181,-73.8995249649512,40.6065220672074,-74.0227322321722,0.09090431129943,0.06974431129943,2020.20834125683,2020.22950125683,391600000
915,918,0.02116,40.6584855573181,-73.8995249649512,40.6065220672074,-74.0227322321722,0.09090431129943,0.06974431129943,2020.20834125683,2020.22950125683,391600000
916,917,0.01839,40.6065220672074,-74.0227322321722,40.6157834358381,-74.0460910127217,0.10929431129943,0.09090431129943,2020.22950125683,2020.24789125683,391600000
916,321,6.93989083200286e-06,40.6065220672074,-74.0227322321722,40.6063958264454,-74.0225481950543,0.090911251190262,0.09090431129943,2020.22950125683,2020.22950819672,391600000
917,323,0.01713606557,40.6157834358381,-74.0460910127217,40.6327177911553,-74.0323329993309,0.12643037686943,0.10929431129943,2020.24789125683,2020.2650273224,391600000
917,322,0.01440382514,40.6157834358381,-74.0460910127217,40.6152405919818,-74.03837802312,0.12369813643943,0.10929431129943,2020.24789125683,2020.26229508197,391600000
918,919,0.01831,40.6065220672074,-74.0227322321722,40.6511643588117,-74.0018351944502,0.10921431129943,0.09090431129943,2020.22950125683,2020.24781125683,391600000
918,324,6.93989083200286e-06,40.6065220672074,-74.0227322321722,40.6660285590097,-73.9423848882731,0.090911251190262,0.09090431129943,2020.22950125683,2020.22950819672,391600000
919,326,0.000822622950900007,40.6511643588117,-74.0018351944502,40.6525463430275,-74.0036044343422,0.11003693425033,0.10921431129943,2020.24781125683,2020.24863387978,391600000
919,325,0.04453846995,40.6511643588117,-74.0018351944502,40.6554217013423,-73.9807797430365,0.15375278124943,0.10921431129943,2020.24781125683,2020.29234972678,391600000
920,925,0.00190000000000001,40.6837485711431,-73.9416245985685,40.6388885506412,-73.9547450519216,0.05717431130163,0.05527431130163,2020.19387125683,2020.19577125683,391600000
920,921,0.0055,40.6837485711431,-73.9416245985685,40.6839553677753,-73.9425729417867,0.06077431130163,0.05527431130163,2020.19387125683,2020.19937125683,391600000
921,923,0.00459000000000001,40.6839553677753,-73.9425729417867,40.6757845420215,-73.778079955878,0.06536431130163,0.06077431130163,2020.19937125683,2020.20396125683,391600000
921,922,0.01063,40.6839553677753,-73.9425729417867,40.6786142025804,-73.9523011086571,0.07140431130163,0.06077431130163,2020.19937125683,2020.21000125683,391600000
922,328,0.09327743169,40.6786142025804,-73.9523011086571,40.7605267352416,-73.8395961714443,0.16468174299163,0.07140431130163,2020.21000125683,2020.30327868852,391600000
922,327,0.03316814208,40.6786142025804,-73.9523011086571,40.7498020444357,-74.0088831553204,0.10457245338163,0.07140431130163,2020.21000125683,2020.24316939891,391600000
923,329,0.00368901639399999,40.6757845420215,-73.778079955878,40.6651786125334,-73.7022303450324,0.06905332769563,0.06536431130163,2020.20396125683,2020.20765027322,391600000
923,924,0.00175999999999998,40.6757845420215,-73.778079955878,40.6758447755883,-73.7765372229562,0.06712431130163,0.06536431130163,2020.20396125683,2020.20572125683,391600000
924,331,0.001929016394,40.6758447755883,-73.7765372229562,40.6963389376485,-73.5865035715047,0.06905332769563,0.06712431130163,2020.20572125683,2020.20765027322,391600000
924,330,0.001929016394,40.6758447755883,-73.7765372229562,40.7507538051986,-73.9811768705278,0.06905332769563,0.06712431130163,2020.20572125683,2020.20765027322,391600000
925,926,0.0139050976,40.6388885506412,-73.9547450519216,40.6408771068096,-73.949494751605,0.07107940890163,0.05717431130163,2020.19577125683,2020.20967635443,391600000
925,332,0.01461125683,40.6388885506412,-73.9547450519216,40.6408235039873,-73.9296620677314,0.07178556813163,0.05717431130163,2020.19577125683,2020.21038251366,391600000
926,927,3.49024005600052e-05,40.6408771068096,-73.949494751605,40.6414927258319,-73.9490242818199,0.07111431130219,0.07107940890163,2020.20967635443,2020.20971125683,391600000
926,333,0.01983184229,40.6408771068096,-73.949494751605,40.7241649144672,-73.6972077829265,0.09091125119163,0.07107940890163,2020.20967635443,2020.22950819672,391600000
927,928,0.02757,40.6414927258319,-73.9490242818199,40.6499101049006,-73.9627153565082,0.09868431130219,0.07111431130219,2020.20971125683,2020.23728125683,391600000
927,940,0.000459999999999988,40.6414927258319,-73.9490242818199,40.638829835988,-73.9538714107954,0.07157431130219,0.07111431130219,2020.20971125683,2020.21017125683,391600000
928,934,0.002,40.6499101049006,-73.9627153565082,40.7274282158819,-73.8517247806813,0.10068431130219,0.09868431130219,2020.23728125683,2020.23928125683,391600000
928,929,0.00717,40.6499101049006,-73.9627153565082,40.6291422429742,-73.930681838726,0.10585431130219,0.09868431130219,2020.23728125683,2020.24445125683,391600000
929,930,0.000820000000000001,40.6291422429742,-73.930681838726,40.6524948617421,-73.9316544070413,0.10667431130219,0.10585431130219,2020.24445125683,2020.24527125683,391600000
929,931,0.00192000000000001,40.6291422429742,-73.930681838726,40.612227468319,-73.9449207170067,0.10777431130219,0.10585431130219,2020.24445125683,2020.24637125683,391600000
930,335,0.003362622951,40.6524948617421,-73.9316544070413,40.6723056732511,-73.9122425675787,0.11003693425319,0.10667431130219,2020.24527125683,2020.24863387978,391600000
930,334,0.003362622951,40.6524948617421,-73.9316544070413,40.7840291556198,-73.7778524648704,0.11003693425319,0.10667431130219,2020.24527125683,2020.24863387978,391600000
931,933,0.00201,40.612227468319,-73.9449207170067,40.6389044870317,-74.0338041208862,0.10978431130219,0.10777431130219,2020.24637125683,2020.24838125683,391600000
931,932,0.000829999999999997,40.612227468319,-73.9449207170067,40.6275544764078,-73.9437208024669,0.10860431130219,0.10777431130219,2020.24637125683,2020.24720125683,391600000
932,337,0.01782606557,40.6275544764078,-73.9437208024669,40.6289392470886,-73.9693845048174,0.12643037687219,0.10860431130219,2020.24720125683,2020.2650273224,391600000
932,336,0.02055830601,40.6275544764078,-73.9437208024669,40.6385159955933,-73.8827574963688,0.12916261731219,0.10860431130219,2020.24720125683,2020.26775956284,391600000
933,338,0.05489743169,40.6389044870317,-74.0338041208862,40.7774060764558,-73.9894444473099,0.16468174299219,0.10978431130219,2020.24838125683,2020.30327868852,391600000
933,339,0.000252622950900006,40.6389044870317,-74.0338041208862,40.6388370891847,-74.0342455387953,0.11003693425309,0.10978431130219,2020.24838125683,2020.24863387978,391600000
934,937,0.00631,40.7274282158819,-73.8517247806813,40.6614165983831,-73.9215201962005,0.10699431130219,0.10068431130219,2020.23928125683,2020.24559125683,391600000
934,935,0.00196,40.7274282158819,-73.8517247806813,40.719890413681,-73.9722264201299,0.10264431130219,0.10068431130219,2020.23928125683,2020.24124125683,391600000
935,340,0.001928142077,40.719890413681,-73.9722264201299,40.7901985095708,-73.9736254453243,0.10457245337919,0.10264431130219,2020.24124125683,2020.24316939891,391600000
935,936,0.00192000000000001,40.719890413681,-73.9722264201299,40.612227468319,-73.9449207170067,0.10456431130219,0.10264431130219,2020.24124125683,2020.24316125683,391600000
936,342,8.14207669000422e-06,40.612227468319,-73.9449207170067,40.6749459845957,-73.9359358944072,0.10457245337888,0.10456431130219,2020.24316125683,2020.24316939891,391600000
936,341,8.14207669000422e-06,40.612227468319,-73.9449207170067,40.7703629277398,-73.9485793622217,0.10457245337888,0.10456431130219,2020.24316125683,2020.24316939891,391600000
937,938,0.000240000000000004,40.6614165983831,-73.9215201962005,40.6614381302903,-73.9298873866669,0.10723431130219,0.10699431130219,2020.24559125683,2020.24583125683,391600000
937,343,0.05495519126,40.6614165983831,-73.9215201962005,40.6494437092484,-73.9454775269545,0.16194950256219,0.10699431130219,2020.24559125683,2020.30054644809,391600000
938,939,0.000710000000000002,40.6614381302903,-73.9298873866669,40.6445333721006,-73.9204936074817,0.10794431130219,0.10723431130219,2020.24583125683,2020.24654125683,391600000
938,344,0.01646382514,40.6614381302903,-73.9298873866669,40.6633707274195,-73.9782339688327,0.12369813644219,0.10723431130219,2020.24583125683,2020.26229508197,391600000
939,346,0.01028934426,40.6445333721006,-73.9204936074817,40.6304412048745,-73.8854901849651,0.11823365556219,0.10794431130219,2020.24654125683,2020.25683060109,391600000
939,345,0.02121830601,40.6445333721006,-73.9204936074817,40.6112061873269,-73.9869925190621,0.12916261731219,0.10794431130219,2020.24654125683,2020.26775956284,391600000
940,943,0.03398,40.638829835988,-73.9538714107954,40.6345091680443,-73.9813058989782,0.10555431130219,0.07157431130219,2020.21017125683,2020.24415125683,391600000
940,941,0.03711054016,40.638829835988,-73.9538714107954,40.7112336885826,-73.9803520426315,0.10868485146219,0.07157431130219,2020.21017125683,2020.24728179699,391600000
941,942,0.0003794598417,40.7112336885826,-73.9803520426315,40.787965898468,-73.9488069248723,0.10906431130389,0.10868485146219,2020.24728179699,2020.24766125683,391600000
941,347,0.00681656366699999,40.7112336885826,-73.9803520426315,40.7084611475601,-73.9983726112582,0.11550141512919,0.10868485146219,2020.24728179699,2020.25409836066,391600000
942,348,0.006437103825,40.787965898468,-73.9488069248723,40.7920909037073,-73.9514547749646,0.11550141512889,0.10906431130389,2020.24766125683,2020.25409836066,391600000
942,349,0.003704863388,40.787965898468,-73.9488069248723,40.8549837905493,-73.9258289253539,0.11276917469189,0.10906431130389,2020.24766125683,2020.25136612022,391600000
943,944,0.00146,40.6345091680443,-73.9813058989782,40.6348845495785,-73.9805624157936,0.10701431130219,0.10555431130219,2020.24415125683,2020.24561125683,391600000
943,946,0.002623656315,40.6345091680443,-73.9813058989782,40.6328524141306,-73.9765912762756,0.10817796761719,0.10555431130219,2020.24415125683,2020.24677491314,391600000
944,945,0.00233,40.6348845495785,-73.9805624157936,40.631606081696,-73.9744545824614,0.10934431130219,0.10701431130219,2020.24561125683,2020.24794125683,391600000
944,352,0.1068477596,40.6348845495785,-73.9805624157936,40.6716029294849,-73.9647051965108,0.21386207090219,0.10701431130219,2020.24561125683,2020.35245901643,391600000
945,351,0.0116215847,40.631606081696,-73.9744545824614,40.6475212049097,-74.0085205919159,0.12096589600219,0.10934431130219,2020.24794125683,2020.25956284153,391600000
945,350,0.00342486338799999,40.631606081696,-73.9744545824614,40.5933468783976,-73.960198574249,0.11276917469019,0.10934431130219,2020.24794125683,2020.25136612022,391600000
946,947,0.000146343684599995,40.6328524141306,-73.9765912762756,40.6828337874689,-73.6246443831448,0.10832431130179,0.10817796761719,2020.24677491314,2020.24692125683,391600000
946,950,3.49222091200058e-05,40.6328524141306,-73.9765912762756,40.6325717757496,-73.9764234408008,0.10821288982631,0.10817796761719,2020.24677491314,2020.24680983535,391600000
947,948,0.000229999999999994,40.6828337874689,-73.6246443831448,40.6827837466581,-73.6275321376202,0.10855431130179,0.10832431130179,2020.24692125683,2020.24715125683,391600000
947,949,0.000229999999999994,40.6828337874689,-73.6246443831448,40.6827837466581,-73.6275321376202,0.10855431130179,0.10832431130179,2020.24692125683,2020.24715125683,391600000
948,353,0.0342695082,40.6827837466581,-73.6275321376202,40.7592308445647,-73.3436707868647,0.14282381950179,0.10855431130179,2020.24715125683,2020.28142076503,391600000
948,354,0.0342695082,40.6827837466581,-73.6275321376202,40.6619217152488,-73.5955475945494,0.14282381950179,0.10855431130179,2020.24715125683,2020.28142076503,391600000
949,355,0.0342695082,40.6827837466581,-73.6275321376202,40.7666455199557,-73.9471916752648,0.14282381950179,0.10855431130179,2020.24715125683,2020.28142076503,391600000
949,356,0.0342695082,40.6827837466581,-73.6275321376202,40.7147820625154,-73.6070105692002,0.14282381950179,0.10855431130179,2020.24715125683,2020.28142076503,391600000
950,357,0.03461092967,40.6325717757496,-73.9764234408008,40.7810731493629,-73.9775037412263,0.14282381949631,0.10821288982631,2020.24680983535,2020.28142076502,391600000
950,358,0.01548524661,40.6325717757496,-73.9764234408008,40.6242913953201,-73.991092805066,0.12369813643631,0.10821288982631,2020.24680983535,2020.26229508196,391600000
951,952,0.01925,40.7223331700908,-73.9188603708469,40.7266719358179,-73.9170812900458,0.04707431130163,0.02782431130163,2020.16642125683,2020.18567125683,391600000
951,993,0.00536,40.7223331700908,-73.9188603708469,40.7161571751948,-73.9333862833017,0.03318431130163,0.02782431130163,2020.16642125683,2020.17178125683,391600000
952,967,0.00180000000000002,40.7266719358179,-73.9170812900458,40.6789894887645,-73.9241095051784,0.04887431130163,0.04707431130163,2020.18567125683,2020.18747125683,391600000
952,953,0.0199068484,40.7266719358179,-73.9170812900458,40.7293394056797,-73.9725089179164,0.06698115970163,0.04707431130163,2020.18567125683,2020.20557810523,391600000
953,954,0.00426068290999998,40.7293394056797,-73.9725089179164,40.6477828272477,-73.9188873455325,0.07124184261163,0.06698115970163,2020.20557810523,2020.20983878814,391600000
953,956,0.002346190724,40.7293394056797,-73.9725089179164,40.7296672319067,-73.9753535656042,0.06932735042563,0.06698115970163,2020.20557810523,2020.20792429595,391600000
954,361,0.02240164902,40.6477828272477,-73.9188873455325,40.6051641866784,-73.945295817838,0.09364349163163,0.07124184261163,2020.20983878814,2020.23224043716,391600000
954,955,3.24686907900162e-05,40.6477828272477,-73.9188873455325,40.6472256971883,-73.9188533947347,0.07127431130242,0.07124184261163,2020.20983878814,2020.20987125683,391600000
955,359,0.06335278689,40.6472256971883,-73.9188533947347,40.6467685514761,-74.0194182811825,0.13462709819242,0.07127431130242,2020.20987125683,2020.27322404372,391600000
955,360,0.04149486339,40.6472256971883,-73.9188533947347,40.7495486702231,-73.5639976443271,0.11276917469242,0.07127431130242,2020.20987125683,2020.25136612022,391600000
956,962,0.000364464274100001,40.7296672319067,-73.9753535656042,40.7337217514414,-73.9784811038211,0.06969181469973,0.06932735042563,2020.20792429595,2020.20828876023,391600000
956,957,0.000856861353299987,40.7296672319067,-73.9753535656042,40.7313418078945,-73.9769220685207,0.07018421177893,0.06932735042563,2020.20792429595,2020.20878115731,391600000
957,958,0.000775731914199995,40.7313418078945,-73.9769220685207,40.6770793558691,-73.938027954295,0.07095994369313,0.07018421177893,2020.20878115731,2020.20955688922,391600000
957,362,0.04531720335,40.7313418078945,-73.9769220685207,40.7367254948988,-73.9821664063822,0.11550141512893,0.07018421177893,2020.20878115731,2020.25409836066,391600000
958,959,4.47211548901261e-06,40.6770793558691,-73.938027954295,40.6769152113279,-73.9380468320924,0.070964415808619,0.07095994369313,2020.20955688922,2020.20956136134,391600000
958,961,0.000104367609100015,40.6770793558691,-73.938027954295,40.6761979296796,-73.9382687942325,0.07106431130223,0.07095994369313,2020.20955688922,2020.20966125683,391600000
959,960,9.98954935799989e-05,40.6769152113279,-73.9380468320924,40.6762792086923,-73.9409973626733,0.071064311302199,0.070964415808619,2020.20956136134,2020.20966125683,391600000
959,363,0.006285633199,40.6769152113279,-73.9380468320924,40.7346805563875,-73.9226783846122,0.077250049007619,0.070964415808619,2020.20956136134,2020.21584699454,391600000
960,364,0.006185737705,40.6762792086923,-73.9409973626733,40.5855860765207,-73.9230640344581,0.077250049007199,0.071064311302199,2020.20966125683,2020.21584699453,391600000
960,365,0.006185737705,40.6762792086923,-73.9409973626733,40.7190855577853,-73.5587197760078,0.077250049007199,0.071064311302199,2020.20966125683,2020.21584699453,391600000
961,367,0.006185737705,40.6761979296796,-73.9382687942325,40.6354722553689,-74.0153364418831,0.07725004900723,0.07106431130223,2020.20966125683,2020.21584699453,391600000
961,366,0.006185737705,40.6761979296796,-73.9382687942325,40.591617253962,-74.1238509629819,0.07725004900723,0.07106431130223,2020.20966125683,2020.21584699453,391600000
962,963,0.000343438560099996,40.7337217514414,-73.9784811038211,40.692928822158,-73.8181492489686,0.07003525325983,0.06969181469973,2020.20828876023,2020.20863219879,391600000
962,966,0.00118249660200001,40.7337217514414,-73.9784811038211,40.7299395826925,-73.989729289334,0.07087431130173,0.06969181469973,2020.20828876023,2020.20947125683,391600000
963,964,0.000370840511000003,40.692928822158,-73.8181492489686,40.6885689313727,-73.822365354064,0.07040609377083,0.07003525325983,2020.20863219879,2020.2090030393,391600000
963,965,0.00125905804199999,40.692928822158,-73.8181492489686,40.6938876048003,-73.8222647541722,0.07129431130183,0.07003525325983,2020.20863219879,2020.20989125683,391600000
964,369,0.04509532136,40.6885689313727,-73.822365354064,40.6914123560652,-73.8232457742389,0.11550141513083,0.07040609377083,2020.2090030393,2020.25409836066,391600000
964,368,0.06148876398,40.6885689313727,-73.822365354064,40.6616573823957,-73.7066894364578,0.13189485775083,0.07040609377083,2020.2090030393,2020.27049180328,391600000
965,371,0.01961693989,40.6938876048003,-73.8222647541722,40.7377067930111,-73.7012941342336,0.09091125119183,0.07129431130183,2020.20989125683,2020.22950819672,391600000
965,370,0.01961693989,40.6938876048003,-73.8222647541722,40.6277322400182,-74.0364540181838,0.09091125119183,0.07129431130183,2020.20989125683,2020.22950819672,391600000
966,372,0.02003693989,40.7299395826925,-73.989729289334,40.7818537733707,-73.8995069468035,0.09091125119173,0.07087431130173,2020.20947125683,2020.22950819672,391600000
966,373,0.02003693989,40.7299395826925,-73.989729289334,40.7250498538332,-73.9944254085499,0.09091125119173,0.07087431130173,2020.20947125683,2020.22950819672,391600000
967,968,0.02111785671,40.6789894887645,-73.9241095051784,40.7535446833411,-73.983586470812,0.06999216801163,0.04887431130163,2020.18747125683,2020.20858911354,391600000
967,973,0.01568,40.6789894887645,-73.9241095051784,40.7187031504487,-73.9481688421866,0.06455431130163,0.04887431130163,2020.18747125683,2020.20315125683,391600000
968,971,0.000362143292000017,40.7535446833411,-73.983586470812,40.7608344835132,-73.9763268422984,0.07035431130363,0.06999216801163,2020.20858911354,2020.20895125683,391600000
968,969,0.000362143292000017,40.7535446833411,-73.983586470812,40.7608344835132,-73.9763268422984,0.07035431130363,0.06999216801163,2020.20858911354,2020.20895125683,391600000
969,376,0.02602142077,40.7608344835132,-73.9763268422984,40.8735583736584,-73.9227594694349,0.09637573207363,0.07035431130363,2020.20895125683,2020.2349726776,391600000
969,970,0.000769999999999993,40.7608344835132,-73.9763268422984,40.7610680251772,-73.9732390700886,0.07112431130363,0.07035431130363,2020.20895125683,2020.20972125683,391600000
970,375,0.02525142077,40.7610680251772,-73.9732390700886,40.7409084036884,-73.975026914831,0.09637573207363,0.07112431130363,2020.20972125683,2020.2349726776,391600000
970,374,0.02525142077,40.7610680251772,-73.9732390700886,40.6979300538538,-73.6039629635968,0.09637573207363,0.07112431130363,2020.20972125683,2020.2349726776,391600000
971,972,0.000769999999999993,40.7608344835132,-73.9763268422984,40.7610680251772,-73.9732390700886,0.07112431130363,0.07035431130363,2020.20895125683,2020.20972125683,391600000
971,379,0.02602142077,40.7608344835132,-73.9763268422984,40.6606033287614,-73.6943498587415,0.09637573207363,0.07035431130363,2020.20895125683,2020.2349726776,391600000
972,378,0.02525142077,40.7610680251772,-73.9732390700886,40.6282074815743,-74.0404109622052,0.09637573207363,0.07112431130363,2020.20972125683,2020.2349726776,391600000
972,377,0.02525142077,40.7610680251772,-73.9732390700886,40.8479430292651,-73.9198629133241,0.09637573207363,0.07112431130363,2020.20972125683,2020.2349726776,391600000
973,974,0.00175,40.7187031504487,-73.9481688421866,40.6619373321933,-73.9323348643333,0.06630431130163,0.06455431130163,2020.20315125683,2020.20490125683,391600000
973,982,0.00175,40.7187031504487,-73.9481688421866,40.6619373321933,-73.9323348643333,0.06630431130163,0.06455431130163,2020.20315125683,2020.20490125683,391600000
974,977,0.00175,40.6619373321933,-73.9323348643333,40.6619373321933,-73.9323348643333,0.06805431130163,0.06630431130163,2020.20490125683,2020.20665125683,391600000
974,975,0.00489000000000001,40.6619373321933,-73.9323348643333,40.7151580759092,-73.9473987845468,0.07119431130163,0.06630431130163,2020.20490125683,2020.20979125683,391600000
975,380,0.01971693989,40.7151580759092,-73.9473987845468,40.7137979627257,-73.9636700734799,0.09091125119163,0.07119431130163,2020.20979125683,2020.22950819672,391600000
975,976,0.03285,40.7151580759092,-73.9473987845468,40.6351121185316,-73.9390425223576,0.10404431130163,0.07119431130163,2020.20979125683,2020.24264125683,391600000
976,381,0.01145710383,40.6351121185316,-73.9390425223576,40.6245508931925,-73.9503985612396,0.11550141513163,0.10404431130163,2020.24264125683,2020.25409836066,391600000
976,382,0.00872486338799999,40.6351121185316,-73.9390425223576,40.6794533247556,-73.8623804544818,0.11276917468963,0.10404431130163,2020.24264125683,2020.25136612022,391600000
977,979,0.00181000000000001,40.6619373321933,-73.9323348643333,40.6016269568851,-73.9668584083509,0.06986431130163,0.06805431130163,2020.20665125683,2020.20846125683,391600000
977,978,0.00226999999999999,40.6619373321933,-73.9323348643333,40.6749274191836,-73.9377551578292,0.07032431130163,0.06805431130163,2020.20665125683,2020.20892125683,391600000
978,383,0.05337382514,40.6749274191836,-73.9377551578292,40.5613580548334,-73.9190732861445,0.12369813644163,0.07032431130163,2020.20892125683,2020.26229508197,391600000
978,384,0.05337382514,40.6749274191836,-73.9377551578292,40.636247995607,-74.0074798248526,0.12369813644163,0.07032431130163,2020.20892125683,2020.26229508197,391600000
979,981,0.000640000000000002,40.6016269568851,-73.9668584083509,40.7336365330991,-73.9926070826737,0.07050431130163,0.06986431130163,2020.20846125683,2020.20910125683,391600000
979,980,0.00192000000000001,40.6016269568851,-73.9668584083509,40.612227468319,-73.9449207170067,0.07178431130163,0.06986431130163,2020.20846125683,2020.21038125683,391600000
980,385,1.25683072199623e-06,40.612227468319,-73.9449207170067,40.733879714996,-73.9891000962731,0.071785568132352,0.07178431130163,2020.21038125683,2020.21038251366,391600000
980,386,1.25683072199623e-06,40.612227468319,-73.9449207170067,40.7572901348535,-73.9655665245418,0.071785568132352,0.07178431130163,2020.21038125683,2020.21038251366,391600000
981,387,0.006745737705,40.7336365330991,-73.9926070826737,40.6893424172605,-73.9828912667748,0.07725004900663,0.07050431130163,2020.20910125683,2020.21584699453,391600000
981,388,0.001281256831,40.7336365330991,-73.9926070826737,40.7495678171791,-73.9800861732694,0.07178556813263,0.07050431130163,2020.20910125683,2020.21038251366,391600000
982,988,0.00175,40.6619373321933,-73.9323348643333,40.6619373321933,-73.9323348643333,0.06805431130163,0.06630431130163,2020.20490125683,2020.20665125683,391600000
982,983,0.00175,40.6619373321933,-73.9323348643333,40.6619373321933,-73.9323348643333,0.06805431130163,0.06630431130163,2020.20490125683,2020.20665125683,391600000
983,984,0.00372999999999998,40.6619373321933,-73.9323348643333,40.7897870258761,-73.9796384829637,0.07178431130163,0.06805431130163,2020.20665125683,2020.21038125683,391600000
983,985,0.00181000000000001,40.6619373321933,-73.9323348643333,40.6016269568851,-73.9668584083509,0.06986431130163,0.06805431130163,2020.20665125683,2020.20846125683,391600000
984,390,1.25683072199623e-06,40.7897870258761,-73.9796384829637,40.7900195438269,-73.9788875383427,0.071785568132352,0.07178431130163,2020.21038125683,2020.21038251366,391600000
984,389,1.25683072199623e-06,40.7897870258761,-73.9796384829637,40.6770410083045,-74.0050478501503,0.071785568132352,0.07178431130163,2020.21038125683,2020.21038251366,391600000
985,986,0.00192000000000001,40.6016269568851,-73.9668584083509,40.612227468319,-73.9449207170067,0.07178431130163,0.06986431130163,2020.20846125683,2020.21038125683,391600000
985,987,0.00192000000000001,40.6016269568851,-73.9668584083509,40.612227468319,-73.9449207170067,0.07178431130163,0.06986431130163,2020.20846125683,2020.21038125683,391600000
986,392,1.25683072199623e-06,40.612227468319,-73.9449207170067,40.7812015999795,-73.5536986522766,0.071785568132352,0.07178431130163,2020.21038125683,2020.21038251366,391600000
986,391,1.25683072199623e-06,40.612227468319,-73.9449207170067,40.6812152013006,-73.6184554330876,0.071785568132352,0.07178431130163,2020.21038125683,2020.21038251366,391600000
987,393,1.25683072199623e-06,40.612227468319,-73.9449207170067,40.7986526428039,-73.5578202561208,0.071785568132352,0.07178431130163,2020.21038125683,2020.21038251366,391600000
987,394,1.25683072199623e-06,40.612227468319,-73.9449207170067,40.8281941179378,-73.9267616846938,0.071785568132352,0.07178431130163,2020.21038125683,2020.21038251366,391600000
988,990,0.00181000000000001,40.6619373321933,-73.9323348643333,40.6016269568851,-73.9668584083509,0.06986431130163,0.06805431130163,2020.20665125683,2020.20846125683,391600000
988,989,0.00372999999999998,40.6619373321933,-73.9323348643333,40.7897870258761,-73.9796384829637,0.07178431130163,0.06805431130163,2020.20665125683,2020.21038125683,391600000
989,395,1.25683072199623e-06,40.7897870258761,-73.9796384829637,40.6804981430629,-73.9138167166792,0.071785568132352,0.07178431130163,2020.21038125683,2020.21038251366,391600000
989,396,1.25683072199623e-06,40.7897870258761,-73.9796384829637,40.777743487841,-73.9518013270567,0.071785568132352,0.07178431130163,2020.21038125683,2020.21038251366,391600000
990,992,0.00192000000000001,40.6016269568851,-73.9668584083509,40.612227468319,-73.9449207170067,0.07178431130163,0.06986431130163,2020.20846125683,2020.21038125683,391600000
990,991,0.00192000000000001,40.6016269568851,-73.9668584083509,40.612227468319,-73.9449207170067,0.07178431130163,0.06986431130163,2020.20846125683,2020.21038125683,391600000
991,398,1.25683072199623e-06,40.612227468319,-73.9449207170067,40.6219768476312,-74.0362136521176,0.071785568132352,0.07178431130163,2020.21038125683,2020.21038251366,391600000
991,397,1.25683072199623e-06,40.612227468319,-73.9449207170067,40.6292452213414,-74.023980052552,0.071785568132352,0.07178431130163,2020.21038125683,2020.21038251366,391600000
992,399,1.25683072199623e-06,40.612227468319,-73.9449207170067,40.7497243847094,-73.9778674846201,0.071785568132352,0.07178431130163,2020.21038125683,2020.21038251366,391600000
992,400,1.25683072199623e-06,40.612227468319,-73.9449207170067,40.8214987408293,-73.3436117101648,0.071785568132352,0.07178431130163,2020.21038125683,2020.21038251366,391600000
993,994,0.00200999999999998,40.7161571751948,-73.9333862833017,40.7060052425589,-73.9436034712598,0.03519431130163,0.03318431130163,2020.17178125683,2020.17379125683,391600000
993,1042,0.00957,40.7161571751948,-73.9333862833017,40.714605105269,-73.9577584225549,0.04275431130163,0.03318431130163,2020.17178125683,2020.18135125683,391600000
994,995,0.01898216906,40.7060052425589,-73.9436034712598,40.6602466052628,-73.9569035387962,0.05417648036163,0.03519431130163,2020.17379125683,2020.19277342589,391600000
994,1009,0.02379,40.7060052425589,-73.9436034712598,40.6817155006402,-73.9308644411619,0.05898431130163,0.03519431130163,2020.17379125683,2020.19758125683,391600000
995,996,0.00210783094,40.6602466052628,-73.9569035387962,40.6613385833616,-73.9571812553547,0.05628431130163,0.05417648036163,2020.19277342589,2020.19488125683,391600000
995,1004,0.000186531202800017,40.6602466052628,-73.9569035387962,40.6605085091513,-73.9572921137477,0.05436301156443,0.05417648036163,2020.19277342589,2020.19295995709,391600000
996,401,0.03462693989,40.6613385833616,-73.9571812553547,40.6469987444172,-74.0188466019032,0.09091125119163,0.05628431130163,2020.19488125683,2020.22950819672,391600000
996,997,0.0055,40.6613385833616,-73.9571812553547,40.6839553677753,-73.9425729417867,0.06178431130163,0.05628431130163,2020.19488125683,2020.20038125683,391600000
997,999,0.00179000000000001,40.6839553677753,-73.9425729417867,40.660675622507,-73.9536836701597,0.06357431130163,0.06178431130163,2020.20038125683,2020.20217125683,391600000
997,998,0.00963,40.6839553677753,-73.9425729417867,40.6879429165069,-73.9934841519979,0.07141431130163,0.06178431130163,2020.20038125683,2020.21001125683,391600000
998,403,0.03315814208,40.6879429165069,-73.9934841519979,40.7497402162841,-73.991601753629,0.10457245338163,0.07141431130163,2020.21001125683,2020.24316939891,391600000
998,402,0.03862262295,40.6879429165069,-73.9934841519979,40.6857775089202,-73.993188747085,0.11003693425163,0.07141431130163,2020.21001125683,2020.24863387978,391600000
999,1000,0.00736999999999999,40.660675622507,-73.9536836701597,40.6666810456892,-73.9445438948964,0.07094431130163,0.06357431130163,2020.20217125683,2020.20954125683,391600000
999,404,1.45355193399976e-05,40.660675622507,-73.9536836701597,40.6606737193785,-73.9533242942901,0.06358884682097,0.06357431130163,2020.20217125683,2020.20218579235,391600000
1000,1001,2.000000000002e-05,40.6666810456892,-73.9445438948964,40.6671582806431,-73.9445428083748,0.07096431130163,0.07094431130163,2020.20954125683,2020.20956125683,391600000
1000,405,0.000841256830700021,40.6666810456892,-73.9445438948964,40.6675728962418,-73.9379002362335,0.07178556813233,0.07094431130163,2020.20954125683,2020.21038251366,391600000
1001,406,0.01175021858,40.6671582806431,-73.9445428083748,40.6430597499473,-74.0189547791902,0.08271452988163,0.07096431130163,2020.20956125683,2020.22131147541,391600000
1001,1002,0.00047999999999998,40.6671582806431,-73.9445428083748,40.6690213578338,-73.9414543570133,0.07144431130163,0.07096431130163,2020.20956125683,2020.21004125683,391600000
1002,1003,0.02296,40.6690213578338,-73.9414543570133,40.7592571096168,-73.6989817441179,0.09440431130163,0.07144431130163,2020.21004125683,2020.23300125683,391600000
1002,407,0.01946693989,40.6690213578338,-73.9414543570133,40.6654513655317,-73.950649578401,0.09091125119163,0.07144431130163,2020.21004125683,2020.22950819672,391600000
1003,408,0.001971420765,40.7592571096168,-73.6989817441179,40.8177010134899,-73.8312716311785,0.09637573206663,0.09440431130163,2020.23300125683,2020.23497267759,391600000
1003,409,0.001971420765,40.7592571096168,-73.6989817441179,40.693357645173,-73.6340065683135,0.09637573206663,0.09440431130163,2020.23300125683,2020.23497267759,391600000
1004,1005,9.12997372100044e-05,40.6605085091513,-73.9572921137477,40.6645138615462,-73.9607611734516,0.05445431130164,0.05436301156443,2020.19295995709,2020.19305125683,391600000
1004,1008,0.05450129974,40.6605085091513,-73.9572921137477,40.6476171610309,-73.9869871719286,0.10886431130443,0.05436301156443,2020.19295995709,2020.24746125683,391600000
1005,1007,0.01616,40.6645138615462,-73.9607611734516,40.7677152122765,-73.82504885467,0.07061431130164,0.05445431130164,2020.19305125683,2020.20921125683,391600000
1005,1006,0.05414,40.6645138615462,-73.9607611734516,40.6464133915059,-74.0121771075223,0.10859431130164,0.05445431130164,2020.19305125683,2020.24719125683,391600000
1006,411,0.01510382514,40.6464133915059,-74.0121771075223,40.6389039812819,-74.0159768365821,0.12369813644164,0.10859431130164,2020.24719125683,2020.26229508197,391600000
1006,410,0.02056830601,40.6464133915059,-74.0121771075223,40.6431044580712,-74.0040451054367,0.12916261731164,0.10859431130164,2020.24719125683,2020.26775956284,391600000
1007,412,0.06401278689,40.7677152122765,-73.82504885467,40.7849678433619,-73.8515921671349,0.13462709819164,0.07061431130164,2020.20921125683,2020.27322404372,391600000
1007,413,0.02302918033,40.7677152122765,-73.82504885467,40.5967601616026,-73.8979351868742,0.09364349163164,0.07061431130164,2020.20921125683,2020.23224043716,391600000
1008,415,0.06401415301,40.6476171610309,-73.9869871719286,40.6589735141867,-73.7052433919042,0.17287846431443,0.10886431130443,2020.24746125683,2020.31147540984,391600000
1008,414,0.05308519126,40.6476171610309,-73.9869871719286,40.6300346955611,-73.989459760818,0.16194950256443,0.10886431130443,2020.24746125683,2020.30054644809,391600000
1009,1016,0.00993000000000002,40.6817155006402,-73.9308644411619,40.6823867942994,-73.9328418315107,0.06891431130163,0.05898431130163,2020.19758125683,2020.20751125683,391600000
1009,1010,0.01115445799,40.6817155006402,-73.9308644411619,40.6869262050079,-73.9021663192077,0.07013876929163,0.05898431130163,2020.19758125683,2020.20873571482,391600000
1010,416,0.03989816496,40.6869262050079,-73.9021663192077,40.7368623093924,-74.005762552901,0.11003693425163,0.07013876929163,2020.20873571482,2020.24863387978,391600000
1010,1011,0.000708125228700007,40.6869262050079,-73.9021663192077,40.6876490542471,-73.8981650305538,0.07084689452033,0.07013876929163,2020.20873571482,2020.20944384005,391600000
1011,1014,0.03792689904,40.6876490542471,-73.8981650305538,40.6991466096586,-73.9353448662448,0.10877379356033,0.07084689452033,2020.20944384005,2020.24737073909,391600000
1011,1012,0.000257416780399977,40.6876490542471,-73.8981650305538,40.6873953483474,-73.9009363373102,0.07110431130073,0.07084689452033,2020.20944384005,2020.20970125683,391600000
1012,1013,0.02525,40.6873953483474,-73.9009363373102,40.7004653962366,-73.8294076369908,0.09635431130073,0.07110431130073,2020.20970125683,2020.23495125683,391600000
1012,417,0.02527142077,40.6873953483474,-73.9009363373102,40.5886407162506,-73.9711411966013,0.09637573207073,0.07110431130073,2020.20970125683,2020.2349726776,391600000
1013,419,2.14207650799936e-05,40.7004653962366,-73.8294076369908,40.700962746593,-73.8282086309938,0.09637573206581,0.09635431130073,2020.23495125683,2020.23497267759,391600000
1013,418,0.01368262295,40.7004653962366,-73.8294076369908,40.843830683383,-73.64169324482,0.11003693425073,0.09635431130073,2020.23495125683,2020.24863387978,391600000
1014,422,0.1023560369,40.6991466096586,-73.9353448662448,40.8185649072773,-73.8731335848325,0.21112983046033,0.10877379356033,2020.24737073909,2020.34972677599,391600000
1014,1015,0.000247399652999997,40.6991466096586,-73.9353448662448,40.6992220943018,-73.9348026603273,0.10902119321333,0.10877379356033,2020.24737073909,2020.24761813874,391600000
1015,420,0.03926710716,40.6992220943018,-73.9348026603273,40.6942875495834,-73.9495779390877,0.14828830037333,0.10902119321333,2020.24761813874,2020.2868852459,391600000
1015,421,0.01467694322,40.6992220943018,-73.9348026603273,40.6222086603226,-74.0262024676932,0.12369813643333,0.10902119321333,2020.24761813874,2020.26229508196,391600000
1016,1017,0.00102027246499997,40.6823867942994,-73.9328418315107,40.6817123360449,-73.9534496037741,0.06993458376663,0.06891431130163,2020.20751125683,2020.20853152929,391600000
1016,1027,0.00156999999999999,40.6823867942994,-73.9328418315107,40.7105532542818,-73.9456365288123,0.07048431130163,0.06891431130163,2020.20751125683,2020.20908125683,391600000
1017,1018,0.00037784412230002,40.6817123360449,-73.9534496037741,40.6778055335111,-73.9393649286594,0.07031242788893,0.06993458376663,2020.20853152929,2020.20890937342,391600000
1017,1020,0.00101569326200002,40.6817123360449,-73.9534496037741,40.6403194908138,-73.9670849842874,0.07095027702863,0.06993458376663,2020.20853152929,2020.20954722256,391600000
1018,1019,0.00023188341289998,40.6778055335111,-73.9393649286594,40.6479594307518,-73.9481123618643,0.07054431130183,0.07031242788893,2020.20890937342,2020.20914125683,391600000
1018,425,0.05065346811,40.6778055335111,-73.9393649286594,40.6332881534098,-74.0094052226576,0.12096589599893,0.07031242788893,2020.20890937342,2020.25956284153,391600000
1019,424,0.0504215847,40.6479594307518,-73.9481123618643,40.6050675425224,-73.9262005114474,0.12096589600183,0.07054431130183,2020.20914125683,2020.25956284153,391600000
1019,423,0.09140519126,40.6479594307518,-73.9481123618643,40.6967110755991,-73.8836825314943,0.16194950256183,0.07054431130183,2020.20914125683,2020.30054644809,391600000
1020,1023,8.84831864100821e-06,40.6403194908138,-73.9670849842874,40.6398299450777,-73.9676023968733,0.070959125347271,0.07095027702863,2020.20954722256,2020.20955607087,391600000
1020,1021,2.8494887020003e-05,40.6403194908138,-73.9670849842874,40.639097554367,-73.9739559133109,0.07097877191565,0.07095027702863,2020.20954722256,2020.20957571744,391600000
1021,428,0.00900351752799999,40.639097554367,-73.9739559133109,40.6163990421204,-73.9647743066083,0.07998228944365,0.07097877191565,2020.20957571744,2020.21857923497,391600000
1021,1022,0.03630553939,40.639097554367,-73.9739559133109,40.7093695971548,-73.6760617371767,0.10728431130565,0.07097877191565,2020.20957571744,2020.24588125683,391600000
1022,427,0.008217103825,40.7093695971548,-73.6760617371767,40.9346657890024,-73.8440849296718,0.11550141513065,0.10728431130565,2020.24588125683,2020.25409836066,391600000
1022,426,2.03825138199998e-05,40.7093695971548,-73.6760617371767,40.7064632002818,-73.6733451664292,0.10730469381947,0.10728431130565,2020.24588125683,2020.24590163935,391600000
1023,1024,0.000400624668999983,40.6398299450777,-73.9676023968733,40.6417935542691,-73.9717696861409,0.071359750016271,0.070959125347271,2020.20955607087,2020.20995669554,391600000
1023,433,0.01175540453,40.6398299450777,-73.9676023968733,40.7494710771492,-73.9794219506736,0.082714529877271,0.070959125347271,2020.20955607087,2020.2213114754,391600000
1024,1025,0.0001545612852,40.6417935542691,-73.9717696861409,40.6441494069661,-73.9680039492629,0.071514311301471,0.071359750016271,2020.20995669554,2020.21011125683,391600000
1024,1026,0.0001545612852,40.6417935542691,-73.9717696861409,40.6441494069661,-73.9680039492629,0.071514311301471,0.071359750016271,2020.20995669554,2020.21011125683,391600000
1025,429,0.00846797814199998,40.6441494069661,-73.9680039492629,40.5889423038926,-73.6079210235157,0.079982289443471,0.071514311301471,2020.21011125683,2020.21857923497,391600000
1025,430,0.00846797814199998,40.6441494069661,-73.9680039492629,40.6169504938103,-74.0016745372953,0.079982289443471,0.071514311301471,2020.21011125683,2020.21857923497,391600000
1026,431,0.00846797814199998,40.6441494069661,-73.9680039492629,40.7561354787091,-73.9775659266455,0.079982289443471,0.071514311301471,2020.21011125683,2020.21857923497,391600000
1026,432,0.00846797814199998,40.6441494069661,-73.9680039492629,40.6950130015476,-73.7049637775224,0.079982289443471,0.071514311301471,2020.21011125683,2020.21857923497,391600000
1027,1030,0.000316159441899999,40.7105532542818,-73.9456365288123,40.7106108956371,-73.944991692521,0.07080047074353,0.07048431130163,2020.20908125683,2020.20939741627,391600000
1027,1028,0.00103,40.7105532542818,-73.9456365288123,40.74519138206,-73.8814495949967,0.07151431130163,0.07048431130163,2020.20908125683,2020.21011125683,391600000
1028,436,0.02212918033,40.74519138206,-73.8814495949967,40.7498177869327,-73.8703546504848,0.09364349163163,0.07151431130163,2020.21011125683,2020.23224043716,391600000
1028,1029,0.02211,40.74519138206,-73.8814495949967,40.7413520528937,-73.8734671149727,0.09362431130163,0.07151431130163,2020.21011125683,2020.23222125683,391600000
1029,435,1.918032796e-05,40.7413520528937,-73.8734671149727,40.7411476384798,-73.8762826664071,0.09364349162959,0.09362431130163,2020.23222125683,2020.23224043716,391600000
1029,434,1.918032796e-05,40.7413520528937,-73.8734671149727,40.6878880133701,-73.9745991290114,0.09364349162959,0.09362431130163,2020.23222125683,2020.23224043716,391600000
1030,1031,0.000171775776600019,40.7106108956371,-73.944991692521,40.7113480570638,-73.9462689055888,0.07097224652013,0.07080047074353,2020.20939741627,2020.20956919205,391600000
1030,1037,7.41767453399378e-06,40.7106108956371,-73.944991692521,40.7038945103797,-73.9497083649862,0.070807888418064,0.07080047074353,2020.20939741627,2020.20940483395,391600000
1031,1034,6.20647814799924e-05,40.7113480570638,-73.9462689055888,40.7297503105526,-73.620261727603,0.07103431130161,0.07097224652013,2020.20956919205,2020.20963125683,391600000
1031,1032,6.20647814799924e-05,40.7113480570638,-73.9462689055888,40.7297503105526,-73.620261727603,0.07103431130161,0.07097224652013,2020.20956919205,2020.20963125683,391600000
1032,1033,0.02259,40.7297503105526,-73.620261727603,40.6908724844192,-73.9540757792033,0.09362431130161,0.07103431130161,2020.20963125683,2020.23222125683,391600000
1032,437,0.02260918033,40.7297503105526,-73.620261727603,40.665418319057,-73.6617600535951,0.09364349163161,0.07103431130161,2020.20963125683,2020.23224043716,391600000
1033,438,1.918032796e-05,40.6908724844192,-73.9540757792033,40.742627106534,-73.9721243199272,0.09364349162957,0.09362431130161,2020.23222125683,2020.23224043716,391600000
1033,439,1.918032796e-05,40.6908724844192,-73.9540757792033,40.7459378811065,-73.6057771820677,0.09364349162957,0.09362431130161,2020.23222125683,2020.23224043716,391600000
1034,1036,0.02259,40.7297503105526,-73.620261727603,40.6908724844192,-73.9540757792033,0.09362431130161,0.07103431130161,2020.20963125683,2020.23222125683,391600000
1034,1035,0.02259,40.7297503105526,-73.620261727603,40.6908724844192,-73.9540757792033,0.09362431130161,0.07103431130161,2020.20963125683,2020.23222125683,391600000
1035,440,1.918032796e-05,40.6908724844192,-73.9540757792033,40.7084820387167,-73.9403472211103,0.09364349162957,0.09362431130161,2020.23222125683,2020.23224043716,391600000
1035,441,1.918032796e-05,40.6908724844192,-73.9540757792033,40.7473562518669,-73.1977648399175,0.09364349162957,0.09362431130161,2020.23222125683,2020.23224043716,391600000
1036,443,1.918032796e-05,40.6908724844192,-73.9540757792033,40.7508779479026,-73.6526924798827,0.09364349162957,0.09362431130161,2020.23222125683,2020.23224043716,391600000
1036,442,1.918032796e-05,40.6908724844192,-73.9540757792033,40.8606554027371,-73.1713288961946,0.09364349162957,0.09362431130161,2020.23222125683,2020.23224043716,391600000
1037,1041,0.000226422883499999,40.7038945103797,-73.9497083649862,40.7024802645175,-73.9491479723585,0.071034311301564,0.070807888418064,2020.20940483395,2020.20963125683,391600000
1037,1038,0.000226422883499999,40.7038945103797,-73.9497083649862,40.7024802645175,-73.9491479723585,0.071034311301564,0.070807888418064,2020.20940483395,2020.20963125683,391600000
1038,1040,0.02259,40.7024802645175,-73.9491479723585,40.6908724844192,-73.9540757792033,0.093624311301564,0.071034311301564,2020.20963125683,2020.23222125683,391600000
1038,1039,0.02259,40.7024802645175,-73.9491479723585,40.6908724844192,-73.9540757792033,0.093624311301564,0.071034311301564,2020.20963125683,2020.23222125683,391600000
1039,444,1.918032796e-05,40.6908724844192,-73.9540757792033,40.5947144602907,-73.9357058236911,0.093643491629524,0.093624311301564,2020.23222125683,2020.23224043716,391600000
1039,445,1.918032796e-05,40.6908724844192,-73.9540757792033,40.6782883512615,-73.9641616039469,0.093643491629524,0.093624311301564,2020.23222125683,2020.23224043716,391600000
1040,446,1.918032796e-05,40.6908724844192,-73.9540757792033,40.7030904741673,-73.6774352594794,0.093643491629524,0.093624311301564,2020.23222125683,2020.23224043716,391600000
1040,447,1.918032796e-05,40.6908724844192,-73.9540757792033,40.6197801895252,-74.0207088509375,0.093643491629524,0.093624311301564,2020.23222125683,2020.23224043716,391600000
1041,448,0.02260918033,40.7024802645175,-73.9491479723585,40.6843010580765,-73.5860274848027,0.093643491631564,0.071034311301564,2020.20963125683,2020.23224043716,391600000
1041,449,0.02260918033,40.7024802645175,-73.9491479723585,40.7138584216387,-73.9450519229372,0.093643491631564,0.071034311301564,2020.20963125683,2020.23224043716,391600000
1042,1043,0.02156,40.714605105269,-73.9577584225549,40.712956603322,-73.6693454226167,0.06431431130163,0.04275431130163,2020.18135125683,2020.20291125683,391600000
1042,1048,0.00172,40.714605105269,-73.9577584225549,40.7151181866348,-73.9700313705222,0.04447431130163,0.04275431130163,2020.18135125683,2020.18307125683,391600000
1043,1044,0.00176999999999999,40.712956603322,-73.6693454226167,40.5965779260481,-73.964460708045,0.06608431130163,0.06431431130163,2020.20291125683,2020.20468125683,391600000
1043,450,0.00747125683099997,40.712956603322,-73.6693454226167,40.7226314022786,-73.6888499441659,0.07178556813263,0.06431431130163,2020.20291125683,2020.21038251366,391600000
1044,451,0.03848814208,40.5965779260481,-73.964460708045,40.7215438533111,-74.0107212261745,0.10457245338163,0.06608431130163,2020.20468125683,2020.24316939891,391600000
1044,1045,0.00176999999999999,40.5965779260481,-73.964460708045,40.5965779260481,-73.964460708045,0.06785431130163,0.06608431130163,2020.20468125683,2020.20645125683,391600000
1045,1046,0.00180999999999998,40.5965779260481,-73.964460708045,40.7151234168428,-73.6780603035068,0.06966431130163,0.06785431130163,2020.20645125683,2020.20826125683,391600000
1045,452,0.03671814208,40.5965779260481,-73.964460708045,40.7453383160075,-73.6057208963717,0.10457245338163,0.06785431130163,2020.20645125683,2020.24316939891,391600000
1046,453,0.03490814208,40.7151234168428,-73.6780603035068,40.7473619025229,-73.610259117214,0.10457245338163,0.06966431130163,2020.20826125683,2020.24316939891,391600000
1046,1047,0.00188000000000002,40.7151234168428,-73.6780603035068,40.7152040835819,-73.6843863230551,0.07154431130163,0.06966431130163,2020.20826125683,2020.21014125683,391600000
1047,455,0.101334153,40.7152040835819,-73.6843863230551,40.6059050506028,-74.0220360976346,0.17287846430163,0.07154431130163,2020.21014125683,2020.31147540983,391600000
1047,454,0.000241256830700004,40.7152040835819,-73.6843863230551,40.7155684607384,-73.6866592793196,0.07178556813233,0.07154431130163,2020.21014125683,2020.21038251366,391600000
1048,1049,0.00175,40.7151181866348,-73.9700313705222,40.6619373321933,-73.9323348643333,0.04622431130163,0.04447431130163,2020.18307125683,2020.18482125683,391600000
1048,1077,0.02342,40.7151181866348,-73.9700313705222,40.7229553327779,-73.9730600098041,0.06789431130163,0.04447431130163,2020.18307125683,2020.20649125683,391600000
1049,1050,0.015,40.6619373321933,-73.9323348643333,40.7097456765843,-73.9618707762807,0.06122431130163,0.04622431130163,2020.18482125683,2020.19982125683,391600000
1049,1058,0.01186,40.6619373321933,-73.9323348643333,40.7128766452376,-73.9715528278975,0.05808431130163,0.04622431130163,2020.18482125683,2020.19668125683,391600000
1050,1053,0.00905999999999998,40.7097456765843,-73.9618707762807,40.7690934389082,-73.9098203228633,0.07028431130163,0.06122431130163,2020.19982125683,2020.20888125683,391600000
1050,1051,0.00161785317900001,40.7097456765843,-73.9618707762807,40.7095968034971,-73.9672552781948,0.06284216448063,0.06122431130163,2020.19982125683,2020.20143911001,391600000
1051,1052,0.04718214682,40.7095968034971,-73.9672552781948,40.6464556393707,-74.0165152423801,0.11002431130063,0.06284216448063,2020.20143911001,2020.24862125683,391600000
1051,458,0.04719476977,40.7095968034971,-73.9672552781948,40.7118241769841,-73.9584617719094,0.11003693425063,0.06284216448063,2020.20143911001,2020.24863387978,391600000
1052,457,1.26229509399972e-05,40.6464556393707,-74.0165152423801,40.646831340791,-74.0150392714286,0.11003693425157,0.11002431130063,2020.24862125683,2020.24863387978,391600000
1052,456,1.26229509399972e-05,40.6464556393707,-74.0165152423801,41.0848430673993,-73.9905688941844,0.11003693425157,0.11002431130063,2020.24862125683,2020.24863387978,391600000
1053,1054,0.000620000000000009,40.7690934389082,-73.9098203228633,40.83021381806,-73.9038643863387,0.07090431130163,0.07028431130163,2020.20888125683,2020.20950125683,391600000
1053,1056,0.000620000000000009,40.7690934389082,-73.9098203228633,40.83021381806,-73.9038643863387,0.07090431130163,0.07028431130163,2020.20888125683,2020.20950125683,391600000
1054,1055,0.00048999999999999,40.83021381806,-73.9038643863387,40.6859795455721,-74.0023501590109,0.07139431130163,0.07090431130163,2020.20950125683,2020.20999125683,391600000
1054,461,0.03366814208,40.83021381806,-73.9038643863387,40.8918671142442,-73.8595977191749,0.10457245338163,0.07090431130163,2020.20950125683,2020.24316939891,391600000
1055,459,0.03317814208,40.6859795455721,-74.0023501590109,40.6484592960247,-73.9665650271191,0.10457245338163,0.07139431130163,2020.20999125683,2020.24316939891,391600000
1055,460,0.03317814208,40.6859795455721,-74.0023501590109,40.7629614848886,-73.9869212903634,0.10457245338163,0.07139431130163,2020.20999125683,2020.24316939891,391600000
1056,464,0.03366814208,40.83021381806,-73.9038643863387,40.682684823433,-73.5750293065525,0.10457245338163,0.07090431130163,2020.20950125683,2020.24316939891,391600000
1056,1057,0.00048999999999999,40.83021381806,-73.9038643863387,40.6859795455721,-74.0023501590109,0.07139431130163,0.07090431130163,2020.20950125683,2020.20999125683,391600000
1057,463,0.03317814208,40.6859795455721,-74.0023501590109,40.7288765583391,-73.9959171740711,0.10457245338163,0.07139431130163,2020.20999125683,2020.24316939891,391600000
1057,462,0.03317814208,40.6859795455721,-74.0023501590109,40.7789947891761,-73.9571031790332,0.10457245338163,0.07139431130163,2020.20999125683,2020.24316939891,391600000
1058,1059,0.01237,40.7128766452376,-73.9715528278975,40.7194655474498,-73.9609070043589,0.07045431130163,0.05808431130163,2020.19668125683,2020.20905125683,391600000
1058,1069,0.00175,40.7128766452376,-73.9715528278975,40.6619373321933,-73.9323348643333,0.05983431130163,0.05808431130163,2020.19668125683,2020.19843125683,391600000
1059,1060,8.00000000000245e-05,40.7194655474498,-73.9609070043589,40.684307916686,-73.8938238709229,0.07053431130163,0.07045431130163,2020.20905125683,2020.20913125683,391600000
1059,1064,0.000472714396700019,40.7194655474498,-73.9609070043589,40.7253369629491,-73.962763718641,0.07092702569833,0.07045431130163,2020.20905125683,2020.20952397123,391600000
1060,1061,1.99999999999922e-05,40.684307916686,-73.8938238709229,40.7179590151855,-73.9632244709266,0.07055431130163,0.07053431130163,2020.20913125683,2020.20915125683,391600000
1060,465,0.02310918033,40.684307916686,-73.8938238709229,40.7124989006906,-73.7788014686599,0.09364349163163,0.07053431130163,2020.20913125683,2020.23224043716,391600000
1061,466,0.02308918033,40.7179590151855,-73.9632244709266,40.7592051428059,-73.6014547578683,0.09364349163163,0.07055431130163,2020.20915125683,2020.23224043716,391600000
1061,1062,0.0321,40.7179590151855,-73.9632244709266,40.6088129911154,-73.9357394380491,0.10265431130163,0.07055431130163,2020.20915125683,2020.24125125683,391600000
1062,1063,0.00163532405400001,40.6088129911154,-73.9357394380491,40.6026059357479,-73.9498403078304,0.10428963535563,0.10265431130163,2020.24125125683,2020.24288658088,391600000
1062,467,0.0401695082,40.6088129911154,-73.9357394380491,40.6259814331591,-73.9343347587688,0.14282381950163,0.10265431130163,2020.24125125683,2020.28142076503,391600000
1063,468,0.000282818022999995,40.6026059357479,-73.9498403078304,40.6070066372221,-73.9557923072449,0.10457245337863,0.10428963535563,2020.24288658088,2020.24316939891,391600000
1063,469,0.000282818022999995,40.6026059357479,-73.9498403078304,40.7183470731248,-73.7716401273386,0.10457245337863,0.10428963535563,2020.24288658088,2020.24316939891,391600000
1064,1065,0.0383372856,40.7253369629491,-73.962763718641,40.7551614126904,-73.9201982407426,0.10926431129833,0.07092702569833,2020.20952397123,2020.24786125683,391600000
1064,1068,0.000797285603300002,40.7253369629491,-73.962763718641,40.7000415116115,-73.9302519010878,0.07172431130163,0.07092702569833,2020.20952397123,2020.21032125683,391600000
1065,1067,0.000399999999999998,40.7551614126904,-73.9201982407426,40.7493595167624,-73.9214068347825,0.10966431129833,0.10926431129833,2020.24786125683,2020.24826125683,391600000
1065,1066,0.000399999999999998,40.7551614126904,-73.9201982407426,40.7493595167624,-73.9214068347825,0.10966431129833,0.10926431129833,2020.24786125683,2020.24826125683,391600000
1066,470,0.03862398907,40.7493595167624,-73.9214068347825,40.7355800592346,-73.6978962832798,0.14828830036833,0.10966431129833,2020.24826125683,2020.2868852459,391600000
1066,471,0.03862398907,40.7493595167624,-73.9214068347825,40.7852812644379,-73.927225857349,0.14828830036833,0.10966431129833,2020.24826125683,2020.2868852459,391600000
1067,472,0.03862398907,40.7493595167624,-73.9214068347825,40.5930372018341,-73.9618404854155,0.14828830036833,0.10966431129833,2020.24826125683,2020.2868852459,391600000
1067,473,0.03862398907,40.7493595167624,-73.9214068347825,40.878683591892,-73.1031605798828,0.14828830036833,0.10966431129833,2020.24826125683,2020.2868852459,391600000
1068,474,0.03831262295,40.7000415116115,-73.9302519010878,40.6653817777259,-73.9264758790228,0.11003693425163,0.07172431130163,2020.21032125683,2020.24863387978,391600000
1068,475,0.03831262295,40.7000415116115,-73.9302519010878,40.7255477471131,-73.8960761132324,0.11003693425163,0.07172431130163,2020.21032125683,2020.24863387978,391600000
1069,1071,0.00988999999999998,40.6619373321933,-73.9323348643333,40.735972226393,-73.975930829345,0.06972431130163,0.05983431130163,2020.19843125683,2020.20832125683,391600000
1069,1070,0.00146598771299999,40.6619373321933,-73.9323348643333,40.7433074686309,-73.9725450571879,0.06130029901463,0.05983431130163,2020.19843125683,2020.19989724454,391600000
1070,476,0.00228854780700002,40.7433074686309,-73.9725450571879,40.7441685809208,-73.9797389130969,0.06358884682163,0.06130029901463,2020.19989724454,2020.20218579235,391600000
1070,477,0.04873663524,40.7433074686309,-73.9725450571879,40.6399725452656,-74.0166689205824,0.11003693425463,0.06130029901463,2020.19989724454,2020.24863387978,391600000
1071,1072,0.00156000000000001,40.735972226393,-73.975930829345,40.7312768586351,-73.9727828185157,0.07128431130163,0.06972431130163,2020.20832125683,2020.20988125683,391600000
1071,1073,0.02572,40.735972226393,-73.975930829345,40.7605800909614,-73.9701823923071,0.09544431130163,0.06972431130163,2020.20832125683,2020.23404125683,391600000
1072,479,0.05787830601,40.7312768586351,-73.9727828185157,40.7292584972648,-73.983377992749,0.12916261731163,0.07128431130163,2020.20988125683,2020.26775956284,391600000
1072,478,0.05787830601,40.7312768586351,-73.9727828185157,40.6290245473757,-74.012788839086,0.12916261731163,0.07128431130163,2020.20988125683,2020.26775956284,391600000
1073,1074,0.01210474492,40.7605800909614,-73.9701823923071,40.7278871990279,-73.6158737122308,0.10754905622163,0.09544431130163,2020.23404125683,2020.24614600175,391600000
1073,480,0.01732486339,40.7605800909614,-73.9701823923071,40.9191166631354,-73.8839843385607,0.11276917469163,0.09544431130163,2020.23404125683,2020.25136612022,391600000
1074,1076,0.000395255080199997,40.7278871990279,-73.6158737122308,40.7277447391203,-73.6101822568956,0.10794431130183,0.10754905622163,2020.24614600175,2020.24654125683,391600000
1074,1075,0.00148525508,40.7278871990279,-73.6158737122308,40.7384240030626,-73.1763937138292,0.10903431130163,0.10754905622163,2020.24614600175,2020.24763125683,391600000
1075,481,0.01466382514,40.7384240030626,-73.1763937138292,40.8869053101137,-73.004077945798,0.12369813644163,0.10903431130163,2020.24763125683,2020.26229508197,391600000
1075,482,0.003734863388,40.7384240030626,-73.1763937138292,40.7289956540844,-73.2026536856792,0.11276917468963,0.10903431130163,2020.24763125683,2020.25136612022,391600000
1076,483,0.002092622951,40.7277447391203,-73.6101822568956,40.7123267343992,-73.5835970400915,0.11003693425283,0.10794431130183,2020.24654125683,2020.24863387978,391600000
1076,484,0.002092622951,40.7277447391203,-73.6101822568956,40.7623065812967,-73.5966192362241,0.11003693425283,0.10794431130183,2020.24654125683,2020.24863387978,391600000
1077,1078,0.00184000000000001,40.7229553327779,-73.9730600098041,40.7283771928368,-73.961457003295,0.06973431130163,0.06789431130163,2020.20649125683,2020.20833125683,391600000
1077,1097,0.00183240009900001,40.7229553327779,-73.9730600098041,40.7249870816077,-73.9692650284724,0.06972671140063,0.06789431130163,2020.20649125683,2020.20832365693,391600000
1078,1079,8.5542293359997e-05,40.7283771928368,-73.961457003295,40.726713517906,-73.9721026929836,0.06981985359499,0.06973431130163,2020.20833125683,2020.20841679912,391600000
1078,1089,0.000655521437399997,40.7283771928368,-73.961457003295,40.7319479549957,-73.9730090943606,0.07038983273903,0.06973431130163,2020.20833125683,2020.20898677827,391600000
1079,1081,0.000160478964700006,40.726713517906,-73.9721026929836,40.7267490709919,-73.9727124179326,0.06998033255969,0.06981985359499,2020.20841679912,2020.20857727809,391600000
1079,1080,2.01816014900047e-05,40.726713517906,-73.9721026929836,40.7263345943235,-73.9720398747666,0.06984003519648,0.06981985359499,2020.20841679912,2020.20843698072,391600000
1080,486,0.00741001381,40.7263345943235,-73.9720398747666,40.7462679992842,-73.9839421934153,0.07725004900648,0.06984003519648,2020.20843698072,2020.21584699453,391600000
1080,485,0.04292913949,40.7263345943235,-73.9720398747666,40.6610477929684,-73.9643681584525,0.11276917468648,0.06984003519648,2020.20843698072,2020.25136612021,391600000
1081,1084,0.00104438149899999,40.7267490709919,-73.9727124179326,40.6860923077558,-73.8186053640917,0.07102471405869,0.06998033255969,2020.20857727809,2020.20962165959,391600000
1081,1082,0.000793978741900014,40.7267490709919,-73.9727124179326,40.7259977564818,-73.9649688521409,0.07077431130159,0.06998033255969,2020.20857727809,2020.20937125683,391600000
1082,487,0.08024622951,40.7259977564818,-73.9649688521409,40.6018308784703,-74.0048131276813,0.15102054081159,0.07077431130159,2020.20937125683,2020.28961748634,391600000
1082,1083,0.0384,40.7259977564818,-73.9649688521409,40.7061405035756,-73.9724850367633,0.10917431130159,0.07077431130159,2020.20937125683,2020.24777125683,391600000
1083,489,0.04184622951,40.7061405035756,-73.9724850367633,40.6935057989412,-73.963047407813,0.15102054081159,0.10917431130159,2020.24777125683,2020.28961748634,391600000
1083,488,0.05823967213,40.7061405035756,-73.9724850367633,40.7094059594832,-73.9963295574843,0.16741398343159,0.10917431130159,2020.24777125683,2020.30601092896,391600000
1084,1086,0.000339597243300016,40.6860923077558,-73.8186053640917,40.6864065199479,-73.818642127656,0.07136431130199,0.07102471405869,2020.20962165959,2020.20996125683,391600000
1084,1085,0.03622959724,40.6860923077558,-73.8186053640917,40.6014859077814,-74.0583832367604,0.10725431129869,0.07102471405869,2020.20962165959,2020.24585125683,391600000
1085,491,0.02190830601,40.6014859077814,-74.0583832367604,40.6363270115,-74.0305868268555,0.12916261730869,0.10725431129869,2020.24585125683,2020.26775956284,391600000
1085,490,0.0137115847,40.6014859077814,-74.0583832367604,40.6065758006932,-74.0204829341206,0.12096589599869,0.10725431129869,2020.24585125683,2020.25956284153,391600000
1086,492,0.09058519126,40.6864065199479,-73.818642127656,40.6798998050019,-73.8487577777653,0.16194950256199,0.07136431130199,2020.20996125683,2020.30054644809,391600000
1086,1087,0.03781,40.6864065199479,-73.818642127656,40.7044330390484,-73.7882977063591,0.10917431130199,0.07136431130199,2020.20996125683,2020.24777125683,391600000
1087,493,0.05823967213,40.7044330390484,-73.7882977063591,40.7917060288946,-73.7347841783239,0.16741398343199,0.10917431130199,2020.24777125683,2020.30601092896,391600000
1087,1088,0.000689999999999996,40.7044330390484,-73.7882977063591,40.6874122697078,-73.994237498139,0.10986431130199,0.10917431130199,2020.24777125683,2020.24846125683,391600000
1088,494,0.05481743169,40.6874122697078,-73.994237498139,40.6995350230229,-73.4800598836953,0.16468174299199,0.10986431130199,2020.24846125683,2020.30327868852,391600000
1088,495,0.05481743169,40.6874122697078,-73.994237498139,40.723157636455,-73.7561637961299,0.16468174299199,0.10986431130199,2020.24846125683,2020.30327868852,391600000
1089,1090,3.41513831799978e-05,40.7319479549957,-73.9730090943606,40.7322128032669,-73.9716847236136,0.07042398412221,0.07038983273903,2020.20898677827,2020.20902092965,391600000
1089,1095,0.000315375966200016,40.7319479549957,-73.9730090943606,40.7318785965462,-73.9679938881549,0.07070520870523,0.07038983273903,2020.20898677827,2020.20930215423,391600000
1090,1094,0.000370327179399998,40.7322128032669,-73.9716847236136,40.7332628837736,-73.9712426921712,0.07079431130161,0.07042398412221,2020.20902092965,2020.20939125683,391600000
1090,1091,0.03916800227,40.7322128032669,-73.9716847236136,40.6972001108403,-73.9131140222998,0.10959198639221,0.07042398412221,2020.20902092965,2020.24818893192,391600000
1091,1092,0.000162324911900005,40.6972001108403,-73.9131140222998,40.6968917174541,-73.9222166281072,0.10975431130411,0.10959198639221,2020.24818893192,2020.24835125683,391600000
1091,1093,0.000162324911900005,40.6972001108403,-73.9131140222998,40.6968917174541,-73.9222166281072,0.10975431130411,0.10959198639221,2020.24818893192,2020.24835125683,391600000
1092,496,0.05219519126,40.6968917174541,-73.9222166281072,40.754292369472,-73.3952974121468,0.16194950256411,0.10975431130411,2020.24835125683,2020.30054644809,391600000
1092,497,0.05219519126,40.6968917174541,-73.9222166281072,40.6427407047125,-73.941370427049,0.16194950256411,0.10975431130411,2020.24835125683,2020.30054644809,391600000
1093,499,0.05219519126,40.6968917174541,-73.9222166281072,40.7602422095494,-73.9217142194898,0.16194950256411,0.10975431130411,2020.24835125683,2020.30054644809,391600000
1093,498,0.05219519126,40.6968917174541,-73.9222166281072,40.6685054548865,-73.8290085446559,0.16194950256411,0.10975431130411,2020.24835125683,2020.30054644809,391600000
1094,501,0.1266743169,40.7332628837736,-73.9712426921712,40.7274250650312,-73.9900361789026,0.19746862820161,0.07079431130161,2020.20939125683,2020.33606557373,391600000
1094,500,0.04470710383,40.7332628837736,-73.9712426921712,40.812422822372,-73.9652792975437,0.11550141513161,0.07079431130161,2020.20939125683,2020.25409836066,391600000
1095,1096,0.00103910259599999,40.7318785965462,-73.9679938881549,40.7259610977747,-73.9753947615572,0.07174431130123,0.07070520870523,2020.20930215423,2020.21034125683,391600000
1095,504,0.02020604249,40.7318785965462,-73.9679938881549,40.7153076326232,-73.5868150846349,0.09091125119523,0.07070520870523,2020.20930215423,2020.22950819672,391600000
1096,503,0.04102486339,40.7259610977747,-73.9753947615572,40.8501959648434,-73.9046874548666,0.11276917469123,0.07174431130123,2020.21034125683,2020.25136612022,391600000
1096,502,0.04375710383,40.7259610977747,-73.9753947615572,40.6081078999332,-73.9834686626581,0.11550141513123,0.07174431130123,2020.21034125683,2020.25409836066,391600000
1097,1098,0.000116200783800008,40.7249870816077,-73.9692650284724,40.8194164862717,-73.9016103701514,0.06984291218443,0.06972671140063,2020.20832365693,2020.20843985771,391600000
1097,1105,0.000537599900800018,40.7249870816077,-73.9692650284724,40.6341333741426,-74.0051072256284,0.07026431130143,0.06972671140063,2020.20832365693,2020.20886125683,391600000
1098,1102,3.44059128799812e-05,40.8194164862717,-73.9016103701514,40.8198053891129,-73.8986637942044,0.06987731809731,0.06984291218443,2020.20843985771,2020.20847426362,391600000
1098,1099,0.000511399116999989,40.8194164862717,-73.9016103701514,40.7534351105291,-73.6533541758462,0.07035431130143,0.06984291218443,2020.20843985771,2020.20895125683,391600000
1099,1101,0.000759999999999983,40.7534351105291,-73.6533541758462,40.7529057084378,-73.6574911228832,0.07111431130143,0.07035431130143,2020.20895125683,2020.20971125683,391600000
1099,1100,0.000759999999999983,40.7534351105291,-73.6533541758462,40.7529057084378,-73.6574911228832,0.07111431130143,0.07035431130143,2020.20895125683,2020.20971125683,391600000
1100,506,0.02252918033,40.7529057084378,-73.6574911228832,40.7356350036875,-73.6688105341229,0.09364349163143,0.07111431130143,2020.20971125683,2020.23224043716,391600000
1100,505,0.02252918033,40.7529057084378,-73.6574911228832,40.7624006951554,-73.5444363045227,0.09364349163143,0.07111431130143,2020.20971125683,2020.23224043716,391600000
1101,507,0.02252918033,40.7529057084378,-73.6574911228832,40.6556212379212,-73.5785156319684,0.09364349163143,0.07111431130143,2020.20971125683,2020.23224043716,391600000
1101,508,0.02252918033,40.7529057084378,-73.6574911228832,40.8743030412893,-73.8244020667962,0.09364349163143,0.07111431130143,2020.20971125683,2020.23224043716,391600000
1102,1104,0.000101650095400002,40.8198053891129,-73.8986637942044,40.8204487249898,-73.8971857526777,0.06997896819271,0.06987731809731,2020.20847426362,2020.20857591372,391600000
1102,1103,0.000786993204100001,40.8198053891129,-73.8986637942044,40.8129346614597,-73.9022425785886,0.07066431130141,0.06987731809731,2020.20847426362,2020.20926125683,391600000
1103,510,0.04210486339,40.8129346614597,-73.9022425785886,40.8597367133706,-73.886018871727,0.11276917469141,0.07066431130141,2020.20926125683,2020.25136612022,391600000
1103,509,0.06396278689,40.8129346614597,-73.9022425785886,40.7504215094934,-73.6308358065476,0.13462709819141,0.07066431130141,2020.20926125683,2020.27322404372,391600000
1104,511,0.04005796606,40.8204487249898,-73.8971857526777,40.8299470562498,-73.9078920040658,0.11003693425271,0.06997896819271,2020.20857591372,2020.24863387978,391600000
1104,512,0.04005796606,40.8204487249898,-73.8971857526777,40.8083190148655,-73.2533573366597,0.11003693425271,0.06997896819271,2020.20857591372,2020.24863387978,391600000
1105,1106,0.000113575621799977,40.6341333741426,-74.0051072256284,40.6327334861361,-74.005978081824,0.07037788692323,0.07026431130143,2020.20886125683,2020.20897483245,391600000
1105,1109,5.29782850700045e-05,40.6341333741426,-74.0051072256284,40.6316728643825,-73.993066725163,0.0703172895865,0.07026431130143,2020.20886125683,2020.20891423511,391600000
1106,513,0.05878473039,40.6327334861361,-74.005978081824,40.6268056940713,-74.010548771725,0.12916261731323,0.07037788692323,2020.20897483245,2020.26775956284,391600000
1106,1107,0.000336424378200029,40.6327334861361,-74.005978081824,40.6338978189495,-74.0053845786865,0.07071431130143,0.07037788692323,2020.20897483245,2020.20931125683,391600000
1107,514,0.04205486339,40.6338978189495,-74.0053845786865,40.8419164991737,-73.902066652187,0.11276917469143,0.07071431130143,2020.20931125683,2020.25136612022,391600000
1107,1108,0.03789,40.6338978189495,-74.0053845786865,40.6063064110655,-74.024947809014,0.10860431130143,0.07071431130143,2020.20931125683,2020.24720125683,391600000
1108,515,0.02055830601,40.6063064110655,-74.024947809014,40.6312749314594,-74.0271153536648,0.12916261731143,0.10860431130143,2020.24720125683,2020.26775956284,391600000
1108,516,0.004164863388,40.6063064110655,-74.024947809014,40.6061816999522,-74.0305640225372,0.11276917468943,0.10860431130143,2020.24720125683,2020.25136612022,391600000
1109,1110,3.32570819799871e-05,40.6316728643825,-73.993066725163,40.6284557857484,-73.9942419542864,0.07035054666848,0.0703172895865,2020.20891423511,2020.2089474922,391600000
1109,517,0.03971964467,40.6316728643825,-73.993066725163,40.821853079012,-73.8728960823823,0.1100369342565,0.0703172895865,2020.20891423511,2020.24863387978,391600000
1110,1111,0.000903764632899984,40.6284557857484,-73.9942419542864,40.6301449491732,-73.9807596331225,0.07125431130138,0.07035054666848,2020.2089474922,2020.20985125683,391600000
1110,518,0.04515086846,40.6284557857484,-73.9942419542864,40.6365611155048,-74.009202803848,0.11550141512848,0.07035054666848,2020.2089474922,2020.25409836066,391600000
1111,1114,0.000190000000000023,40.6301449491732,-73.9807596331225,40.6255794649226,-73.9369201333074,0.07144431130138,0.07125431130138,2020.20985125683,2020.21004125683,391600000
1111,1112,0.03306,40.6301449491732,-73.9807596331225,40.6321983803853,-73.9682977826708,0.10431431130138,0.07125431130138,2020.20985125683,2020.24291125683,391600000
1112,521,0.04124174863,40.6321983803853,-73.9682977826708,40.719532267343,-73.5220657955341,0.14555605993138,0.10431431130138,2020.24291125683,2020.28415300546,391600000
1112,1113,0.00275,40.6321983803853,-73.9682977826708,40.6341489823942,-73.9620032329559,0.10706431130138,0.10431431130138,2020.24291125683,2020.24566125683,391600000
1113,519,0.08220759563,40.6341489823942,-73.9620032329559,40.6061823401632,-73.9115611177323,0.18927190693138,0.10706431130138,2020.24566125683,2020.32786885246,391600000
1113,520,0.1040655191,40.6341489823942,-73.9620032329559,40.6208501173686,-73.9776428942691,0.21112983040138,0.10706431130138,2020.24566125683,2020.34972677593,391600000
1114,1117,0.02488485669,40.6255794649226,-73.9369201333074,40.6267772740114,-73.9356530720379,0.09632916799138,0.07144431130138,2020.21004125683,2020.23492611352,391600000
1114,1115,0.00228999999999999,40.6255794649226,-73.9369201333074,40.6270129254156,-73.9381289017282,0.07373431130138,0.07144431130138,2020.21004125683,2020.21233125683,391600000
1115,1116,0.02238719215,40.6270129254156,-73.9381289017282,40.6692769449923,-73.7782579874028,0.09612150345138,0.07373431130138,2020.21233125683,2020.23471844898,391600000
1115,522,0.02264142077,40.6270129254156,-73.9381289017282,40.7404106751864,-73.6645779547722,0.09637573207138,0.07373431130138,2020.21233125683,2020.2349726776,391600000
1116,524,0.000254228613700003,40.6692769449923,-73.7782579874028,40.6688046807674,-73.7778079124982,0.09637573206508,0.09612150345138,2020.23471844898,2020.23497267759,391600000
1116,523,0.000254228613700003,40.6692769449923,-73.7782579874028,40.6818526325198,-73.8645621797092,0.09637573206508,0.09612150345138,2020.23471844898,2020.23497267759,391600000
1117,525,0.01370776626,40.6267772740114,-73.9356530720379,40.7656363422313,-73.8930705278426,0.11003693425138,0.09632916799138,2020.23492611352,2020.24863387978,391600000
1117,526,4.65640780799997e-05,40.6267772740114,-73.9356530720379,40.6266708494258,-73.9359615499758,0.09637573206946,0.09632916799138,2020.23492611352,2020.2349726776,391600000
1118,1119,0.000366441983800009,40.6896419565817,-73.9760061423945,40.689869538643,-73.9751077760298,0.00246109647333001,0.00209465448953,2020.14069160002,2020.141058042,391600000
1118,1126,0.000257855652999989,40.6896419565817,-73.9760061423945,40.6892062008497,-73.9768591424491,0.00235251014252999,0.00209465448953,2020.14069160002,2020.14094945567,391600000
1119,1125,0.000493214828999999,40.689869538643,-73.9751077760298,40.6901090341747,-73.9753006281849,0.00295431130233001,0.00246109647333001,2020.141058042,2020.14155125683,391600000
1119,1120,0.04935350401,40.689869538643,-73.9751077760298,40.7137076855219,-73.9344927412771,0.05181460048333,0.00246109647333001,2020.141058042,2020.19041154601,391600000
1120,1121,0.000789710814100009,40.7137076855219,-73.9344927412771,40.7113216163267,-73.9741166258621,0.05260431129743,0.05181460048333,2020.19041154601,2020.19120125682,391600000
1120,1122,0.000426689832199983,40.7137076855219,-73.9344927412771,40.7461312105731,-73.9294829465363,0.05224129031553,0.05181460048333,2020.19041154601,2020.19083823584,391600000
1121,528,0.04103918033,40.7113216163267,-73.9741166258621,40.7072313817539,-73.8251349169622,0.09364349162743,0.05260431129743,2020.19120125682,2020.23224043715,391600000
1121,527,0.04103918033,40.7113216163267,-73.9741166258621,40.7062363392504,-74.0065911505287,0.09364349162743,0.05260431129743,2020.19120125682,2020.23224043715,391600000
1122,1123,0.01526302098,40.7461312105731,-73.9294829465363,40.7454180050539,-73.9476173045587,0.06750431129553,0.05224129031553,2020.19083823584,2020.20610125682,391600000
1122,529,0.01954427781,40.7461312105731,-73.9294829465363,40.7436087845006,-73.6481238554767,0.07178556812553,0.05224129031553,2020.19083823584,2020.21038251365,391600000
1123,530,0.0753195082,40.7454180050539,-73.9476173045587,40.5891678406772,-74.1469570450871,0.14282381949553,0.06750431129553,2020.20610125682,2020.28142076502,391600000
1123,1124,0.03705,40.7454180050539,-73.9476173045587,40.7778527926987,-73.9550992860227,0.10455431129553,0.06750431129553,2020.20610125682,2020.24315125682,391600000
1124,531,1.81420766900003e-05,40.7778527926987,-73.9550992860227,40.7779836124027,-73.9554655121561,0.10457245337222,0.10455431129553,2020.24315125682,2020.2431693989,391600000
1124,532,1.81420766900003e-05,40.7778527926987,-73.9550992860227,40.5370762301587,-74.1726486956308,0.10457245337222,0.10455431129553,2020.24315125682,2020.2431693989,391600000
1125,534,0.107082623,40.6901090341747,-73.9753006281849,40.8476182176582,-73.9301513659986,0.11003693430233,0.00295431130233001,2020.14155125683,2020.24863387983,391600000
1125,533,0.1125471038,40.6901090341747,-73.9753006281849,40.7556078932489,-73.0147622238072,0.11550141510233,0.00295431130233001,2020.14155125683,2020.25409836063,391600000
1126,1127,0.000304411240200003,40.6892062008497,-73.9768591424491,40.6878891094595,-73.9759585152155,0.00265692138272999,0.00235251014252999,2020.14094945567,2020.14125386691,391600000
1126,535,0.06943305799,40.6892062008497,-73.9768591424491,40.7499442186665,-73.7836788835903,0.07178556813253,0.00235251014252999,2020.14094945567,2020.21038251366,391600000
1127,1129,0.03320647006,40.6878891094595,-73.9759585152155,40.7292951919021,-73.9734234511176,0.03586339144273,0.00265692138272999,2020.14125386691,2020.17446033697,391600000
1127,1128,0.06364738992,40.6878891094595,-73.9759585152155,40.6660883239969,-74.0154069451048,0.06630431130273,0.00265692138272999,2020.14125386691,2020.20490125683,391600000
1128,536,0.05739382514,40.6660883239969,-74.0154069451048,40.6227249190847,-74.0277025961818,0.12369813644273,0.06630431130273,2020.20490125683,2020.26229508197,391600000
1128,537,0.04100038251,40.6660883239969,-74.0154069451048,40.6777061061761,-73.9785171732162,0.10730469381273,0.06630431130273,2020.20490125683,2020.24590163934,391600000
1129,1130,0.02774091986,40.7292951919021,-73.9734234511176,40.7540193186105,-73.9824190087807,0.06360431130273,0.03586339144273,2020.17446033697,2020.20220125683,391600000
1129,1146,0.000285192622100028,40.7292951919021,-73.9734234511176,40.7276276285704,-73.9736548284736,0.03614858406483,0.03586339144273,2020.17446033697,2020.17474552959,391600000
1130,1131,0.00675000000000001,40.7540193186105,-73.9824190087807,40.7544733691674,-73.976782973955,0.07035431130273,0.06360431130273,2020.20220125683,2020.20895125683,391600000
1130,1133,0.00176000000000001,40.7540193186105,-73.9824190087807,40.760908231898,-73.9334311116883,0.06536431130273,0.06360431130273,2020.20220125683,2020.20396125683,391600000
1131,540,0.06427278689,40.7544733691674,-73.976782973955,41.1011216901031,-74.0076406733512,0.13462709819273,0.07035431130273,2020.20895125683,2020.27322404372,391600000
1131,1132,0.000769999999999993,40.7544733691674,-73.976782973955,40.7610680251772,-73.9732390700886,0.07112431130273,0.07035431130273,2020.20895125683,2020.20972125683,391600000
1132,538,0.02525142077,40.7610680251772,-73.9732390700886,40.7475976717573,-73.9694062838136,0.09637573207273,0.07112431130273,2020.20972125683,2020.2349726776,391600000
1132,539,0.02525142077,40.7610680251772,-73.9732390700886,40.6970499505073,-73.6966838828894,0.09637573207273,0.07112431130273,2020.20972125683,2020.2349726776,391600000
1133,1137,0.00175999999999998,40.760908231898,-73.9334311116883,40.6758447755883,-73.7765372229562,0.06712431130273,0.06536431130273,2020.20396125683,2020.20572125683,391600000
1133,1134,0.00507999999999997,40.760908231898,-73.9334311116883,40.7575274280311,-73.9173850889244,0.07044431130273,0.06536431130273,2020.20396125683,2020.20904125683,391600000
1134,1135,0.00126999999999999,40.7575274280311,-73.9173850889244,40.7569719433763,-73.9216830664076,0.07171431130273,0.07044431130273,2020.20904125683,2020.21031125683,391600000
1134,1136,0.000780000000000003,40.7575274280311,-73.9173850889244,40.7550165175231,-73.9217363941095,0.07122431130273,0.07044431130273,2020.20904125683,2020.20982125683,391600000
1135,541,0.04378710383,40.7569719433763,-73.9216830664076,40.7533086534691,-73.910799315166,0.11550141513273,0.07171431130273,2020.21031125683,2020.25409836066,391600000
1135,542,0.04105486339,40.7569719433763,-73.9216830664076,40.8518519213743,-73.9356934233588,0.11276917469273,0.07171431130273,2020.21031125683,2020.25136612022,391600000
1136,544,0.0715995082,40.7550165175231,-73.9217363941095,40.8349009397891,-73.8696575822929,0.14282381950273,0.07122431130273,2020.20982125683,2020.28142076503,391600000
1136,543,0.03881262295,40.7550165175231,-73.9217363941095,40.7292028346686,-73.4535131699873,0.11003693425273,0.07122431130273,2020.20982125683,2020.24863387978,391600000
1137,1138,0.00192000000000001,40.6758447755883,-73.7765372229562,40.612227468319,-73.9449207170067,0.06904431130273,0.06712431130273,2020.20572125683,2020.20764125683,391600000
1137,1139,0.00273000000000001,40.6758447755883,-73.7765372229562,40.7717578896434,-73.9388140614452,0.06985431130273,0.06712431130273,2020.20572125683,2020.20845125683,391600000
1138,546,9.01639359598971e-06,40.612227468319,-73.9449207170067,40.7089801120876,-74.0001597853612,0.069053327696326,0.06904431130273,2020.20764125683,2020.20765027322,391600000
1138,545,9.01639359598971e-06,40.612227468319,-73.9449207170067,40.7073180981561,-73.6049579234869,0.069053327696326,0.06904431130273,2020.20764125683,2020.20765027322,391600000
1139,1141,0.02448,40.7717578896434,-73.9388140614452,40.6893379470455,-73.7541626235774,0.09433431130273,0.06985431130273,2020.20845125683,2020.23293125683,391600000
1139,1140,0.000429999999999986,40.7717578896434,-73.9388140614452,40.856936508064,-73.896213317465,0.07028431130273,0.06985431130273,2020.20845125683,2020.20888125683,391600000
1140,547,0.03428814208,40.856936508064,-73.896213317465,40.5914803804265,-73.9391722840999,0.10457245338273,0.07028431130273,2020.20888125683,2020.24316939891,391600000
1140,548,0.001501256831,40.856936508064,-73.896213317465,40.861592470062,-73.9039698337492,0.07178556813373,0.07028431130273,2020.20888125683,2020.21038251366,391600000
1141,1142,0.00201999999999999,40.6893379470455,-73.7541626235774,40.7313659878968,-73.9668225329726,0.09635431130273,0.09433431130273,2020.23293125683,2020.23495125683,391600000
1141,1143,0.01002,40.6893379470455,-73.7541626235774,40.7069895244195,-73.720779456594,0.10435431130273,0.09433431130273,2020.23293125683,2020.24295125683,391600000
1142,550,0.008218142077,40.7313659878968,-73.9668225329726,40.62754202342,-73.6142440061316,0.10457245337973,0.09635431130273,2020.23495125683,2020.24316939891,391600000
1142,549,2.14207650799936e-05,40.7313659878968,-73.9668225329726,40.6810491288933,-73.762050467689,0.09637573206781,0.09635431130273,2020.23495125683,2020.2349726776,391600000
1143,1144,0.00229,40.7069895244195,-73.720779456594,40.7468246743473,-73.7237033423026,0.10664431130273,0.10435431130273,2020.24295125683,2020.24524125683,391600000
1143,1145,0.00260000000000001,40.7069895244195,-73.720779456594,40.7058866544231,-73.7194185091686,0.10695431130273,0.10435431130273,2020.24295125683,2020.24555125683,391600000
1144,552,0.000660382513800004,40.7468246743473,-73.7237033423026,40.7477077119598,-73.7231794427818,0.10730469381653,0.10664431130273,2020.24524125683,2020.24590163934,391600000
1144,551,0.003392622951,40.7468246743473,-73.7237033423026,40.7218480712949,-73.6071917878251,0.11003693425373,0.10664431130273,2020.24524125683,2020.24863387978,391600000
1145,553,0.008547103825,40.7058866544231,-73.7194185091686,40.6090699278379,-73.9974431427721,0.11550141512773,0.10695431130273,2020.24555125683,2020.25409836066,391600000
1145,554,0.10964,40.7058866544231,-73.7194185091686,40.7366827861834,-73.8801627300032,0.21659431130273,0.10695431130273,2020.24555125683,2020.35519125683,391600000
1146,557,0.03563698407,40.7276276285704,-73.9736548284736,40.7475864907637,-73.9715309611186,0.07178556813483,0.03614858406483,2020.17474552959,2020.21038251366,391600000
1146,1147,0.000105727235899994,40.7276276285704,-73.9736548284736,40.6508306530695,-74.0225160818121,0.03625431130073,0.03614858406483,2020.17474552959,2020.17485125683,391600000
1147,555,0.0409957377,40.6508306530695,-74.0225160818121,40.6832144193083,-73.7406901212571,0.07725004900073,0.03625431130073,2020.17485125683,2020.21584699453,391600000
1147,556,0.05465693989,40.6508306530695,-74.0225160818121,40.6420447326703,-74.0180385789775,0.09091125119073,0.03625431130073,2020.17485125683,2020.22950819672,391600000
1148,1149,0.000345255004100015,40.6762866391695,-73.9916460459578,40.6758831376789,-73.9927679944953,0.00244300559060001,0.0020977505865,2020.14069469611,2020.14103995112,391600000
1148,558,0.06968781755,40.6762866391695,-73.9916460459578,40.7169856494059,-73.9271704369447,0.0717855681365,0.0020977505865,2020.14069469611,2020.21038251366,391600000
1149,1151,0.000316613549799977,40.6758831376789,-73.9927679944953,40.6726786269737,-73.9928928219732,0.00275961914039999,0.00244300559060001,2020.14103995112,2020.14135656467,391600000
1149,1150,0.000322404724699993,40.6758831376789,-73.9927679944953,40.6770452362412,-73.9983297937497,0.0027654103153,0.00244300559060001,2020.14103995112,2020.14136235584,391600000
1150,559,0.1018070431,40.6770452362412,-73.9983297937497,40.5732697539796,-74.0049679740401,0.1045724534153,0.0027654103153,2020.14136235584,2020.24316939894,391600000
1150,560,0.07448463869,40.6770452362412,-73.9983297937497,40.7557139854231,-73.9710660715269,0.0772500490053,0.0027654103153,2020.14136235584,2020.21584699453,391600000
1151,564,0.1182062769,40.6726786269737,-73.9928928219732,40.6223228014726,-74.0349354558214,0.1209658960404,0.00275961914039999,2020.14135656467,2020.25956284157,391600000
1151,1152,0.000159487889500015,40.6726786269737,-73.9928928219732,40.6738496329003,-73.9919192078463,0.0029191070299,0.00275961914039999,2020.14135656467,2020.14151605256,391600000
1152,563,0.0688664611,40.6738496329003,-73.9919192078463,40.7053329849345,-73.9808793873339,0.0717855681299,0.0029191070299,2020.14151605256,2020.21038251366,391600000
1152,1153,3.52042719599932e-05,40.6738496329003,-73.9919192078463,40.6734787769985,-73.9930133446483,0.00295431130186,0.0029191070299,2020.14151605256,2020.14155125683,391600000
1153,561,0.06883125683,40.6734787769985,-73.9930133446483,40.8762876680981,-73.9026105215071,0.07178556813186,0.00295431130186,2020.14155125683,2020.21038251366,391600000
1153,562,0.1016181421,40.6734787769985,-73.9930133446483,40.6125125282844,-73.9740783928094,0.10457245340186,0.00295431130186,2020.14155125683,2020.24316939893,391600000
1154,565,0.06666742814,40.6771529724334,-73.9348742733766,40.694006815582,-73.6309721922565,0.0690533276954,0.0023858995554,2020.14098284508,2020.20765027322,391600000
1154,1155,0.00017786333719999,40.6771529724334,-73.9348742733766,40.6773489518723,-73.935069182703,0.00256376289259999,0.0023858995554,2020.14098284508,2020.14116070842,391600000
1155,1156,0.000117993864899996,40.6773489518723,-73.935069182703,40.6786543468358,-73.932301798229,0.00268175675749999,0.00256376289259999,2020.14116070842,2020.14127870228,391600000
1155,1157,0.06295534128,40.6773489518723,-73.935069182703,40.7524718994973,-73.9758663142833,0.0655191041726,0.00256376289259999,2020.14116070842,2020.2041160497,391600000
1156,567,0.1100874179,40.6786543468358,-73.932301798229,40.7339461150571,-73.3272145009412,0.1127691746575,0.00268175675749999,2020.14127870228,2020.25136612018,391600000
1156,566,0.06910381138,40.6786543468358,-73.932301798229,40.5835361354102,-74.1897432923967,0.0717855681375,0.00268175675749999,2020.14127870228,2020.21038251366,391600000
1157,570,0.04998231096,40.7524718994973,-73.9758663142833,40.7541399264678,-73.9121840364997,0.1155014151326,0.0655191041726,2020.2041160497,2020.25409836066,391600000
1157,1158,0.000355207131000013,40.7524718994973,-73.9758663142833,40.7559954144338,-73.9783917149669,0.0658743113036,0.0655191041726,2020.2041160497,2020.20447125683,391600000
1158,568,0.0113757377,40.7559954144338,-73.9783917149669,40.7590112384593,-73.9950103325347,0.0772500490036,0.0658743113036,2020.20447125683,2020.21584699453,391600000
1158,569,0.03869814208,40.7559954144338,-73.9783917149669,40.7323412371713,-73.9765548106413,0.1045724533836,0.0658743113036,2020.20447125683,2020.24316939891,391600000
1159,1160,0.000723639696599998,40.6733781968501,-73.9516831427019,40.6706749753852,-73.9539153880913,0.002954311302,0.0022306716054,2020.14082761713,2020.14155125683,391600000
1159,1161,0.000141765052499992,40.6733781968501,-73.9516831427019,40.67462292749,-73.9490937881155,0.00237243665789999,0.0022306716054,2020.14082761713,2020.14096938219,391600000
1160,571,0.0742957377,40.6706749753852,-73.9539153880913,40.760068106303,-73.5448233558518,0.077250049002,0.002954311302,2020.14155125683,2020.21584699453,391600000
1160,572,0.0742957377,40.6706749753852,-73.9539153880913,40.6554703791528,-73.952488603372,0.077250049002,0.002954311302,2020.14155125683,2020.21584699453,391600000
1161,1163,0.000480027559700003,40.67462292749,-73.9490937881155,40.6750861059423,-73.9487587272738,0.00285246421759999,0.00237243665789999,2020.14096938219,2020.14144940974,391600000
1161,1162,0.05717187464,40.67462292749,-73.9490937881155,40.6787149505907,-73.9571533431933,0.0595443112979,0.00237243665789999,2020.14096938219,2020.19814125683,391600000
1162,573,0.04502814208,40.6787149505907,-73.9571533431933,40.8771773797914,-73.8691373798826,0.1045724533779,0.0595443112979,2020.19814125683,2020.24316939891,391600000
1162,574,0.04502814208,40.6787149505907,-73.9571533431933,40.7962734129865,-73.9415466687136,0.1045724533779,0.0595443112979,2020.19814125683,2020.24316939891,391600000
1163,1164,0.06601184708,40.6750861059423,-73.9487587272738,40.675364284172,-73.9726732524476,0.0688643112976,0.00285246421759999,2020.14144940974,2020.20746125682,391600000
1163,575,0.1017199892,40.6750861059423,-73.9487587272738,40.7090990230733,-73.9544816120308,0.1045724534176,0.00285246421759999,2020.14144940974,2020.24316939894,391600000
1164,576,0.02751142077,40.675364284172,-73.9726732524476,40.6909318207711,-73.8196724602627,0.0963757320676,0.0688643112976,2020.20746125682,2020.23497267759,391600000
1164,1165,0.001686954544,40.675364284172,-73.9726732524476,40.8181559892195,-73.9121095746686,0.0705512658416,0.0688643112976,2020.20746125682,2020.20914821137,391600000
1165,577,0.001234302287,40.8181559892195,-73.9121095746686,40.8181614505972,-73.9122826088561,0.0717855681286,0.0705512658416,2020.20914821137,2020.21038251366,391600000
1165,1166,0.000253045456499984,40.8181559892195,-73.9121095746686,40.8174500021612,-73.9143844443657,0.0708043112981,0.0705512658416,2020.20914821137,2020.20940125683,391600000
1166,1169,0.000650000000000012,40.8174500021612,-73.9143844443657,40.8141323196359,-73.9175192716976,0.0714543112981,0.0708043112981,2020.20940125683,2020.21005125683,391600000
1166,1167,0.0370834728,40.8174500021612,-73.9143844443657,40.8117868405164,-73.9303809181965,0.1078877840981,0.0708043112981,2020.20940125683,2020.24648472963,391600000
1167,578,0.05952619933,40.8117868405164,-73.9303809181965,40.7453099504954,-73.9797223163275,0.1674139834281,0.1078877840981,2020.24648472963,2020.30601092896,391600000
1167,1168,0.000276527202900001,40.8117868405164,-73.9303809181965,40.8154067347917,-73.9302179125198,0.108164311301,0.1078877840981,2020.24648472963,2020.24676125683,391600000
1168,580,0.05378519126,40.8154067347917,-73.9302179125198,40.7625124536136,-73.8181364491275,0.161949502561,0.108164311301,2020.24676125683,2020.30054644809,391600000
1168,579,0.06198191257,40.8154067347917,-73.9302179125198,40.7463869049859,-73.5346842749046,0.170146223871,0.108164311301,2020.24676125683,2020.3087431694,391600000
1169,1170,0.03694,40.8141323196359,-73.9175192716976,40.7812136152918,-73.9454123947521,0.1083943112981,0.0714543112981,2020.21005125683,2020.24699125683,391600000
1169,1171,0.02294,40.8141323196359,-73.9175192716976,40.7606543919213,-73.9162659392905,0.0943943112981,0.0714543112981,2020.21005125683,2020.23299125683,391600000
1170,581,0.004374863388,40.7812136152918,-73.9454123947521,40.8316369096351,-73.9180837614849,0.1127691746861,0.1083943112981,2020.24699125683,2020.25136612021,391600000
1170,582,0.08907431694,40.7812136152918,-73.9454123947521,40.7335534857999,-73.9756898436462,0.1974686282381,0.1083943112981,2020.24699125683,2020.33606557377,391600000
1171,1172,0.01425,40.7606543919213,-73.9162659392905,40.747508172548,-73.9027525296209,0.1086443112981,0.0943943112981,2020.23299125683,2020.24724125683,391600000
1171,1173,0.00197,40.7606543919213,-73.9162659392905,40.7630453935932,-73.9145711362885,0.0963643112981,0.0943943112981,2020.23299125683,2020.23496125683,391600000
1172,583,0.01505382514,40.747508172548,-73.9027525296209,40.574682997644,-74.1184937420763,0.1236981364381,0.1086443112981,2020.24724125683,2020.26229508197,391600000
1172,584,0.006857103825,40.747508172548,-73.9027525296209,40.7303701647368,-73.8866333601109,0.1155014151231,0.1086443112981,2020.24724125683,2020.25409836065,391600000
1173,585,1.14207650799975e-05,40.7630453935932,-73.9145711362885,40.6901099905062,-73.6252514142408,0.09637573206318,0.0963643112981,2020.23496125683,2020.23497267759,391600000
1173,1174,0.01102,40.7630453935932,-73.9145711362885,40.6206705335828,-73.9910034527167,0.1073843112981,0.0963643112981,2020.23496125683,2020.24598125683,391600000
1174,1175,0.00176,40.6206705335828,-73.9910034527167,40.8359908798726,-73.2107797007971,0.1091443112981,0.1073843112981,2020.24598125683,2020.24774125683,391600000
1174,586,0.005384863388,40.6206705335828,-73.9910034527167,40.61374825758,-73.9830117090132,0.1127691746861,0.1073843112981,2020.24598125683,2020.25136612021,391600000
1175,588,0.003624863388,40.8359908798726,-73.2107797007971,40.8026048319007,-73.9691946324256,0.1127691746861,0.1091443112981,2020.24774125683,2020.25136612021,391600000
1175,587,0.000892622950899993,40.8359908798726,-73.2107797007971,40.6305063932442,-73.9879580312513,0.110036934249,0.1091443112981,2020.24774125683,2020.24863387978,391600000
