node1,node2,length,startLat,startLon,endLat,endLon,endNodeL,startNodeL,startYear,endYear,treeID
5,6,0.000251622074900003,40.8582317861625,-73.9525144359823,40.838035140969,-73.9573289186941,0.000251622074900003,0,2020.20512963475,2020.20538125683,337200000
5,7,0.004871622075,40.8582317861625,-73.9525144359823,40.806456319539,-73.9273348512602,0.004871622075,0,2020.20512963475,2020.21000125683,337200000
11,12,4.38664015100024e-05,40.7491242096777,-73.982970661982,40.728339356851,-73.9979736773073,4.38664015100024e-05,0,2020.18539389168,2020.18543775808,337200000
16,17,0.01394,40.4910013904299,-73.9239241627308,40.6454252901171,-74.012273596707,0.01394,0,2020.20461125683,2020.21855125683,337200000
22,23,9.32813591499985e-05,40.5832417602453,-73.6620141796331,40.5836858720853,-73.6837212340013,9.32813591499985e-05,0,2020.19013797548,2020.19023125684,337200000
22,24,9.32813591499985e-05,40.5832417602453,-73.6620141796331,40.5836858720853,-73.6837212340013,9.32813591499985e-05,0,2020.19013797548,2020.19023125684,337200000
36,37,0.02048284551,40.4401062268696,-73.7616748253426,40.6303976897742,-73.9294880618619,0.02048284551,0,2020.18409125683,2020.20457410234,337200000
36,41,0.02486,40.4401062268696,-73.7616748253426,40.6824559380391,-73.7451458751699,0.02486,0,2020.18409125683,2020.20895125683,337200000
37,38,2.71544880999994e-05,40.6303976897742,-73.9294880618619,40.6301763629992,-73.9308614153164,0.0205099999981,0.02048284551,2020.20457410234,2020.20460125683,337200000
37,39,2.71544880999994e-05,40.6303976897742,-73.9294880618619,40.6301763629992,-73.9308614153164,0.0205099999981,0.02048284551,2020.20457410234,2020.20460125683,337200000
39,40,0.00438,40.6301763629992,-73.9308614153164,40.6588753994794,-73.8426914466913,0.0248899999981,0.0205099999981,2020.20460125683,2020.20898125683,337200000
41,42,0.000599999999999996,40.6824559380391,-73.7451458751699,40.773917956433,-74.0031264491866,0.02546,0.02486,2020.20895125683,2020.20955125683,337200000
42,43,0.03139792558,40.773917956433,-74.0031264491866,40.7403186966645,-73.9590378854768,0.05685792558,0.02546,2020.20955125683,2020.24094918241,337200000
43,44,0.000292074417999999,40.7403186966645,-73.9590378854768,40.7074872509709,-73.9859430931818,0.057149999998,0.05685792558,2020.24094918241,2020.24124125683,337200000
43,45,0.002212074418,40.7403186966645,-73.9590378854768,40.7689721290972,-73.9559024501415,0.059069999998,0.05685792558,2020.24094918241,2020.24316125683,337200000
49,50,0.000890000000000002,40.7070762148536,-74.0010413705626,40.7259450635226,-73.9518634644592,0.000890000000000002,0,2020.20845125683,2020.20934125683,337200000
54,55,0.000230000000000001,40.7100471839148,-74.0542077524487,40.6952156289091,-74.0757620419678,0.000230000000000001,0,2020.20932125683,2020.20955125683,337200000
59,60,0.03243,40.4112395964619,-74.0376569780198,40.633675546908,-73.8085611556223,0.03243,0,2020.21024125683,2020.24267125683,337200000
64,65,0.03743,40.9418284508571,-73.6814323463206,40.7713243445585,-73.9132004946991,0.03743,0,2020.20521125683,2020.24264125683,337200000
70,71,4.70672620000029e-05,40.5872718799191,-73.8312075448212,40.5941623062599,-73.8230107976556,4.70672620000029e-05,0,2020.20563418957,2020.20568125683,337200000
70,72,0.04282706726,40.5872718799191,-73.8312075448212,40.603169889724,-73.8282907574041,0.04282706726,0,2020.20563418957,2020.24846125683,337200000
77,78,0.01203973125,40.8314167266755,-74.1126284076355,40.6108358660975,-73.9644106506804,0.01203973125,0,2020.23447125683,2020.24651098808,337200000
78,79,0.000370268749200001,40.6108358660975,-73.9644106506804,40.6436475005006,-73.9314977028453,0.0124099999992,0.01203973125,2020.24651098808,2020.24688125683,337200000
86,87,0.04549,40.7203522675957,-73.833231991165,40.6977964886993,-74.0188398568969,0.04549,0,2020.19767125683,2020.24316125683,337200000
86,88,0.007742964183,40.7203522675957,-73.833231991165,40.6171221262182,-73.8718222729306,0.007742964183,0,2020.19767125683,2020.20541422101,337200000
88,89,0.00593586999,40.6171221262182,-73.8718222729306,40.5510273075902,-73.9670984232857,0.013678834173,0.007742964183,2020.20541422101,2020.211350091,337200000
88,90,0.00307703581699999,40.6171221262182,-73.8718222729306,40.8165884383608,-73.6630243426693,0.01082,0.007742964183,2020.20541422101,2020.20849125683,337200000
113,114,0.00544128250000001,40.6156476548027,-74.0511712847083,40.6444302548259,-73.9503415071612,0.00544128250000001,0,2020.19976650724,2020.20520778974,337200000
114,124,0.00364346708499999,40.6444302548259,-73.9503415071612,40.6468755934628,-73.9668128927856,0.009084749585,0.00544128250000001,2020.20520778974,2020.20885125683,337200000
114,115,0.000246435639699991,40.6444302548259,-73.9503415071612,40.6446405315147,-73.9380927864207,0.0056877181397,0.00544128250000001,2020.20520778974,2020.20545422538,337200000
115,121,0.0001570314455,40.6446405315147,-73.9380927864207,40.6483660474215,-73.9333215893154,0.0058447495852,0.0056877181397,2020.20545422538,2020.20561125683,337200000
115,116,0.00357703144600001,40.6446405315147,-73.9380927864207,40.6676147594885,-73.9420884655839,0.00926474958570001,0.0056877181397,2020.20545422538,2020.20903125683,337200000
116,119,0.000393058084999995,40.6676147594885,-73.9420884655839,40.6702867455248,-73.9377691180719,0.0096578076707,0.00926474958570001,2020.20903125683,2020.20942431492,337200000
116,117,0.0008400364301,40.6676147594885,-73.9420884655839,40.6533511466669,-73.9673146120018,0.0101047860158,0.00926474958570001,2020.20903125683,2020.20987129326,337200000
117,118,0.02234996357,40.6533511466669,-73.9673146120018,40.6494654806322,-73.9780487455464,0.0324547495858,0.0101047860158,2020.20987129326,2020.23222125683,337200000
119,120,0.000126941914999998,40.6702867455248,-73.9377691180719,40.6799900821957,-73.9358777508751,0.0097847495857,0.0096578076707,2020.20942431492,2020.20955125683,337200000
121,122,0.03696,40.6483660474215,-73.9333215893154,40.727464641987,-73.8582632886784,0.0428047495852,0.0058447495852,2020.20561125683,2020.24257125683,337200000
122,123,0.003,40.727464641987,-73.8582632886784,40.7165931915987,-73.8376608410904,0.0458047495852,0.0428047495852,2020.24257125683,2020.24557125683,337200000
124,125,0.000640000000000002,40.6468755934628,-73.9668128927856,40.6345863408177,-73.9464657736251,0.009724749585,0.009084749585,2020.20885125683,2020.20949125683,337200000
124,127,0.03047,40.6468755934628,-73.9668128927856,40.6400940799276,-73.651014477822,0.039554749585,0.009084749585,2020.20885125683,2020.23932125683,337200000
125,126,0.000509999999999997,40.6345863408177,-73.9464657736251,40.6507773166863,-73.9516716354104,0.010234749585,0.009724749585,2020.20949125683,2020.21000125683,337200000
127,128,0.00347,40.6400940799276,-73.651014477822,40.6334454194061,-73.6523195080203,0.043024749585,0.039554749585,2020.23932125683,2020.24279125683,337200000
127,129,0.00186,40.6400940799276,-73.651014477822,40.6607937135432,-73.6485131984576,0.041414749585,0.039554749585,2020.23932125683,2020.24118125683,337200000
129,130,0.00184,40.6607937135432,-73.6485131984576,40.697284943606,-73.8737566320385,0.043254749585,0.041414749585,2020.24118125683,2020.24302125683,337200000
130,131,0.00207,40.697284943606,-73.8737566320385,40.6737571280722,-73.9306243880841,0.045324749585,0.043254749585,2020.24302125683,2020.24509125683,337200000
131,132,7.00000000000006e-05,40.6737571280722,-73.9306243880841,40.6748724160634,-73.9339883198441,0.045394749585,0.045324749585,2020.24509125683,2020.24516125683,337200000
131,133,0.000460000000000002,40.6737571280722,-73.9306243880841,40.6767150029967,-73.924586321289,0.045784749585,0.045324749585,2020.24509125683,2020.24555125683,337200000
139,140,0.000409999999999994,40.6602811553859,-73.8811713243974,40.7122977931945,-73.9245782803283,0.000409999999999994,0,2020.20893125682,2020.20934125682,337200000
139,141,0.00109999999999999,40.6602811553859,-73.8811713243974,40.7022716271581,-73.8794485073141,0.00109999999999999,0,2020.20893125682,2020.21003125682,337200000
141,142,0.03856,40.7022716271581,-73.8794485073141,40.5177279986925,-73.9676779484366,0.03966,0.00109999999999999,2020.21003125682,2020.24859125682,337200000
731,904,0.000393270946399987,40.7034424535632,-73.9512339363118,40.7015695172502,-73.9557034573146,0.000393270946399987,0,2020.13859694553,2020.13899021647,337200000
731,732,0.001774976953,40.7034424535632,-73.9512339363118,40.6501794962357,-73.9338574467,0.001774976953,0,2020.13859694553,2020.14037192248,337200000
732,733,0.00117933435000001,40.6501794962357,-73.9338574467,40.6538321554851,-73.93285978147,0.002954311303,0.001774976953,2020.14037192248,2020.14155125683,337200000
732,748,7.94840654899931e-05,40.6501794962357,-73.9338574467,40.6494920794255,-73.9340443397498,0.00185446101848999,0.001774976953,2020.14037192248,2020.14045140655,337200000
733,734,0.05724049753,40.6538321554851,-73.93285978147,40.6432058414708,-73.9538779786556,0.060194808833,0.002954311303,2020.14155125683,2020.19879175436,337200000
733,747,0.0687,40.6538321554851,-73.93285978147,40.6335398175326,-73.9293174035276,0.071654311303,0.002954311303,2020.14155125683,2020.21025125683,337200000
734,735,0.000469502474000016,40.6432058414708,-73.9538779786556,40.6244508283795,-73.9609136641273,0.060664311307,0.060194808833,2020.19879175436,2020.19926125683,337200000
734,740,0.000300223796800003,40.6432058414708,-73.9538779786556,40.6352226750747,-73.9633958534787,0.0604950326298,0.060194808833,2020.19879175436,2020.19909197816,337200000
735,737,0.00645999999999999,40.6244508283795,-73.9609136641273,40.6223123059628,-73.9539161856242,0.067124311307,0.060664311307,2020.19926125683,2020.20572125683,337200000
735,736,0.01067,40.6244508283795,-73.9609136641273,40.6286151084553,-73.9560858995129,0.071334311307,0.060664311307,2020.19926125683,2020.20993125683,337200000
737,739,0.00383999999999998,40.6223123059628,-73.9539161856242,40.6195728818485,-73.9657138367847,0.070964311307,0.067124311307,2020.20572125683,2020.20956125683,337200000
737,738,0.00192000000000001,40.6223123059628,-73.9539161856242,40.6123926212336,-73.9447345640709,0.069044311307,0.067124311307,2020.20572125683,2020.20764125683,337200000
740,741,0.000169278677200013,40.6352226750747,-73.9633958534787,40.6362575818779,-73.9631642388468,0.060664311307,0.0604950326298,2020.19909197816,2020.19926125683,337200000
740,742,0.00925436831900001,40.6352226750747,-73.9633958534787,40.637694413588,-73.9627178978446,0.0697494009488,0.0604950326298,2020.19909197816,2020.20834634648,337200000
742,743,0.000104910358599997,40.637694413588,-73.9627178978446,40.6377417695273,-73.9627692389184,0.0698543113074,0.0697494009488,2020.20834634648,2020.20845125683,337200000
742,744,0.000104910358599997,40.637694413588,-73.9627178978446,40.6377417695273,-73.9627692389184,0.0698543113074,0.0697494009488,2020.20834634648,2020.20845125683,337200000
744,745,0.03752,40.6377417695273,-73.9627692389184,40.8442918382982,-73.261941087932,0.1073743113074,0.0698543113074,2020.20845125683,2020.24597125683,337200000
745,746,0.00176,40.8442918382982,-73.261941087932,40.8188340478369,-73.1794757904145,0.1091343113074,0.1073743113074,2020.24597125683,2020.24773125683,337200000
748,749,0.03572549881,40.6494920794255,-73.9340443397498,40.6649819300453,-73.9283722830686,0.03757995982849,0.00185446101848999,2020.14045140655,2020.17617690536,337200000
749,750,0.000174165280100003,40.6649819300453,-73.9283722830686,40.6672931909804,-73.9305571972333,0.03775412510859,0.03757995982849,2020.17617690536,2020.17635107064,337200000
750,899,0.000312846889199997,40.6672931909804,-73.9305571972333,40.6647536159422,-73.9297856077691,0.03806697199779,0.03775412510859,2020.17635107064,2020.17666391753,337200000
750,751,0.000483657512000024,40.6672931909804,-73.9305571972333,40.6664301061808,-73.9291175473954,0.03823778262059,0.03775412510859,2020.17635107064,2020.17683472815,337200000
751,752,0.000366528684399986,40.6664301061808,-73.9291175473954,40.6700226600191,-73.9240535190651,0.03860431130499,0.03823778262059,2020.17683472815,2020.17720125683,337200000
751,885,0.000366528684399986,40.6664301061808,-73.9291175473954,40.6700226600191,-73.9240535190651,0.03860431130499,0.03823778262059,2020.17683472815,2020.17720125683,337200000
752,753,0.01001810837,40.6700226600191,-73.9240535190651,40.6641443532525,-73.9387483655035,0.04862241967499,0.03860431130499,2020.17720125683,2020.1872193652,337200000
753,754,1.18916284700121e-05,40.6641443532525,-73.9387483655035,40.6647935855531,-73.9387317150184,0.04863431130346,0.04862241967499,2020.1872193652,2020.18723125683,337200000
754,755,0.00351341542899999,40.6647935855531,-73.9387317150184,40.6613524885785,-73.9467686309464,0.05214772673246,0.04863431130346,2020.18723125683,2020.19074467226,337200000
755,834,0.000155633623599993,40.6613524885785,-73.9467686309464,40.6647412309632,-73.9422844309657,0.05230336035606,0.05214772673246,2020.19074467226,2020.19090030588,337200000
755,756,0.000714864712300006,40.6613524885785,-73.9467686309464,40.6627493519356,-73.9441106432761,0.05286259144476,0.05214772673246,2020.19074467226,2020.19145953697,337200000
756,757,0.000212467018299994,40.6627493519356,-73.9441106432761,40.6756677183821,-73.9355109010441,0.05307505846306,0.05286259144476,2020.19145953697,2020.19167200399,337200000
757,763,0.000125630255699977,40.6756677183821,-73.9355109010441,40.6762579886634,-73.9358349390103,0.05320068871876,0.05307505846306,2020.19167200399,2020.19179763425,337200000
757,758,0.000588706195499999,40.6756677183821,-73.9355109010441,40.6743002011774,-73.9350377732259,0.05366376465856,0.05307505846306,2020.19167200399,2020.19226071019,337200000
758,759,2.05466446200064e-05,40.6743002011774,-73.9350377732259,40.6742569909101,-73.9350316110536,0.05368431130318,0.05366376465856,2020.19226071019,2020.19228125683,337200000
759,760,0.01564,40.6742569909101,-73.9350316110536,40.6107340818642,-74.0115364399985,0.06932431130318,0.05368431130318,2020.19228125683,2020.20792125683,337200000
760,761,0.00178777353199999,40.6107340818642,-74.0115364399985,40.6346906800688,-74.0117359460266,0.07111208483518,0.06932431130318,2020.20792125683,2020.20970903036,337200000
761,762,0.000112226468000021,40.6346906800688,-74.0117359460266,40.6340353336277,-74.0109775561866,0.07122431130318,0.07111208483518,2020.20970903036,2020.20982125683,337200000
763,764,0.000324565140200017,40.6762579886634,-73.9358349390103,40.6762917112841,-73.9351726396616,0.05352525385896,0.05320068871876,2020.19179763425,2020.19212219939,337200000
763,772,0.00407362258400001,40.6762579886634,-73.9358349390103,40.6797259482015,-73.9377912200308,0.05727431130276,0.05320068871876,2020.19179763425,2020.19587125683,337200000
764,765,0.0001590574442,40.6762917112841,-73.9351726396616,40.6756714246322,-73.9339519620537,0.05368431130316,0.05352525385896,2020.19212219939,2020.19228125683,337200000
764,770,0.01700480507,40.6762917112841,-73.9351726396616,40.6391610182453,-73.9110229497992,0.07053005892896,0.05352525385896,2020.19212219939,2020.20912700446,337200000
765,766,0.01655730169,40.6756714246322,-73.9339519620537,40.6792462571327,-73.9709047203182,0.07024161299316,0.05368431130316,2020.19228125683,2020.20883855852,337200000
766,767,0.00112269831099998,40.6792462571327,-73.9709047203182,40.6801471925366,-73.9802372006706,0.07136431130416,0.07024161299316,2020.20883855852,2020.20996125683,337200000
767,768,0.000140000000000029,40.6801471925366,-73.9802372006706,40.6811262489136,-73.9802981901122,0.07150431130416,0.07136431130416,2020.20996125683,2020.21010125683,337200000
768,769,0.03033,40.6811262489136,-73.9802981901122,40.6796960327902,-73.996995948456,0.10183431130416,0.07150431130416,2020.21010125683,2020.24043125683,337200000
770,771,0.000264252376100005,40.6391610182453,-73.9110229497992,40.6355665021453,-73.9093082899998,0.07079431130506,0.07053005892896,2020.20912700446,2020.20939125683,337200000
772,773,0.00181999999999999,40.6797259482015,-73.9377912200308,40.6635357837187,-73.9614403849699,0.05909431130276,0.05727431130276,2020.19587125683,2020.19769125683,337200000
773,789,0.00175000000000003,40.6635357837187,-73.9614403849699,40.6894345098773,-73.9389916250328,0.06084431130276,0.05909431130276,2020.19769125683,2020.19944125683,337200000
773,774,0.00720000000000001,40.6635357837187,-73.9614403849699,40.7104696337493,-73.9208937527545,0.06629431130276,0.05909431130276,2020.19769125683,2020.20489125683,337200000
774,781,0.00413260230600002,40.7104696337493,-73.9208937527545,40.7475827635793,-73.9145504312094,0.07042691360876,0.06629431130276,2020.20489125683,2020.20902385914,337200000
774,775,0.00175,40.7104696337493,-73.9208937527545,40.716593709067,-73.9194636022271,0.06804431130276,0.06629431130276,2020.20489125683,2020.20664125683,337200000
775,776,0.00181000000000001,40.716593709067,-73.9194636022271,40.7144803865061,-73.9235223389578,0.06985431130276,0.06804431130276,2020.20664125683,2020.20845125683,337200000
775,779,0.00181000000000001,40.716593709067,-73.9194636022271,40.7144803865061,-73.9235223389578,0.06985431130276,0.06804431130276,2020.20664125683,2020.20845125683,337200000
776,778,0.00192000000000001,40.7144803865061,-73.9235223389578,40.6123926212336,-73.9447345640709,0.07177431130276,0.06985431130276,2020.20845125683,2020.21037125683,337200000
776,777,0.00192000000000001,40.7144803865061,-73.9235223389578,40.6123926212336,-73.9447345640709,0.07177431130276,0.06985431130276,2020.20845125683,2020.21037125683,337200000
779,780,0.00192000000000001,40.7144803865061,-73.9235223389578,40.6123926212336,-73.9447345640709,0.07177431130276,0.06985431130276,2020.20845125683,2020.21037125683,337200000
781,783,0.000247397693599993,40.7475827635793,-73.9145504312094,40.74697376837,-73.9181230958848,0.07067431130236,0.07042691360876,2020.20902385914,2020.20927125683,337200000
781,782,0.00115739769399997,40.7475827635793,-73.9145504312094,40.7448946769903,-73.8696514446634,0.07158431130276,0.07042691360876,2020.20902385914,2020.21018125683,337200000
783,784,0.000419999999999976,40.74697376837,-73.9181230958848,40.7480374260381,-73.9162761647301,0.07109431130236,0.07067431130236,2020.20927125683,2020.20969125683,337200000
783,786,0.000586140689999987,40.74697376837,-73.9181230958848,40.7168956647093,-73.9167934460183,0.07126045199236,0.07067431130236,2020.20927125683,2020.20985739752,337200000
784,785,0.000320000000000015,40.7480374260381,-73.9162761647301,40.7890773077907,-73.9276647645312,0.07141431130236,0.07109431130236,2020.20969125683,2020.21001125683,337200000
786,787,0.000103859309999982,40.7168956647093,-73.9167934460183,40.7199536427439,-73.9165569575656,0.07136431130236,0.07126045199236,2020.20985739752,2020.20996125683,337200000
786,788,0.03590385931,40.7168956647093,-73.9167934460183,40.7271686250504,-73.9218427721181,0.10716431130236,0.07126045199236,2020.20985739752,2020.24576125683,337200000
789,806,0.00918609681799998,40.6894345098773,-73.9389916250328,40.6473224429742,-73.9341017025857,0.07003040812076,0.06084431130276,2020.19944125683,2020.20862735365,337200000
789,790,0.00181999999999999,40.6894345098773,-73.9389916250328,40.6635357837187,-73.9614403849699,0.06266431130276,0.06084431130276,2020.19944125683,2020.20126125683,337200000
790,792,0.00790124538199999,40.6635357837187,-73.9614403849699,40.6228598404507,-73.9890680546366,0.07056555668476,0.06266431130276,2020.20126125683,2020.20916250221,337200000
790,791,0.00364999999999999,40.6635357837187,-73.9614403849699,40.6517328946365,-73.9613370926629,0.06631431130276,0.06266431130276,2020.20126125683,2020.20491125683,337200000
792,793,0.03887662132,40.6228598404507,-73.9890680546366,40.6548432888507,-73.9622684405598,0.10944217800476,0.07056555668476,2020.20916250221,2020.24803912353,337200000
792,796,8.99989207800156e-05,40.6228598404507,-73.9890680546366,40.6265857266952,-73.9961021453711,0.07065555560554,0.07056555668476,2020.20916250221,2020.20925250113,337200000
793,794,0.000312133295699998,40.6548432888507,-73.9622684405598,40.6543302398625,-73.9635789001224,0.10975431130046,0.10944217800476,2020.24803912353,2020.24835125683,337200000
793,795,9.21332957199983e-05,40.6548432888507,-73.9622684405598,40.6538788655863,-73.962381217077,0.10953431130048,0.10944217800476,2020.24803912353,2020.24813125683,337200000
796,798,6.77647302199935e-05,40.6265857266952,-73.9961021453711,40.6256716540005,-73.9931000297763,0.07072332033576,0.07065555560554,2020.20925250113,2020.20932026586,337200000
796,797,0.000768755697600015,40.6265857266952,-73.9961021453711,40.6255096679554,-73.9947745946879,0.07142431130314,0.07065555560554,2020.20925250113,2020.21002125683,337200000
798,799,7.06971180400029e-05,40.6256716540005,-73.9931000297763,40.6263324296246,-73.9924169319518,0.0707940174538,0.07072332033576,2020.20932026586,2020.20939096298,337200000
799,800,0.000228938163500003,40.6263324296246,-73.9924169319518,40.62448765721,-73.9903263387092,0.0710229556173,0.0707940174538,2020.20939096298,2020.20961990114,337200000
799,803,0.000400293849400019,40.6263324296246,-73.9924169319518,40.6277688630665,-74.0021670025749,0.0711943113032,0.0707940174538,2020.20939096298,2020.20979125683,337200000
800,802,0.000401355685899996,40.62448765721,-73.9903263387092,40.6266941203954,-73.9875746831566,0.0714243113032,0.0710229556173,2020.20961990114,2020.21002125683,337200000
800,801,0.000401355685899996,40.62448765721,-73.9903263387092,40.6266941203954,-73.9875746831566,0.0714243113032,0.0710229556173,2020.20961990114,2020.21002125683,337200000
803,804,0.03146,40.6277688630665,-74.0021670025749,40.6088659680268,-73.631600171599,0.1026543113032,0.0711943113032,2020.20979125683,2020.24125125683,337200000
804,805,0.00186273375400001,40.6088659680268,-73.631600171599,40.6824021382135,-73.9141869775967,0.1045170450572,0.1026543113032,2020.24125125683,2020.24311399058,337200000
806,807,0.000463903181600001,40.6473224429742,-73.9341017025857,40.6548362661093,-73.9192616837081,0.07049431130236,0.07003040812076,2020.20862735365,2020.20909125683,337200000
806,814,5.58560604900227e-05,40.6473224429742,-73.9341017025857,40.646632741009,-73.9345199409952,0.07008626418125,0.07003040812076,2020.20862735365,2020.20868320971,337200000
807,811,0.000400000000000011,40.6548362661093,-73.9192616837081,40.6606889267919,-73.9132292307196,0.07089431130236,0.07049431130236,2020.20909125683,2020.20949125683,337200000
807,808,0.000516072952900015,40.6548362661093,-73.9192616837081,40.6540975031184,-73.9192757997139,0.07101038425526,0.07049431130236,2020.20909125683,2020.20960732978,337200000
808,809,0.000113927047100004,40.6540975031184,-73.9192757997139,40.6526042701393,-73.9182921551006,0.07112431130236,0.07101038425526,2020.20960732978,2020.20972125683,337200000
808,810,0.000113927047100004,40.6540975031184,-73.9192757997139,40.6526042701393,-73.9182921551006,0.07112431130236,0.07101038425526,2020.20960732978,2020.20972125683,337200000
811,813,0.00051000000000001,40.6606889267919,-73.9132292307196,40.6737765242374,-73.9138424278228,0.07140431130236,0.07089431130236,2020.20949125683,2020.21000125683,337200000
811,812,0.000230000000000008,40.6606889267919,-73.9132292307196,40.7303716816921,-73.942684268293,0.07112431130236,0.07089431130236,2020.20949125683,2020.20972125683,337200000
814,818,0.000356113415399983,40.646632741009,-73.9345199409952,40.6463861477931,-73.9347093910371,0.07044237759665,0.07008626418125,2020.20868320971,2020.20903932312,337200000
814,815,0.000808047121099997,40.646632741009,-73.9345199409952,40.6377189959424,-73.9366687533801,0.07089431130235,0.07008626418125,2020.20868320971,2020.20949125683,337200000
815,816,0.000509999999999983,40.6377189959424,-73.9366687533801,40.6281911205184,-73.9374116223729,0.07140431130235,0.07089431130235,2020.20949125683,2020.21000125683,337200000
815,817,0.000509999999999983,40.6377189959424,-73.9366687533801,40.6281911205184,-73.9374116223729,0.07140431130235,0.07089431130235,2020.20949125683,2020.21000125683,337200000
818,821,0.000501933705700008,40.6463861477931,-73.9347093910371,40.6448624793521,-73.9330366764708,0.07094431130235,0.07044237759665,2020.20903932312,2020.20954125683,337200000
818,819,0.000311933705699985,40.6463861477931,-73.9347093910371,40.6463787829279,-73.9348566660953,0.07075431130235,0.07044237759665,2020.20903932312,2020.20935125683,337200000
819,820,0.03381,40.6463787829279,-73.9348566660953,40.6694452789907,-73.9572017859229,0.10456431130235,0.07075431130235,2020.20935125683,2020.24316125683,337200000
821,822,0.000249999999999972,40.6448624793521,-73.9330366764708,40.6457462015182,-73.9342591356039,0.07119431130235,0.07094431130235,2020.20954125683,2020.20979125683,337200000
821,827,9.9999999999989e-05,40.6448624793521,-73.9330366764708,40.6452668807809,-73.9341205773056,0.07104431130235,0.07094431130235,2020.20954125683,2020.20964125683,337200000
822,823,0.03574,40.6457462015182,-73.9342591356039,40.6611023125124,-73.9541021225405,0.10693431130235,0.07119431130235,2020.20979125683,2020.24553125683,337200000
822,826,8.00000000000245e-05,40.6457462015182,-73.9342591356039,40.6461955804424,-73.9351640882608,0.07127431130235,0.07119431130235,2020.20979125683,2020.20987125683,337200000
823,825,0.000310000000000005,40.6611023125124,-73.9541021225405,40.6370950359162,-73.9792046417876,0.10724431130235,0.10693431130235,2020.24553125683,2020.24584125683,337200000
823,824,0.000839999999999994,40.6611023125124,-73.9541021225405,40.6503434961413,-73.9357720051355,0.10777431130235,0.10693431130235,2020.24553125683,2020.24637125683,337200000
827,828,0.03721746582,40.6452668807809,-73.9341205773056,40.635470942924,-73.984651937529,0.10826177712235,0.07104431130235,2020.20964125683,2020.24685872265,337200000
827,831,9.00000000000067e-05,40.6452668807809,-73.9341205773056,40.6453611703946,-73.9336606467202,0.07113431130235,0.07104431130235,2020.20964125683,2020.20973125683,337200000
828,829,0.000142534183800003,40.635470942924,-73.984651937529,40.635686887228,-73.9845144500835,0.10840431130615,0.10826177712235,2020.24685872265,2020.24700125683,337200000
828,830,0.000142534183800003,40.635470942924,-73.984651937529,40.635686887228,-73.9845144500835,0.10840431130615,0.10826177712235,2020.24685872265,2020.24700125683,337200000
831,832,0.03722,40.6453611703946,-73.9336606467202,40.6243591077262,-73.9455118780566,0.10835431130235,0.07113431130235,2020.20973125683,2020.24695125683,337200000
831,833,0.03343,40.6453611703946,-73.9336606467202,40.5935859723875,-73.9471594470717,0.10456431130235,0.07113431130235,2020.20973125683,2020.24316125683,337200000
834,835,0.000317046397299986,40.6647412309632,-73.9422844309657,40.6629368783066,-73.9404498354261,0.05262040675336,0.05230336035606,2020.19090030588,2020.19121735228,337200000
835,866,0.000619000064800007,40.6629368783066,-73.9404498354261,40.6668432722367,-73.9403366862141,0.05323940681816,0.05262040675336,2020.19121735228,2020.19183635235,337200000
835,836,0.000106418983100015,40.6629368783066,-73.9404498354261,40.6638258391588,-73.9463132012971,0.05272682573646,0.05262040675336,2020.19121735228,2020.19132377126,337200000
836,837,0.000135038451899994,40.6638258391588,-73.9463132012971,40.6635844619379,-73.9463156245277,0.05286186418836,0.05272682573646,2020.19132377126,2020.19145880972,337200000
837,838,0.000250700940299997,40.6635844619379,-73.9463156245277,40.6662840449677,-73.9409885710887,0.05311256512866,0.05286186418836,2020.19145880972,2020.19170951066,337200000
838,859,0.000314921589900014,40.6662840449677,-73.9409885710887,40.6666214306841,-73.9405067469702,0.05342748671856,0.05311256512866,2020.19170951066,2020.19202443225,337200000
838,839,1.92090347300167e-05,40.6662840449677,-73.9409885710887,40.6657733171152,-73.9411645809098,0.05313177416339,0.05311256512866,2020.19170951066,2020.19172871969,337200000
839,840,0.000234182154499996,40.6657733171152,-73.9411645809098,40.666628192215,-73.9371620220947,0.05336595631789,0.05313177416339,2020.19172871969,2020.19196290185,337200000
840,841,0.000318354985300001,40.666628192215,-73.9371620220947,40.6658202591314,-73.9354433395987,0.05368431130319,0.05336595631789,2020.19196290185,2020.19228125683,337200000
840,857,0.000318354985300001,40.666628192215,-73.9371620220947,40.6658202591314,-73.9354433395987,0.05368431130319,0.05336595631789,2020.19196290185,2020.19228125683,337200000
841,856,0.01271,40.6658202591314,-73.9354433395987,40.6924266454262,-73.8127022215538,0.06639431130319,0.05368431130319,2020.19228125683,2020.20499125683,337200000
841,842,0.00867463196900001,40.6658202591314,-73.9354433395987,40.6703668424431,-73.9521884601779,0.06235894327219,0.05368431130319,2020.19228125683,2020.2009558888,337200000
842,854,0.000129247051600001,40.6703668424431,-73.9521884601779,40.67307494787,-73.9471272291986,0.06248819032379,0.06235894327219,2020.2009558888,2020.20108513585,337200000
842,843,0.000365368031499974,40.6703668424431,-73.9521884601779,40.6370704913756,-73.9029211961595,0.06272431130369,0.06235894327219,2020.2009558888,2020.20132125683,337200000
843,844,0.00180000000000002,40.6370704913756,-73.9029211961595,40.6640001013856,-73.9105502211505,0.06452431130369,0.06272431130369,2020.20132125683,2020.20312125683,337200000
844,845,0.00174999999999997,40.6640001013856,-73.9105502211505,40.66253358391,-73.9118928316704,0.06627431130369,0.06452431130369,2020.20312125683,2020.20487125683,337200000
845,846,0.00176999999999999,40.66253358391,-73.9118928316704,40.6571364901208,-73.9340334478702,0.06804431130369,0.06627431130369,2020.20487125683,2020.20664125683,337200000
845,850,0.00434810055400003,40.66253358391,-73.9118928316704,40.6704403475215,-73.8856403157773,0.07062241185769,0.06627431130369,2020.20487125683,2020.20921935739,337200000
846,847,0.00181000000000003,40.6571364901208,-73.9340334478702,40.6192019393312,-73.9595314623194,0.06985431130369,0.06804431130369,2020.20664125683,2020.20845125683,337200000
847,849,0.000639999999999974,40.6192019393312,-73.9595314623194,40.6223696256414,-73.9575798420262,0.07049431130369,0.06985431130369,2020.20845125683,2020.20909125683,337200000
847,848,0.00191999999999998,40.6192019393312,-73.9595314623194,40.5911727800553,-73.9614013097249,0.07177431130369,0.06985431130369,2020.20845125683,2020.21037125683,337200000
850,851,0.000233088572099971,40.6704403475215,-73.8856403157773,40.6744627065143,-73.887794387845,0.07085550042979,0.07062241185769,2020.20921935739,2020.20945244596,337200000
851,853,0.000218810873500008,40.6744627065143,-73.887794387845,40.6773380014584,-73.8883195325617,0.07107431130329,0.07085550042979,2020.20945244596,2020.20967125683,337200000
851,852,0.000378810873500002,40.6744627065143,-73.887794387845,40.6702682886052,-73.8941309934673,0.07123431130329,0.07085550042979,2020.20945244596,2020.20983125683,337200000
854,855,0.000236120979899973,40.67307494787,-73.9471272291986,40.6741932419396,-73.9461722924051,0.06272431130369,0.06248819032379,2020.20108513585,2020.20132125683,337200000
857,858,0.0174,40.6658202591314,-73.9354433395987,40.6396872731924,-73.9458881853935,0.07108431130319,0.05368431130319,2020.19228125683,2020.20968125683,337200000
859,864,0.01796109703,40.6666214306841,-73.9405067469702,40.631266827639,-73.9748308498634,0.07138858374856,0.05342748671856,2020.19202443225,2020.20998552928,337200000
859,860,0.000256824584599996,40.6666214306841,-73.9405067469702,40.6673645498421,-73.941292137952,0.05368431130316,0.05342748671856,2020.19202443225,2020.19228125683,337200000
860,861,0.01710808665,40.6673645498421,-73.941292137952,40.7148621633824,-73.9572043734259,0.07079239795316,0.05368431130316,2020.19228125683,2020.20938934348,337200000
861,863,0.03581191335,40.7148621633824,-73.9572043734259,40.6759267342394,-73.9174169549657,0.10660431130316,0.07079239795316,2020.20938934348,2020.24520125683,337200000
861,862,0.000291913345299988,40.7148621633824,-73.9572043734259,40.7138638872714,-73.9579742984117,0.07108431129846,0.07079239795316,2020.20938934348,2020.20968125683,337200000
864,865,1.57275554200087e-05,40.631266827639,-73.9748308498634,40.6319658745262,-73.9726140121261,0.07140431130398,0.07138858374856,2020.20998552928,2020.21000125683,337200000
866,867,9.22750079299095e-06,40.6668432722367,-73.9403366862141,40.6665233910902,-73.9403846347985,0.053248634318953,0.05323940681816,2020.19183635235,2020.19184557985,337200000
866,878,4.40995564600088e-05,40.6668432722367,-73.9403366862141,40.6677061664954,-73.9390563341047,0.05328350637462,0.05323940681816,2020.19183635235,2020.1918804519,337200000
867,875,7.84423902300269e-05,40.6665233910902,-73.9403846347985,40.665714877909,-73.9399845420845,0.053327076709183,0.053248634318953,2020.19184557985,2020.19192402224,337200000
867,868,0.000271971093800005,40.6665233910902,-73.9403846347985,40.6671019240664,-73.940166546193,0.053520605412753,0.053248634318953,2020.19184557985,2020.19211755094,337200000
868,869,6.88930329300064e-05,40.6671019240664,-73.940166546193,40.6677433734119,-73.9396042220952,0.053589498445683,0.053520605412753,2020.19211755094,2020.19218644397,337200000
868,874,0.000163705890500021,40.6671019240664,-73.940166546193,40.6658454550223,-73.9413891332529,0.053684311303253,0.053520605412753,2020.19211755094,2020.19228125683,337200000
869,870,0.01818481286,40.6677433734119,-73.9396042220952,40.7878210917955,-73.7983107879082,0.071774311305683,0.053589498445683,2020.19218644397,2020.21037125683,337200000
869,871,9.48128575500029e-05,40.6677433734119,-73.9396042220952,40.667828145995,-73.9384709868274,0.053684311303233,0.053589498445683,2020.19218644397,2020.19228125683,337200000
871,872,0.0162,40.667828145995,-73.9384709868274,40.6734770077382,-73.9109814932167,0.069884311303233,0.053684311303233,2020.19228125683,2020.20848125683,337200000
872,873,0.00189,40.6734770077382,-73.9109814932167,40.6826452872507,-73.7817302838795,0.071774311303233,0.069884311303233,2020.20848125683,2020.21037125683,337200000
875,876,0.000357234594,40.665714877909,-73.9399845420845,40.6654503241506,-73.9410702796088,0.053684311303183,0.053327076709183,2020.19192402224,2020.19228125683,337200000
876,877,0.01496,40.6654503241506,-73.9410702796088,40.6782738155626,-73.967863840668,0.068644311303183,0.053684311303183,2020.19228125683,2020.20724125683,337200000
878,882,0.000111554088800009,40.6677061664954,-73.9390563341047,40.6670711664231,-73.9393899870575,0.05339506046342,0.05328350637462,2020.1918804519,2020.19199200599,337200000
878,879,0.000130395805800015,40.6677061664954,-73.9390563341047,40.6678183617091,-73.9399195072947,0.05341390218042,0.05328350637462,2020.1918804519,2020.19201084771,337200000
879,880,0.01290040912,40.6678183617091,-73.9399195072947,40.6979496205311,-73.6854499038841,0.06631431130042,0.05341390218042,2020.19201084771,2020.20491125683,337200000
880,881,0.03825,40.6979496205311,-73.6854499038841,40.7729486354397,-73.4228555328197,0.10456431130042,0.06631431130042,2020.20491125683,2020.24316125683,337200000
882,884,0.000289250839799998,40.6670711664231,-73.9393899870575,40.6671318042043,-73.9405945182045,0.05368431130322,0.05339506046342,2020.19199200599,2020.19228125683,337200000
882,883,0.000289250839799998,40.6670711664231,-73.9393899870575,40.6671318042043,-73.9405945182045,0.05368431130322,0.05339506046342,2020.19199200599,2020.19228125683,337200000
885,886,0.01576,40.6700226600191,-73.9240535190651,40.6961719076548,-73.9352600765178,0.05436431130499,0.03860431130499,2020.17720125683,2020.19296125683,337200000
886,890,0.01369,40.6961719076548,-73.9352600765178,40.7011965156981,-73.9276286334284,0.06805431130499,0.05436431130499,2020.19296125683,2020.20665125683,337200000
886,887,0.01638,40.6961719076548,-73.9352600765178,40.687349749348,-73.9308432967519,0.07074431130499,0.05436431130499,2020.19296125683,2020.20934125683,337200000
887,888,5e-04,40.687349749348,-73.9308432967519,40.6873434877373,-73.936911453015,0.07124431130499,0.07074431130499,2020.20934125683,2020.20984125683,337200000
887,889,0.000549999999999995,40.687349749348,-73.9308432967519,40.6872043005223,-73.9181707189354,0.07129431130499,0.07074431130499,2020.20934125683,2020.20989125683,337200000
890,894,0.00178,40.7011965156981,-73.9276286334284,40.705509261209,-73.9282620569987,0.06983431130499,0.06805431130499,2020.20665125683,2020.20843125683,337200000
890,891,0.0018,40.7011965156981,-73.9276286334284,40.7027307073656,-73.9240462077214,0.06985431130499,0.06805431130499,2020.20665125683,2020.20845125683,337200000
891,892,9.99999999998225e-06,40.7027307073656,-73.9240462077214,40.7141917069999,-73.9161010568009,0.06986431130499,0.06985431130499,2020.20845125683,2020.20846125683,337200000
892,893,0.0347,40.7141917069999,-73.9161010568009,40.5723997809786,-73.8006725014381,0.10456431130499,0.06986431130499,2020.20846125683,2020.24316125683,337200000
894,895,0.000855516910300003,40.705509261209,-73.9282620569987,40.6733586604153,-73.9132383939357,0.07068982821529,0.06983431130499,2020.20843125683,2020.20928677374,337200000
894,897,0.00119231750600002,40.705509261209,-73.9282620569987,40.7000052199086,-73.9332867240974,0.07102662881099,0.06983431130499,2020.20843125683,2020.20962357434,337200000
895,896,0.00104448308999999,40.6733586604153,-73.9132383939357,40.6572871558107,-73.9429697334148,0.07173431130529,0.07068982821529,2020.20928677374,2020.21033125683,337200000
897,898,0.03079768249,40.7000052199086,-73.9332867240974,40.7155163545264,-73.983553234581,0.10182431130099,0.07102662881099,2020.20962357434,2020.24042125683,337200000
899,901,0.000215169900599999,40.6647536159422,-73.9297856077691,40.664613481892,-73.9302911389614,0.03828214189839,0.03806697199779,2020.17666391753,2020.17687908743,337200000
899,900,0.000537339307300017,40.6647536159422,-73.9297856077691,40.6630916136966,-73.9321009794709,0.03860431130509,0.03806697199779,2020.17666391753,2020.17720125683,337200000
901,902,0.000322169406700018,40.664613481892,-73.9302911389614,40.6655103528206,-73.929826822368,0.03860431130509,0.03828214189839,2020.17687908743,2020.17720125683,337200000
902,903,0.03224,40.6655103528206,-73.929826822368,40.6492169807223,-73.7919055043688,0.07084431130509,0.03860431130509,2020.17720125683,2020.20944125683,337200000
904,905,0.000324905867000014,40.7015695172502,-73.9557034573146,40.7006743652069,-73.9552818622855,0.000718176813400001,0.000393270946399987,2020.13899021647,2020.13931512234,337200000
904,1301,0.00183740065900001,40.7015695172502,-73.9557034573146,40.7042988327061,-73.9590835645903,0.0022306716054,0.000393270946399987,2020.13899021647,2020.14082761713,337200000
905,1296,0.001667722742,40.7006743652069,-73.9552818622855,40.6988004092801,-73.9498055853519,0.0023858995554,0.000718176813400001,2020.13931512234,2020.14098284508,337200000
905,906,0.00035580510210001,40.7006743652069,-73.9552818622855,40.7012795043849,-73.9607366808451,0.00107398191550001,0.000718176813400001,2020.13931512234,2020.13967092744,337200000
906,1290,0.00102376867099999,40.7012795043849,-73.9607366808451,40.6973796197592,-73.9859171932614,0.0020977505865,0.00107398191550001,2020.13967092744,2020.14069469611,337200000
906,907,0.000253166838499991,40.7012795043849,-73.9607366808451,40.7005749313487,-73.9608266597198,0.001327148754,0.00107398191550001,2020.13967092744,2020.13992409428,337200000
907,908,0.00135713026000001,40.7005749313487,-73.9608266597198,40.6991492736531,-73.9589729348375,0.00268427901400001,0.001327148754,2020.13992409428,2020.14128122454,337200000
907,916,0.000217636865600002,40.7005749313487,-73.9608266597198,40.7034337008937,-73.9621257512385,0.0015447856196,0.001327148754,2020.13992409428,2020.14014173115,337200000
908,912,0.05680339942,40.6991492736531,-73.9589729348375,40.6197619747807,-73.9776538798813,0.059487678434,0.00268427901400001,2020.14128122454,2020.19808462396,337200000
908,909,0.06458003229,40.6991492736531,-73.9589729348375,40.6595785585834,-73.7632988944088,0.067264311304,0.00268427901400001,2020.14128122454,2020.20586125683,337200000
909,910,0.00401999999999997,40.6595785585834,-73.7632988944088,40.6570746750778,-73.7546404052061,0.071284311304,0.067264311304,2020.20586125683,2020.20988125683,337200000
910,911,0.03328,40.6570746750778,-73.7546404052061,40.7223382064601,-73.9751103752461,0.104564311304,0.071284311304,2020.20988125683,2020.24316125683,337200000
912,913,0.0001066328655,40.6197619747807,-73.9776538798813,40.6192273203691,-73.9783756906847,0.0595943112995,0.059487678434,2020.19808462396,2020.19819125683,337200000
913,914,0.007451788259,40.6192273203691,-73.9783756906847,40.6137212100994,-73.9889914245171,0.0670460995585,0.0595943112995,2020.19819125683,2020.20564304509,337200000
914,915,0.002717622818,40.6137212100994,-73.9889914245171,40.6152714465056,-73.9936954560209,0.0697637223765,0.0670460995585,2020.20564304509,2020.2083606679,337200000
916,917,0.000976884170300008,40.7034337008937,-73.9621257512385,40.6571198314937,-74.0018545620001,0.00252166978990001,0.0015447856196,2020.14014173115,2020.14111861532,337200000
916,919,0.000289706000100004,40.7034337008937,-73.9621257512385,40.7037761920752,-73.9619496467857,0.00183449161970001,0.0015447856196,2020.14014173115,2020.14043143715,337200000
917,918,0.000432641512399995,40.6571198314937,-74.0018545620001,40.6520496252623,-74.0000097110328,0.00295431130230001,0.00252166978990001,2020.14111861532,2020.14155125683,337200000
919,920,0.00111981968299998,40.7037761920752,-73.9619496467857,40.7045524208365,-73.9567792932816,0.00295431130269999,0.00183449161970001,2020.14043143715,2020.14155125683,337200000
919,921,5.99806551299931e-05,40.7037761920752,-73.9619496467857,40.7003737750731,-73.9611792898053,0.00189447227483,0.00183449161970001,2020.14043143715,2020.1404914178,337200000
921,1260,0.000200182214700001,40.7003737750731,-73.9611792898053,40.7012149935217,-73.9602350997932,0.00209465448953,0.00189447227483,2020.1404914178,2020.14069160002,337200000
921,922,0.000480184666799999,40.7003737750731,-73.9611792898053,40.6978540573677,-73.9700905706894,0.00237465694163,0.00189447227483,2020.1404914178,2020.14097160247,337200000
922,926,0.01798965436,40.6978540573677,-73.9700905706894,40.6951171735172,-73.9735537690052,0.02036431130163,0.00237465694163,2020.14097160247,2020.15896125683,337200000
922,923,0.000175743398900002,40.6978540573677,-73.9700905706894,40.6974595712088,-73.9715476737023,0.00255040034053,0.00237465694163,2020.14097160247,2020.14114734587,337200000
923,924,0.000242349167699996,40.6974595712088,-73.9715476737023,40.6719373069136,-73.973902381632,0.00279274950823,0.00255040034053,2020.14114734587,2020.14138969504,337200000
924,925,0.05442156179,40.6719373069136,-73.973902381632,40.6932532917934,-73.9732754322074,0.05721431129823,0.00279274950823,2020.14138969504,2020.19581125683,337200000
926,927,0.02259,40.6951171735172,-73.9735537690052,40.6898996989581,-73.961173506071,0.04295431130163,0.02036431130163,2020.15896125683,2020.18155125683,337200000
926,965,0.00191,40.6951171735172,-73.9735537690052,40.69116219644,-73.9792545900334,0.02227431130163,0.02036431130163,2020.15896125683,2020.16087125683,337200000
927,949,0.003759523284,40.6898996989581,-73.961173506071,40.6866739893095,-73.960407077987,0.04671383458563,0.04295431130163,2020.18155125683,2020.18531078011,337200000
927,928,0.00234000000000001,40.6898996989581,-73.961173506071,40.6938413407509,-73.9675252929331,0.04529431130163,0.04295431130163,2020.18155125683,2020.18389125683,337200000
928,938,0.00220186777,40.6938413407509,-73.9675252929331,40.6885841287968,-73.965242127733,0.04749617907163,0.04529431130163,2020.18389125683,2020.1860931246,337200000
928,929,0.00170000000000001,40.6938413407509,-73.9675252929331,40.6964175421928,-73.9678817025609,0.04699431130163,0.04529431130163,2020.18389125683,2020.18559125683,337200000
929,930,0.01982387659,40.6964175421928,-73.9678817025609,40.7246117151787,-73.6254015687518,0.06681818789163,0.04699431130163,2020.18559125683,2020.20541513342,337200000
929,934,0.008504111461,40.6964175421928,-73.9678817025609,40.7027970462108,-73.9655584887695,0.05549842276263,0.04699431130163,2020.18559125683,2020.19409536829,337200000
930,931,0.000356123406200004,40.7246117151787,-73.6254015687518,40.7245694930409,-73.6257493015244,0.06717431129783,0.06681818789163,2020.20541513342,2020.20577125683,337200000
930,932,0.00200612340600001,40.7246117151787,-73.6254015687518,40.7140796839183,-73.6294414246491,0.06882431129763,0.06681818789163,2020.20541513342,2020.20742125683,337200000
932,933,0.00141999999999998,40.7140796839183,-73.6294414246491,40.7134481971809,-73.6341968786386,0.07024431129763,0.06882431129763,2020.20742125683,2020.20884125682,337200000
934,935,0.00812588853899998,40.7027970462108,-73.9655584887695,40.7513146752675,-73.9648508896808,0.06362431130163,0.05549842276263,2020.19409536829,2020.20222125683,337200000
935,936,0.00181000000000001,40.7513146752675,-73.9648508896808,40.7144803865061,-73.9235223389578,0.06543431130163,0.06362431130163,2020.20222125683,2020.20403125683,337200000
936,937,0.00360000000000002,40.7144803865061,-73.9235223389578,40.7629573943471,-73.9788029402232,0.06903431130163,0.06543431130163,2020.20403125683,2020.20763125683,337200000
938,940,0.00247813222999999,40.6885841287968,-73.965242127733,40.6860134632591,-73.8270223536408,0.04997431130163,0.04749617907163,2020.1860931246,2020.18857125683,337200000
938,939,0.01830813223,40.6885841287968,-73.965242127733,40.6968130220589,-73.9729573299875,0.06580431130163,0.04749617907163,2020.1860931246,2020.20440125683,337200000
940,943,0.00219,40.6860134632591,-73.8270223536408,40.6931295167859,-73.8409649440632,0.05216431130163,0.04997431130163,2020.18857125683,2020.19076125683,337200000
940,941,0.00899,40.6860134632591,-73.8270223536408,40.6757584723597,-73.8329125570409,0.05896431130163,0.04997431130163,2020.18857125683,2020.19756125683,337200000
941,942,0.01158,40.6757584723597,-73.8329125570409,40.6672289231688,-73.8438181666404,0.07054431130163,0.05896431130163,2020.19756125683,2020.20914125683,337200000
943,944,0.00733,40.6931295167859,-73.8409649440632,40.7064660559991,-73.8500036401904,0.05949431130163,0.05216431130163,2020.19076125683,2020.19809125683,337200000
943,947,0.0181,40.6931295167859,-73.8409649440632,40.8221376215272,-73.6126014258221,0.07026431130163,0.05216431130163,2020.19076125683,2020.20886125683,337200000
944,946,0.04767,40.7064660559991,-73.8500036401904,40.7397089144237,-73.8502915187331,0.10716431130163,0.05949431130163,2020.19809125683,2020.24576125683,337200000
944,945,0.01111,40.7064660559991,-73.8500036401904,40.694434799781,-73.8362700420213,0.07060431130163,0.05949431130163,2020.19809125683,2020.20920125683,337200000
947,948,0.00931999999999999,40.8221376215272,-73.6126014258221,40.7945762387317,-73.565286748803,0.07958431130163,0.07026431130163,2020.20886125683,2020.21818125683,337200000
949,950,0.00759252870999999,40.6866739893095,-73.960407077987,40.7164764583816,-73.9457230258542,0.05430636329563,0.04671383458563,2020.18531078011,2020.19290330882,337200000
950,951,0.000369022102700012,40.7164764583816,-73.9457230258542,40.7168784138693,-73.9447782675073,0.05467538539833,0.05430636329563,2020.19290330882,2020.19327233093,337200000
950,956,0.00264651315799999,40.7164764583816,-73.9457230258542,40.7184881496598,-73.9556223702778,0.05695287645363,0.05430636329563,2020.19290330882,2020.19554982198,337200000
951,954,0.0154889259,40.7168784138693,-73.9447782675073,40.611954831374,-74.0248576621087,0.07016431129833,0.05467538539833,2020.19327233093,2020.20876125683,337200000
951,952,0.000108925903099993,40.7168784138693,-73.9447782675073,40.7167534310464,-73.9454548047449,0.05478431130143,0.05467538539833,2020.19327233093,2020.19338125683,337200000
952,953,0.01024,40.7167534310464,-73.9454548047449,40.7169791229355,-73.9383380322053,0.06502431130143,0.05478431130143,2020.19338125683,2020.20362125683,337200000
954,955,0.03843,40.611954831374,-74.0248576621087,40.6095342165872,-74.030600704529,0.10859431129833,0.07016431129833,2020.20876125683,2020.24719125683,337200000
956,959,0.000208307302900002,40.7184881496598,-73.9556223702778,40.7127211389996,-73.9564764430889,0.05716118375653,0.05695287645363,2020.19554982198,2020.19575812928,337200000
956,957,0.03589143485,40.7184881496598,-73.9556223702778,40.7265357924148,-73.9697118853022,0.09284431130363,0.05695287645363,2020.19554982198,2020.23144125683,337200000
957,958,0.0117,40.7265357924148,-73.9697118853022,40.6396211172432,-73.9934002139105,0.10454431130363,0.09284431130363,2020.23144125683,2020.24314125683,337200000
959,964,0.01371312755,40.7127211389996,-73.9564764430889,40.6887382586666,-73.9564723490012,0.07087431130653,0.05716118375653,2020.19575812928,2020.20947125683,337200000
959,960,0.00022312754540002,40.7127211389996,-73.9564764430889,40.7129054244738,-73.9561723506998,0.05738431130193,0.05716118375653,2020.19575812928,2020.19598125683,337200000
960,962,0.01281390512,40.7129054244738,-73.9561723506998,40.7079861767586,-73.9363669150883,0.07019821642193,0.05738431130193,2020.19598125683,2020.20879516195,337200000
960,961,0.00925197944199999,40.7129054244738,-73.9561723506998,40.7255859372056,-73.9980975744485,0.06663629074393,0.05738431130193,2020.19598125683,2020.20523323627,337200000
962,963,0.000176094876100014,40.7079861767586,-73.9363669150883,40.7409318231919,-73.9102348476442,0.07037431129803,0.07019821642193,2020.20879516195,2020.20897125683,337200000
965,1093,0.00555,40.69116219644,-73.9792545900334,40.6944076746127,-73.9833664843054,0.02782431130163,0.02227431130163,2020.16087125683,2020.16642125683,337200000
965,966,0.00198000000000001,40.69116219644,-73.9792545900334,40.6904350944644,-73.9550454593476,0.02425431130163,0.02227431130163,2020.16087125683,2020.16285125683,337200000
966,967,0.002,40.6904350944644,-73.9550454593476,40.6985739649778,-73.9404475615944,0.02625431130163,0.02425431130163,2020.16285125683,2020.16485125683,337200000
966,988,0.02007,40.6904350944644,-73.9550454593476,40.6849218559561,-73.9646716783765,0.04432431130163,0.02425431130163,2020.16285125683,2020.18292125683,337200000
967,973,0.02284,40.6985739649778,-73.9404475615944,40.6753490059623,-73.9245545259586,0.04909431130163,0.02625431130163,2020.16485125683,2020.18769125683,337200000
967,968,0.03410534237,40.6985739649778,-73.9404475615944,40.7044929579653,-73.7442420798634,0.06035965367163,0.02625431130163,2020.16485125683,2020.1989565992,337200000
968,972,0.000259680189099998,40.7044929579653,-73.7442420798634,40.7053801489354,-73.7440002796753,0.06061933386073,0.06035965367163,2020.1989565992,2020.19921627939,337200000
968,969,0.000619229285500011,40.7044929579653,-73.7442420798634,40.7045296227992,-73.749030259963,0.06097888295713,0.06035965367163,2020.1989565992,2020.19957582848,337200000
969,970,8.54283444999826e-05,40.7045296227992,-73.749030259963,40.7042156300232,-73.7492817184163,0.06106431130163,0.06097888295713,2020.19957582848,2020.19966125683,337200000
970,971,0.01071,40.7042156300232,-73.7492817184163,40.7085702397241,-73.6110946305261,0.07177431130163,0.06106431130163,2020.19966125683,2020.21037125683,337200000
973,974,0.00187999999999999,40.6753490059623,-73.9245545259586,40.6765689568398,-73.9202319476319,0.05097431130163,0.04909431130163,2020.18769125683,2020.18957125683,337200000
974,983,0.00152646231600001,40.6765689568398,-73.9202319476319,40.6932538286921,-73.9137880270007,0.05250077361763,0.05097431130163,2020.18957125683,2020.19109771914,337200000
974,975,0.01949,40.6765689568398,-73.9202319476319,40.678817933722,-73.9152411657769,0.07046431130163,0.05097431130163,2020.18957125683,2020.20906125683,337200000
975,980,0.000215462627800006,40.678817933722,-73.9152411657769,40.6793952526496,-73.9149247141221,0.07067977392943,0.07046431130163,2020.20906125683,2020.20927671946,337200000
975,976,0.000128473581600008,40.678817933722,-73.9152411657769,40.6688359303576,-73.9388262398002,0.07059278488323,0.07046431130163,2020.20906125683,2020.20918973041,337200000
976,978,0.000151526418399994,40.6688359303576,-73.9388262398002,40.6745825844991,-73.9473403917468,0.07074431130163,0.07059278488323,2020.20918973041,2020.20934125683,337200000
976,977,0.000151526418399994,40.6688359303576,-73.9388262398002,40.6745825844991,-73.9473403917468,0.07074431130163,0.07059278488323,2020.20918973041,2020.20934125683,337200000
978,979,0.03381,40.6745825844991,-73.9473403917468,40.7741095818209,-73.8492586319807,0.10455431130163,0.07074431130163,2020.20934125683,2020.24315125683,337200000
980,981,6.45373722099885e-05,40.6793952526496,-73.9149247141221,40.6794957503859,-73.9145717094271,0.07074431130164,0.07067977392943,2020.20927671946,2020.20934125683,337200000
980,982,0.03387453737,40.6793952526496,-73.9149247141221,40.8965369032696,-73.8489016914611,0.10455431129943,0.07067977392943,2020.20927671946,2020.24315125683,337200000
983,984,0.000313537684100001,40.6932538286921,-73.9137880270007,40.6932410202376,-73.9142470643467,0.05281431130173,0.05250077361763,2020.19109771914,2020.19141125683,337200000
983,986,0.01203724119,40.6932538286921,-73.9137880270007,40.7345559719673,-73.8657977366989,0.06453801480763,0.05250077361763,2020.19109771914,2020.20313496033,337200000
984,985,0.01622,40.6932410202376,-73.9142470643467,40.6500541068058,-73.8879366543909,0.06903431130173,0.05281431130173,2020.19141125683,2020.20763125683,337200000
986,987,0.000121506573000002,40.7345559719673,-73.8657977366989,40.7384979425735,-73.8676558497485,0.06465952138063,0.06453801480763,2020.20313496033,2020.20325646691,337200000
988,1005,0.00184000000000001,40.6849218559561,-73.9646716783765,40.6917693883974,-73.9610488607122,0.04616431130163,0.04432431130163,2020.18292125683,2020.18476125683,337200000
988,989,0.00774,40.6849218559561,-73.9646716783765,40.7228758782112,-73.981403125851,0.05206431130163,0.04432431130163,2020.18292125683,2020.19066125683,337200000
989,990,0.00806182867899999,40.7228758782112,-73.981403125851,40.7295916144199,-73.9817363273226,0.06012613998063,0.05206431130163,2020.19066125683,2020.19872308551,337200000
989,1001,0.00980973863500001,40.7228758782112,-73.981403125851,40.7403180220844,-73.9583086974128,0.06187404993663,0.05206431130163,2020.19066125683,2020.20047099546,337200000
990,996,0.000562033826100011,40.7295916144199,-73.9817363273226,40.7220434838418,-73.9749458053163,0.06068817380673,0.06012613998063,2020.19872308551,2020.19928511933,337200000
990,991,0.000215614952100013,40.7295916144199,-73.9817363273226,40.729859884118,-73.9821240219937,0.06034175493273,0.06012613998063,2020.19872308551,2020.19893870046,337200000
991,992,0.000372394024200001,40.729859884118,-73.9821240219937,40.7299993468004,-73.981686902029,0.06071414895693,0.06034175493273,2020.19893870046,2020.19931109448,337200000
991,994,0.00044193154979999,40.729859884118,-73.9821240219937,40.7305644310417,-73.9822235568407,0.06078368648253,0.06034175493273,2020.19893870046,2020.19938063201,337200000
992,993,0.000370162345100011,40.7299993468004,-73.981686902029,40.6196483712058,-74.0950047013051,0.06108431130203,0.06071414895693,2020.19931109448,2020.19968125683,337200000
994,995,0.000300624819599998,40.7305644310417,-73.9822235568407,40.7313411652978,-73.9799148515546,0.06108431130213,0.06078368648253,2020.19938063201,2020.19968125683,337200000
996,1000,9.15920788800151e-05,40.7220434838418,-73.9749458053163,40.7196428629597,-73.9775115982208,0.06077976588561,0.06068817380673,2020.19928511933,2020.19937671141,337200000
996,997,0.000314425302299998,40.7220434838418,-73.9749458053163,40.7250889709264,-73.973328017622,0.06100259910903,0.06068817380673,2020.19928511933,2020.19959954464,337200000
997,999,8.17121931500076e-05,40.7250889709264,-73.973328017622,40.7191593332891,-73.9791031400352,0.06108431130218,0.06100259910903,2020.19959954464,2020.19968125683,337200000
997,998,8.17121931500076e-05,40.7250889709264,-73.973328017622,40.7191593332891,-73.9791031400352,0.06108431130218,0.06100259910903,2020.19959954464,2020.19968125683,337200000
1001,1002,0.00019026136530001,40.7403180220844,-73.9583086974128,40.7425753184654,-73.9517462435254,0.06206431130193,0.06187404993663,2020.20047099546,2020.20066125683,337200000
1002,1003,0.00777035505699997,40.7425753184654,-73.9517462435254,40.7351868926498,-73.9577779321805,0.06983466635893,0.06206431130193,2020.20066125683,2020.20843161189,337200000
1003,1004,0.00125964494300002,40.7351868926498,-73.9577779321805,40.7402835067237,-73.955121195391,0.07109431130193,0.06983466635893,2020.20843161189,2020.20969125683,337200000
1005,1006,0.00178999999999999,40.6917693883974,-73.9610488607122,40.6774837817914,-73.9567985337454,0.04795431130163,0.04616431130163,2020.18476125683,2020.18655125683,337200000
1006,1007,0.000927071103100002,40.6774837817914,-73.9567985337454,40.675735724262,-73.9674488156709,0.04888138240473,0.04795431130163,2020.18655125683,2020.18747832793,337200000
1006,1052,0.00554000000000002,40.6774837817914,-73.9567985337454,40.6762662002782,-73.9573146002505,0.05349431130163,0.04795431130163,2020.18655125683,2020.19209125683,337200000
1007,1008,0.00277292889700001,40.675735724262,-73.9674488156709,40.6804614513719,-73.9743379326937,0.05165431130173,0.04888138240473,2020.18747832793,2020.19025125683,337200000
1008,1009,0.01859,40.6804614513719,-73.9743379326937,40.6810538352649,-73.9725032445691,0.07024431130173,0.05165431130173,2020.19025125683,2020.20884125683,337200000
1008,1014,0.01833,40.6804614513719,-73.9743379326937,40.7365135934752,-73.9412859872987,0.06998431130173,0.05165431130173,2020.19025125683,2020.20858125683,337200000
1009,1012,0.000689999999999996,40.6810538352649,-73.9725032445691,40.6829585050742,-73.9690331196431,0.07093431130173,0.07024431130173,2020.20884125683,2020.20953125683,337200000
1009,1010,0.000340000000000007,40.6810538352649,-73.9725032445691,40.680216248175,-73.9719015023989,0.07058431130173,0.07024431130173,2020.20884125683,2020.20918125683,337200000
1010,1011,0.00084999999999999,40.680216248175,-73.9719015023989,40.6835374209164,-73.9737082316094,0.07143431130173,0.07058431130173,2020.20918125683,2020.21003125683,337200000
1012,1013,0.00048999999999999,40.6829585050742,-73.9690331196431,40.6820908670851,-73.9686248601035,0.07142431130173,0.07093431130173,2020.20953125683,2020.21002125683,337200000
1014,1016,0.000920000000000004,40.7365135934752,-73.9412859872987,40.7370568440031,-73.9431634908814,0.07090431130173,0.06998431130173,2020.20858125683,2020.20950125683,337200000
1014,1015,0.000450000000000006,40.7365135934752,-73.9412859872987,40.7388313736252,-73.9421395508889,0.07043431130173,0.06998431130173,2020.20858125683,2020.20903125683,337200000
1016,1017,3.00000000000022e-05,40.7370568440031,-73.9431634908814,40.7390586881695,-73.94257070841,0.07093431130173,0.07090431130173,2020.20950125683,2020.20953125683,337200000
1016,1027,0.02516,40.7370568440031,-73.9431634908814,40.7445858897304,-73.9374863440581,0.09606431130173,0.07090431130173,2020.20950125683,2020.23466125683,337200000
1017,1018,0.03078,40.7390586881695,-73.94257070841,40.7313056147187,-73.9381292141466,0.10171431130173,0.07093431130173,2020.20953125683,2020.24031125683,337200000
1018,1019,0.00494014863,40.7313056147187,-73.9381292141466,40.7256859797944,-73.9416736123436,0.10665445993173,0.10171431130173,2020.24031125683,2020.24525140546,337200000
1018,1023,0.00185,40.7313056147187,-73.9381292141466,40.7288287898901,-73.9357690780606,0.10356431130173,0.10171431130173,2020.24031125683,2020.24216125683,337200000
1019,1020,0.000319851369599999,40.7256859797944,-73.9416736123436,40.7264003527735,-73.94171835598,0.10697431130133,0.10665445993173,2020.24525140546,2020.24557125683,337200000
1020,1021,0.00025,40.7264003527735,-73.94171835598,40.7210450629752,-73.9429913444559,0.10722431130133,0.10697431130133,2020.24557125683,2020.24582125683,337200000
1020,1022,0.00018,40.7264003527735,-73.94171835598,40.726593941187,-73.9415063179423,0.10715431130133,0.10697431130133,2020.24557125683,2020.24575125683,337200000
1023,1025,0.000609999999999999,40.7288287898901,-73.9357690780606,40.7258847308952,-73.9210804652832,0.10417431130173,0.10356431130173,2020.24216125683,2020.24277125683,337200000
1023,1024,0.00408,40.7288287898901,-73.9357690780606,40.7308666792622,-73.9465226167511,0.10764431130173,0.10356431130173,2020.24216125683,2020.24624125683,337200000
1025,1026,0.00269529341700001,40.7258847308952,-73.9210804652832,40.719303226519,-73.8527358268099,0.10686960471873,0.10417431130173,2020.24277125683,2020.24546655025,337200000
1027,1028,0.00677,40.7445858897304,-73.9374863440581,40.7602024401708,-73.9656542951351,0.10283431130173,0.09606431130173,2020.23466125683,2020.24143125683,337200000
1027,1040,0.00262,40.7445858897304,-73.9374863440581,40.7456920435529,-73.9381883620189,0.09868431130173,0.09606431130173,2020.23466125683,2020.23728125683,337200000
1028,1029,0.00322,40.7602024401708,-73.9656542951351,40.7651623997967,-73.9719979778835,0.10605431130173,0.10283431130173,2020.24143125683,2020.24465125683,337200000
1028,1034,0.00183,40.7602024401708,-73.9656542951351,40.7611586523443,-73.9666482035099,0.10466431130173,0.10283431130173,2020.24143125683,2020.24326125683,337200000
1029,1032,0.000338332090099994,40.7651623997967,-73.9719979778835,40.7657658218628,-73.9714474939565,0.10639264339183,0.10605431130173,2020.24465125683,2020.24498958892,337200000
1029,1030,0.000607820819000002,40.7651623997967,-73.9719979778835,40.6991386149639,-74.0297351027351,0.10666213212073,0.10605431130173,2020.24465125683,2020.24525907765,337200000
1030,1031,2.21791810299937e-05,40.6991386149639,-74.0297351027351,40.7034100177677,-74.0323827562987,0.10668431130176,0.10666213212073,2020.24525907765,2020.24528125683,337200000
1032,1033,0.000291667909899998,40.7657658218628,-73.9714474939565,40.7657990166503,-73.972668237778,0.10668431130173,0.10639264339183,2020.24498958892,2020.24528125683,337200000
1034,1037,0.00183,40.7611586523443,-73.9666482035099,40.7611586523443,-73.9666482035099,0.10649431130173,0.10466431130173,2020.24326125683,2020.24509125683,337200000
1034,1035,0.00173601298999999,40.7611586523443,-73.9666482035099,40.6575534573343,-73.9548361130427,0.10640032429173,0.10466431130173,2020.24326125683,2020.24499726982,337200000
1035,1036,0.000283987010199993,40.6575534573343,-73.9548361130427,40.6592976256994,-73.9546692755933,0.10668431130193,0.10640032429173,2020.24499726982,2020.24528125683,337200000
1037,1038,7.99999999999967e-05,40.7611586523443,-73.9666482035099,40.761720596232,-73.9664128757113,0.10657431130173,0.10649431130173,2020.24509125683,2020.24517125683,337200000
1037,1039,0.000469999999999998,40.7611586523443,-73.9666482035099,40.7520607209437,-73.9668022718886,0.10696431130173,0.10649431130173,2020.24509125683,2020.24556125683,337200000
1040,1041,0.00201999999999999,40.7456920435529,-73.9381883620189,40.729927727805,-73.966949576105,0.10070431130173,0.09868431130173,2020.23728125683,2020.23930125683,337200000
1040,1045,0.00201999999999999,40.7456920435529,-73.9381883620189,40.729927727805,-73.966949576105,0.10070431130173,0.09868431130173,2020.23728125683,2020.23930125683,337200000
1041,1044,0.003838488546,40.729927727805,-73.966949576105,40.7403977173262,-73.9842558889428,0.10454279984773,0.10070431130173,2020.23930125683,2020.24313974537,337200000
1041,1042,0.00196,40.729927727805,-73.966949576105,40.720239916073,-73.9787633301719,0.10266431130173,0.10070431130173,2020.23930125683,2020.24126125683,337200000
1042,1043,0.001856630712,40.720239916073,-73.9787633301719,40.7210044781423,-73.9796878220645,0.10452094201373,0.10266431130173,2020.24126125683,2020.24311788754,337200000
1045,1046,0.00196,40.729927727805,-73.966949576105,40.720239916073,-73.9787633301719,0.10266431130173,0.10070431130173,2020.23930125683,2020.24126125683,337200000
1045,1049,0.00196,40.729927727805,-73.966949576105,40.720239916073,-73.9787633301719,0.10266431130173,0.10070431130173,2020.23930125683,2020.24126125683,337200000
1046,1048,0.00181222966,40.720239916073,-73.9787633301719,40.7389101383611,-73.9349314849499,0.10447654096173,0.10266431130173,2020.24126125683,2020.24307348649,337200000
1046,1047,0.001750155263,40.720239916073,-73.9787633301719,40.720761138142,-73.9443265941429,0.10441446656473,0.10266431130173,2020.24126125683,2020.24301141209,337200000
1049,1050,0.00190708728,40.720239916073,-73.9787633301719,40.7647182049071,-73.9118516466461,0.10457139858173,0.10266431130173,2020.24126125683,2020.24316834411,337200000
1049,1051,0.001532636918,40.720239916073,-73.9787633301719,40.699756559541,-73.994321434971,0.10419694821973,0.10266431130173,2020.24126125683,2020.24279389375,337200000
1052,1062,0.00177999999999998,40.6762662002782,-73.9573146002505,40.6828177283586,-73.938324583102,0.05527431130163,0.05349431130163,2020.19209125683,2020.19387125683,337200000
1052,1053,0.0111842899,40.6762662002782,-73.9573146002505,40.6712427155466,-73.9738492792223,0.06467860120163,0.05349431130163,2020.19209125683,2020.20327554673,337200000
1053,1054,0.00016571009800001,40.6712427155466,-73.9738492792223,40.6818659563686,-73.9343958968168,0.06484431129963,0.06467860120163,2020.20327554673,2020.20344125683,337200000
1053,1055,0.00211845928900001,40.6712427155466,-73.9738492792223,40.6629352507166,-73.9757305567358,0.06679706049063,0.06467860120163,2020.20327554673,2020.20539400602,337200000
1055,1056,0.00283439099499999,40.6629352507166,-73.9757305567358,40.6606561854949,-73.9851806911468,0.06963145148563,0.06679706049063,2020.20539400602,2020.20822839701,337200000
1056,1057,0.00011285981380002,40.6606561854949,-73.9851806911468,40.6620772308302,-73.9842038505672,0.06974431129943,0.06963145148563,2020.20822839701,2020.20834125683,337200000
1057,1058,0.02116,40.6620772308302,-73.9842038505672,40.6075642399342,-74.0217992579878,0.09090431129943,0.06974431129943,2020.20834125683,2020.22950125683,337200000
1057,1060,0.02116,40.6620772308302,-73.9842038505672,40.6075642399342,-74.0217992579878,0.09090431129943,0.06974431129943,2020.20834125683,2020.22950125683,337200000
1058,1059,0.01839,40.6075642399342,-74.0217992579878,40.6252867338138,-74.0378010993638,0.10929431129943,0.09090431129943,2020.22950125683,2020.24789125683,337200000
1060,1061,0.01831,40.6075642399342,-74.0217992579878,40.6531322092903,-73.9860261340067,0.10921431129943,0.09090431129943,2020.22950125683,2020.24781125683,337200000
1062,1067,0.00190000000000001,40.6828177283586,-73.938324583102,40.6760007184331,-73.9440804342998,0.05717431130163,0.05527431130163,2020.19387125683,2020.19577125683,337200000
1062,1063,0.0055,40.6828177283586,-73.938324583102,40.7568378747477,-73.9725510030972,0.06077431130163,0.05527431130163,2020.19387125683,2020.19937125683,337200000
1063,1065,0.00459000000000001,40.7568378747477,-73.9725510030972,40.7445702609023,-73.9851975840277,0.06536431130163,0.06077431130163,2020.19937125683,2020.20396125683,337200000
1063,1064,0.01063,40.7568378747477,-73.9725510030972,40.7568887928092,-73.9969601928852,0.07140431130163,0.06077431130163,2020.19937125683,2020.21000125683,337200000
1065,1066,0.00175999999999998,40.7445702609023,-73.9851975840277,40.7459692002451,-73.9841323362593,0.06712431130163,0.06536431130163,2020.20396125683,2020.20572125683,337200000
1067,1068,0.0139050976,40.6760007184331,-73.9440804342998,40.6573935924179,-73.9596191261151,0.07107940890163,0.05717431130163,2020.19577125683,2020.20967635443,337200000
1068,1069,3.49024005600052e-05,40.6573935924179,-73.9596191261151,40.6575897793849,-73.9599002959603,0.07111431130219,0.07107940890163,2020.20967635443,2020.20971125683,337200000
1069,1070,0.02757,40.6575897793849,-73.9599002959603,40.6717656654829,-73.9323212913826,0.09868431130219,0.07111431130219,2020.20971125683,2020.23728125683,337200000
1069,1082,0.000459999999999988,40.6575897793849,-73.9599002959603,40.7088579128691,-73.9613356733416,0.07157431130219,0.07111431130219,2020.20971125683,2020.21017125683,337200000
1070,1076,0.002,40.6717656654829,-73.9323212913826,40.6985739649778,-73.9404475615944,0.10068431130219,0.09868431130219,2020.23728125683,2020.23928125683,337200000
1070,1071,0.00717,40.6717656654829,-73.9323212913826,40.6670364755489,-73.9325541930953,0.10585431130219,0.09868431130219,2020.23728125683,2020.24445125683,337200000
1071,1072,0.000820000000000001,40.6670364755489,-73.9325541930953,40.7020831797304,-73.8685077149344,0.10667431130219,0.10585431130219,2020.24445125683,2020.24527125683,337200000
1071,1073,0.00192000000000001,40.6670364755489,-73.9325541930953,40.6123926212336,-73.9447345640709,0.10777431130219,0.10585431130219,2020.24445125683,2020.24637125683,337200000
1073,1075,0.00201,40.6123926212336,-73.9447345640709,40.658544875386,-73.961144171959,0.10978431130219,0.10777431130219,2020.24637125683,2020.24838125683,337200000
1073,1074,0.000829999999999997,40.6123926212336,-73.9447345640709,40.6418495225961,-73.9599501160647,0.10860431130219,0.10777431130219,2020.24637125683,2020.24720125683,337200000
1076,1079,0.00631,40.6985739649778,-73.9404475615944,40.6638176123101,-73.9364495564007,0.10699431130219,0.10068431130219,2020.23928125683,2020.24559125683,337200000
1076,1077,0.00196,40.6985739649778,-73.9404475615944,40.720239916073,-73.9787633301719,0.10264431130219,0.10068431130219,2020.23928125683,2020.24124125683,337200000
1077,1078,0.00192000000000001,40.720239916073,-73.9787633301719,40.6123926212336,-73.9447345640709,0.10456431130219,0.10264431130219,2020.24124125683,2020.24316125683,337200000
1079,1080,0.000240000000000004,40.6638176123101,-73.9364495564007,40.6593307852537,-73.9474843798831,0.10723431130219,0.10699431130219,2020.24559125683,2020.24583125683,337200000
1080,1081,0.000710000000000002,40.6593307852537,-73.9474843798831,40.618630837287,-73.962200546297,0.10794431130219,0.10723431130219,2020.24583125683,2020.24654125683,337200000
1082,1085,0.03398,40.7088579128691,-73.9613356733416,40.6974049514427,-73.9436743088343,0.10555431130219,0.07157431130219,2020.21017125683,2020.24415125683,337200000
1082,1083,0.03711054016,40.7088579128691,-73.9613356733416,40.7177635395406,-73.9440109883509,0.10868485146219,0.07157431130219,2020.21017125683,2020.24728179699,337200000
1083,1084,0.0003794598417,40.7177635395406,-73.9440109883509,40.7160768313752,-73.943319999554,0.10906431130389,0.10868485146219,2020.24728179699,2020.24766125683,337200000
1085,1086,0.00146,40.6974049514427,-73.9436743088343,40.6975755034947,-73.9499452626734,0.10701431130219,0.10555431130219,2020.24415125683,2020.24561125683,337200000
1085,1088,0.002623656315,40.6974049514427,-73.9436743088343,40.7223995121676,-73.930930227916,0.10817796761719,0.10555431130219,2020.24415125683,2020.24677491314,337200000
1086,1087,0.00233,40.6975755034947,-73.9499452626734,40.6753622614574,-73.9549646419869,0.10934431130219,0.10701431130219,2020.24561125683,2020.24794125683,337200000
1088,1089,0.000146343684599995,40.7223995121676,-73.930930227916,40.7242495009164,-73.9268686663309,0.10832431130179,0.10817796761719,2020.24677491314,2020.24692125683,337200000
1088,1092,3.49222091200058e-05,40.7223995121676,-73.930930227916,40.7300910021635,-73.938747148136,0.10821288982631,0.10817796761719,2020.24677491314,2020.24680983535,337200000
1089,1090,0.000229999999999994,40.7242495009164,-73.9268686663309,40.7257691984339,-73.9253584681791,0.10855431130179,0.10832431130179,2020.24692125683,2020.24715125683,337200000
1089,1091,0.000229999999999994,40.7242495009164,-73.9268686663309,40.7257691984339,-73.9253584681791,0.10855431130179,0.10832431130179,2020.24692125683,2020.24715125683,337200000
1093,1094,0.01925,40.6944076746127,-73.9833664843054,40.7139120116135,-73.9802352117093,0.04707431130163,0.02782431130163,2020.16642125683,2020.18567125683,337200000
1093,1135,0.00536,40.6944076746127,-73.9833664843054,40.6874320427273,-73.9719726231374,0.03318431130163,0.02782431130163,2020.16642125683,2020.17178125683,337200000
1094,1109,0.00180000000000002,40.7139120116135,-73.9802352117093,40.6640001013856,-73.9105502211505,0.04887431130163,0.04707431130163,2020.18567125683,2020.18747125683,337200000
1094,1095,0.0199068484,40.7139120116135,-73.9802352117093,40.6963779683112,-73.982170519131,0.06698115970163,0.04707431130163,2020.18567125683,2020.20557810523,337200000
1095,1096,0.00426068290999998,40.6963779683112,-73.982170519131,40.691647025949,-73.9796447882535,0.07124184261163,0.06698115970163,2020.20557810523,2020.20983878814,337200000
1095,1098,0.002346190724,40.6963779683112,-73.982170519131,40.7072987890675,-73.9817340077784,0.06932735042563,0.06698115970163,2020.20557810523,2020.20792429595,337200000
1096,1097,3.24686907900162e-05,40.691647025949,-73.9796447882535,40.6910807237444,-73.9735073917221,0.07127431130242,0.07124184261163,2020.20983878814,2020.20987125683,337200000
1098,1104,0.000364464274100001,40.7072987890675,-73.9817340077784,40.7083090874392,-73.98254252952,0.06969181469973,0.06932735042563,2020.20792429595,2020.20828876023,337200000
1098,1099,0.000856861353299987,40.7072987890675,-73.9817340077784,40.704643473892,-73.9815258657462,0.07018421177893,0.06932735042563,2020.20792429595,2020.20878115731,337200000
1099,1100,0.000775731914199995,40.704643473892,-73.9815258657462,40.7013295790361,-73.9884354038642,0.07095994369313,0.07018421177893,2020.20878115731,2020.20955688922,337200000
1100,1101,4.47211548901261e-06,40.7013295790361,-73.9884354038642,40.7018289416775,-73.9886306181205,0.070964415808619,0.07095994369313,2020.20955688922,2020.20956136134,337200000
1100,1103,0.000104367609100015,40.7013295790361,-73.9884354038642,40.6669940544552,-74.0150719864697,0.07106431130223,0.07095994369313,2020.20955688922,2020.20966125683,337200000
1101,1102,9.98954935799989e-05,40.7018289416775,-73.9886306181205,40.7038456512789,-73.9709578244397,0.071064311302199,0.070964415808619,2020.20956136134,2020.20966125683,337200000
1104,1105,0.000343438560099996,40.7083090874392,-73.98254252952,40.7061888853724,-73.9837816299676,0.07003525325983,0.06969181469973,2020.20828876023,2020.20863219879,337200000
1104,1108,0.00118249660200001,40.7083090874392,-73.98254252952,40.710170478253,-73.9752899987846,0.07087431130173,0.06969181469973,2020.20828876023,2020.20947125683,337200000
1105,1106,0.000370840511000003,40.7061888853724,-73.9837816299676,40.707436571699,-73.9788387375526,0.07040609377083,0.07003525325983,2020.20863219879,2020.2090030393,337200000
1105,1107,0.00125905804199999,40.7061888853724,-73.9837816299676,40.6978509249495,-73.9828221084725,0.07129431130183,0.07003525325983,2020.20863219879,2020.20989125683,337200000
1109,1110,0.02111785671,40.6640001013856,-73.9105502211505,40.7127371155103,-74.0046847203775,0.06999216801163,0.04887431130163,2020.18747125683,2020.20858911354,337200000
1109,1115,0.01568,40.6640001013856,-73.9105502211505,40.7221529321153,-73.9847136208014,0.06455431130163,0.04887431130163,2020.18747125683,2020.20315125683,337200000
1110,1113,0.000362143292000017,40.7127371155103,-74.0046847203775,40.7626452478713,-73.9745092963028,0.07035431130363,0.06999216801163,2020.20858911354,2020.20895125683,337200000
1110,1111,0.000362143292000017,40.7127371155103,-74.0046847203775,40.7626452478713,-73.9745092963028,0.07035431130363,0.06999216801163,2020.20858911354,2020.20895125683,337200000
1111,1112,0.000769999999999993,40.7626452478713,-73.9745092963028,40.7566697913623,-73.967090609274,0.07112431130363,0.07035431130363,2020.20895125683,2020.20972125683,337200000
1113,1114,0.000769999999999993,40.7626452478713,-73.9745092963028,40.7566697913623,-73.967090609274,0.07112431130363,0.07035431130363,2020.20895125683,2020.20972125683,337200000
1115,1116,0.00175,40.7221529321153,-73.9847136208014,40.716593709067,-73.9194636022271,0.06630431130163,0.06455431130163,2020.20315125683,2020.20490125683,337200000
1115,1124,0.00175,40.7221529321153,-73.9847136208014,40.716593709067,-73.9194636022271,0.06630431130163,0.06455431130163,2020.20315125683,2020.20490125683,337200000
1116,1119,0.00175,40.716593709067,-73.9194636022271,40.716593709067,-73.9194636022271,0.06805431130163,0.06630431130163,2020.20490125683,2020.20665125683,337200000
1116,1117,0.00489000000000001,40.716593709067,-73.9194636022271,40.7096711051161,-73.9668377465849,0.07119431130163,0.06630431130163,2020.20490125683,2020.20979125683,337200000
1117,1118,0.03285,40.7096711051161,-73.9668377465849,40.6676518906955,-73.8579471432569,0.10404431130163,0.07119431130163,2020.20979125683,2020.24264125683,337200000
1119,1121,0.00181000000000001,40.716593709067,-73.9194636022271,40.7144803865061,-73.9235223389578,0.06986431130163,0.06805431130163,2020.20665125683,2020.20846125683,337200000
1119,1120,0.00226999999999999,40.716593709067,-73.9194636022271,40.725174091266,-73.9866894538562,0.07032431130163,0.06805431130163,2020.20665125683,2020.20892125683,337200000
1121,1123,0.000640000000000002,40.7144803865061,-73.9235223389578,40.7341556756068,-73.9877293590361,0.07050431130163,0.06986431130163,2020.20846125683,2020.20910125683,337200000
1121,1122,0.00192000000000001,40.7144803865061,-73.9235223389578,40.6123926212336,-73.9447345640709,0.07178431130163,0.06986431130163,2020.20846125683,2020.21038125683,337200000
1124,1130,0.00175,40.716593709067,-73.9194636022271,40.716593709067,-73.9194636022271,0.06805431130163,0.06630431130163,2020.20490125683,2020.20665125683,337200000
1124,1125,0.00175,40.716593709067,-73.9194636022271,40.716593709067,-73.9194636022271,0.06805431130163,0.06630431130163,2020.20490125683,2020.20665125683,337200000
1125,1126,0.00372999999999998,40.716593709067,-73.9194636022271,40.7898342000202,-73.9789279926024,0.07178431130163,0.06805431130163,2020.20665125683,2020.21038125683,337200000
1125,1127,0.00181000000000001,40.716593709067,-73.9194636022271,40.7144803865061,-73.9235223389578,0.06986431130163,0.06805431130163,2020.20665125683,2020.20846125683,337200000
1127,1128,0.00192000000000001,40.7144803865061,-73.9235223389578,40.6123926212336,-73.9447345640709,0.07178431130163,0.06986431130163,2020.20846125683,2020.21038125683,337200000
1127,1129,0.00192000000000001,40.7144803865061,-73.9235223389578,40.6123926212336,-73.9447345640709,0.07178431130163,0.06986431130163,2020.20846125683,2020.21038125683,337200000
1130,1132,0.00181000000000001,40.716593709067,-73.9194636022271,40.7144803865061,-73.9235223389578,0.06986431130163,0.06805431130163,2020.20665125683,2020.20846125683,337200000
1130,1131,0.00372999999999998,40.716593709067,-73.9194636022271,40.7898342000202,-73.9789279926024,0.07178431130163,0.06805431130163,2020.20665125683,2020.21038125683,337200000
1132,1134,0.00192000000000001,40.7144803865061,-73.9235223389578,40.6123926212336,-73.9447345640709,0.07178431130163,0.06986431130163,2020.20846125683,2020.21038125683,337200000
1132,1133,0.00192000000000001,40.7144803865061,-73.9235223389578,40.6123926212336,-73.9447345640709,0.07178431130163,0.06986431130163,2020.20846125683,2020.21038125683,337200000
1135,1136,0.00200999999999998,40.6874320427273,-73.9719726231374,40.6880458898852,-73.9704683997886,0.03519431130163,0.03318431130163,2020.17178125683,2020.17379125683,337200000
1135,1184,0.00957,40.6874320427273,-73.9719726231374,40.6978092507193,-73.9772455205662,0.04275431130163,0.03318431130163,2020.17178125683,2020.18135125683,337200000
1136,1137,0.01898216906,40.6880458898852,-73.9704683997886,40.6374818297623,-73.9874636454115,0.05417648036163,0.03519431130163,2020.17379125683,2020.19277342589,337200000
1136,1151,0.02379,40.6880458898852,-73.9704683997886,40.6907013143849,-73.9653674497319,0.05898431130163,0.03519431130163,2020.17379125683,2020.19758125683,337200000
1137,1138,0.00210783094,40.6374818297623,-73.9874636454115,40.6381053814819,-73.9881406864062,0.05628431130163,0.05417648036163,2020.19277342589,2020.19488125683,337200000
1137,1146,0.000186531202800017,40.6374818297623,-73.9874636454115,40.6369734966592,-73.9880822399196,0.05436301156443,0.05417648036163,2020.19277342589,2020.19295995709,337200000
1138,1139,0.0055,40.6381053814819,-73.9881406864062,40.7568378747477,-73.9725510030972,0.06178431130163,0.05628431130163,2020.19488125683,2020.20038125683,337200000
1139,1141,0.00179000000000001,40.7568378747477,-73.9725510030972,40.6607127146579,-73.9536880736507,0.06357431130163,0.06178431130163,2020.20038125683,2020.20217125683,337200000
1139,1140,0.00963,40.7568378747477,-73.9725510030972,40.7048848509562,-73.9804620414205,0.07141431130163,0.06178431130163,2020.20038125683,2020.21001125683,337200000
1141,1142,0.00736999999999999,40.6607127146579,-73.9536880736507,40.6618627624299,-73.9553212479586,0.07094431130163,0.06357431130163,2020.20217125683,2020.20954125683,337200000
1142,1143,2.000000000002e-05,40.6618627624299,-73.9553212479586,40.6616448252131,-73.9553429726682,0.07096431130163,0.07094431130163,2020.20954125683,2020.20956125683,337200000
1143,1144,0.00047999999999998,40.6616448252131,-73.9553429726682,40.6642332716984,-73.9570168585938,0.07144431130163,0.07096431130163,2020.20956125683,2020.21004125683,337200000
1144,1145,0.02296,40.6642332716984,-73.9570168585938,40.8221811290456,-73.867317982748,0.09440431130163,0.07144431130163,2020.21004125683,2020.23300125683,337200000
1146,1147,9.12997372100044e-05,40.6369734966592,-73.9880822399196,40.6347273028136,-73.9863927043272,0.05445431130164,0.05436301156443,2020.19295995709,2020.19305125683,337200000
1146,1150,0.05450129974,40.6369734966592,-73.9880822399196,40.6510258272161,-73.9911545206681,0.10886431130443,0.05436301156443,2020.19295995709,2020.24746125683,337200000
1147,1149,0.01616,40.6347273028136,-73.9863927043272,40.670365052479,-73.9730774690755,0.07061431130164,0.05445431130164,2020.19305125683,2020.20921125683,337200000
1147,1148,0.05414,40.6347273028136,-73.9863927043272,40.6316009711613,-74.0050069811323,0.10859431130164,0.05445431130164,2020.19305125683,2020.24719125683,337200000
1151,1158,0.00993000000000002,40.6907013143849,-73.9653674497319,40.7053384489125,-73.9531576476405,0.06891431130163,0.05898431130163,2020.19758125683,2020.20751125683,337200000
1151,1152,0.01115445799,40.6907013143849,-73.9653674497319,40.6768224988746,-73.9717411049791,0.07013876929163,0.05898431130163,2020.19758125683,2020.20873571482,337200000
1152,1153,0.000708125228700007,40.6768224988746,-73.9717411049791,40.6745597049765,-73.9701400836438,0.07084689452033,0.07013876929163,2020.20873571482,2020.20944384005,337200000
1153,1156,0.03792689904,40.6745597049765,-73.9701400836438,40.6549731746264,-73.9591361580757,0.10877379356033,0.07084689452033,2020.20944384005,2020.24737073909,337200000
1153,1154,0.000257416780399977,40.6745597049765,-73.9701400836438,40.6756573563259,-73.9704250858472,0.07110431130073,0.07084689452033,2020.20944384005,2020.20970125683,337200000
1154,1155,0.02525,40.6756573563259,-73.9704250858472,40.7006193322026,-73.8285174188583,0.09635431130073,0.07110431130073,2020.20970125683,2020.23495125683,337200000
1156,1157,0.000247399652999997,40.6549731746264,-73.9591361580757,40.6505065956442,-73.9609713285818,0.10902119321333,0.10877379356033,2020.24737073909,2020.24761813874,337200000
1158,1159,0.00102027246499997,40.7053384489125,-73.9531576476405,40.6879308553028,-73.9555932665782,0.06993458376663,0.06891431130163,2020.20751125683,2020.20853152929,337200000
1158,1169,0.00156999999999999,40.7053384489125,-73.9531576476405,40.7065975833009,-73.9465308429436,0.07048431130163,0.06891431130163,2020.20751125683,2020.20908125683,337200000
1159,1160,0.00037784412230002,40.6879308553028,-73.9555932665782,40.6862299099942,-73.9542466774835,0.07031242788893,0.06993458376663,2020.20853152929,2020.20890937342,337200000
1159,1162,0.00101569326200002,40.6879308553028,-73.9555932665782,40.6887952703349,-73.9557577322159,0.07095027702863,0.06993458376663,2020.20853152929,2020.20954722256,337200000
1160,1161,0.00023188341289998,40.6862299099942,-73.9542466774835,40.6858951992259,-73.9547859538589,0.07054431130183,0.07031242788893,2020.20890937342,2020.20914125683,337200000
1162,1165,8.84831864100821e-06,40.6887952703349,-73.9557577322159,40.6891831548345,-73.9558087437176,0.070959125347271,0.07095027702863,2020.20954722256,2020.20955607087,337200000
1162,1163,2.8494887020003e-05,40.6887952703349,-73.9557577322159,40.6871735550782,-73.956585516368,0.07097877191565,0.07095027702863,2020.20954722256,2020.20957571744,337200000
1163,1164,0.03630553939,40.6871735550782,-73.956585516368,40.7067460091919,-73.6744205056359,0.10728431130565,0.07097877191565,2020.20957571744,2020.24588125683,337200000
1165,1166,0.000400624668999983,40.6891831548345,-73.9558087437176,40.6894472639363,-73.9557208846435,0.071359750016271,0.070959125347271,2020.20955607087,2020.20995669554,337200000
1166,1167,0.0001545612852,40.6894472639363,-73.9557208846435,40.6887839977487,-73.9560143036644,0.071514311301471,0.071359750016271,2020.20995669554,2020.21011125683,337200000
1166,1168,0.0001545612852,40.6894472639363,-73.9557208846435,40.6887839977487,-73.9560143036644,0.071514311301471,0.071359750016271,2020.20995669554,2020.21011125683,337200000
1169,1172,0.000316159441899999,40.7065975833009,-73.9465308429436,40.69992643472,-73.9482066560325,0.07080047074353,0.07048431130163,2020.20908125683,2020.20939741627,337200000
1169,1170,0.00103,40.7065975833009,-73.9465308429436,40.7481912931408,-73.8803212015348,0.07151431130163,0.07048431130163,2020.20908125683,2020.21011125683,337200000
1170,1171,0.02211,40.7481912931408,-73.8803212015348,40.7414773891733,-73.8762338702146,0.09362431130163,0.07151431130163,2020.21011125683,2020.23222125683,337200000
1172,1173,0.000171775776600019,40.69992643472,-73.9482066560325,40.7031653608293,-73.941507042544,0.07097224652013,0.07080047074353,2020.20939741627,2020.20956919205,337200000
1172,1179,7.41767453399378e-06,40.69992643472,-73.9482066560325,40.6998220678251,-73.9477756727862,0.070807888418064,0.07080047074353,2020.20939741627,2020.20940483395,337200000
1173,1176,6.20647814799924e-05,40.7031653608293,-73.941507042544,40.6893992394027,-73.6698717770269,0.07103431130161,0.07097224652013,2020.20956919205,2020.20963125683,337200000
1173,1174,6.20647814799924e-05,40.7031653608293,-73.941507042544,40.6893992394027,-73.6698717770269,0.07103431130161,0.07097224652013,2020.20956919205,2020.20963125683,337200000
1174,1175,0.02259,40.6893992394027,-73.6698717770269,40.6898996989581,-73.961173506071,0.09362431130161,0.07103431130161,2020.20963125683,2020.23222125683,337200000
1176,1178,0.02259,40.6893992394027,-73.6698717770269,40.6898996989581,-73.961173506071,0.09362431130161,0.07103431130161,2020.20963125683,2020.23222125683,337200000
1176,1177,0.02259,40.6893992394027,-73.6698717770269,40.6898996989581,-73.961173506071,0.09362431130161,0.07103431130161,2020.20963125683,2020.23222125683,337200000
1179,1183,0.000226422883499999,40.6998220678251,-73.9477756727862,40.6988993955148,-73.9499826902961,0.071034311301564,0.070807888418064,2020.20940483395,2020.20963125683,337200000
1179,1180,0.000226422883499999,40.6998220678251,-73.9477756727862,40.6988993955148,-73.9499826902961,0.071034311301564,0.070807888418064,2020.20940483395,2020.20963125683,337200000
1180,1182,0.02259,40.6988993955148,-73.9499826902961,40.6898996989581,-73.961173506071,0.093624311301564,0.071034311301564,2020.20963125683,2020.23222125683,337200000
1180,1181,0.02259,40.6988993955148,-73.9499826902961,40.6898996989581,-73.961173506071,0.093624311301564,0.071034311301564,2020.20963125683,2020.23222125683,337200000
1184,1185,0.02156,40.6978092507193,-73.9772455205662,40.7335287213994,-73.6776468656259,0.06431431130163,0.04275431130163,2020.18135125683,2020.20291125683,337200000
1184,1190,0.00172,40.6978092507193,-73.9772455205662,40.7083527390288,-73.9725064919233,0.04447431130163,0.04275431130163,2020.18135125683,2020.18307125683,337200000
1185,1186,0.00176999999999999,40.7335287213994,-73.6776468656259,40.6571364901208,-73.9340334478702,0.06608431130163,0.06431431130163,2020.20291125683,2020.20468125683,337200000
1186,1187,0.00176999999999999,40.6571364901208,-73.9340334478702,40.6571364901208,-73.9340334478702,0.06785431130163,0.06608431130163,2020.20468125683,2020.20645125683,337200000
1187,1188,0.00180999999999998,40.6571364901208,-73.9340334478702,40.7324725464083,-73.6892126723171,0.06966431130163,0.06785431130163,2020.20645125683,2020.20826125683,337200000
1188,1189,0.00188000000000002,40.7324725464083,-73.6892126723171,40.7233444279331,-73.688297481107,0.07154431130163,0.06966431130163,2020.20826125683,2020.21014125683,337200000
1190,1191,0.00175,40.7083527390288,-73.9725064919233,40.716593709067,-73.9194636022271,0.04622431130163,0.04447431130163,2020.18307125683,2020.18482125683,337200000
1190,1219,0.02342,40.7083527390288,-73.9725064919233,40.7091832870716,-73.9747828993266,0.06789431130163,0.04447431130163,2020.18307125683,2020.20649125683,337200000
1191,1192,0.015,40.716593709067,-73.9194636022271,40.6643831052847,-73.9943128827573,0.06122431130163,0.04622431130163,2020.18482125683,2020.19982125683,337200000
1191,1200,0.01186,40.716593709067,-73.9194636022271,40.6988790431665,-73.9704671911447,0.05808431130163,0.04622431130163,2020.18482125683,2020.19668125683,337200000
1192,1195,0.00905999999999998,40.6643831052847,-73.9943128827573,40.6744700483238,-73.9922875085577,0.07028431130163,0.06122431130163,2020.19982125683,2020.20888125683,337200000
1192,1193,0.00161785317900001,40.6643831052847,-73.9943128827573,40.6634631175988,-73.9956612186649,0.06284216448063,0.06122431130163,2020.19982125683,2020.20143911001,337200000
1193,1194,0.04718214682,40.6634631175988,-73.9956612186649,40.6469207312258,-74.0152774314746,0.11002431130063,0.06284216448063,2020.20143911001,2020.24862125683,337200000
1195,1196,0.000620000000000009,40.6744700483238,-73.9922875085577,40.6667791148675,-73.9543353347314,0.07090431130163,0.07028431130163,2020.20888125683,2020.20950125683,337200000
1195,1198,0.000620000000000009,40.6744700483238,-73.9922875085577,40.6667791148675,-73.9543353347314,0.07090431130163,0.07028431130163,2020.20888125683,2020.20950125683,337200000
1196,1197,0.00048999999999999,40.6667791148675,-73.9543353347314,40.6820908670851,-73.9686248601035,0.07139431130163,0.07090431130163,2020.20950125683,2020.20999125683,337200000
1198,1199,0.00048999999999999,40.6667791148675,-73.9543353347314,40.6820908670851,-73.9686248601035,0.07139431130163,0.07090431130163,2020.20950125683,2020.20999125683,337200000
1200,1201,0.01237,40.6988790431665,-73.9704671911447,40.6658983891823,-73.9459918669601,0.07045431130163,0.05808431130163,2020.19668125683,2020.20905125683,337200000
1200,1211,0.00175,40.6988790431665,-73.9704671911447,40.716593709067,-73.9194636022271,0.05983431130163,0.05808431130163,2020.19668125683,2020.19843125683,337200000
1201,1202,8.00000000000245e-05,40.6658983891823,-73.9459918669601,40.6461955804424,-73.9351640882608,0.07053431130163,0.07045431130163,2020.20905125683,2020.20913125683,337200000
1201,1206,0.000472714396700019,40.6658983891823,-73.9459918669601,40.6648972176038,-73.9475059383952,0.07092702569833,0.07045431130163,2020.20905125683,2020.20952397123,337200000
1202,1203,1.99999999999922e-05,40.6461955804424,-73.9351640882608,40.7177194998925,-73.7883594228809,0.07055431130163,0.07053431130163,2020.20913125683,2020.20915125683,337200000
1203,1204,0.0321,40.7177194998925,-73.7883594228809,40.7015473399237,-73.784647849318,0.10265431130163,0.07055431130163,2020.20915125683,2020.24125125683,337200000
1204,1205,0.00163532405400001,40.7015473399237,-73.784647849318,40.7047517377613,-73.7765349708982,0.10428963535563,0.10265431130163,2020.24125125683,2020.24288658088,337200000
1206,1207,0.0383372856,40.6648972176038,-73.9475059383952,40.59635406671,-73.9719814315373,0.10926431129833,0.07092702569833,2020.20952397123,2020.24786125683,337200000
1206,1210,0.000797285603300002,40.6648972176038,-73.9475059383952,40.6655768286498,-73.9492984602832,0.07172431130163,0.07092702569833,2020.20952397123,2020.21032125683,337200000
1207,1209,0.000399999999999998,40.59635406671,-73.9719814315373,40.7890739918848,-73.8598048000707,0.10966431129833,0.10926431129833,2020.24786125683,2020.24826125683,337200000
1207,1208,0.000399999999999998,40.59635406671,-73.9719814315373,40.7890739918848,-73.8598048000707,0.10966431129833,0.10926431129833,2020.24786125683,2020.24826125683,337200000
1211,1213,0.00988999999999998,40.716593709067,-73.9194636022271,40.6828058738782,-74.0053375812036,0.06972431130163,0.05983431130163,2020.19843125683,2020.20832125683,337200000
1211,1212,0.00146598771299999,40.716593709067,-73.9194636022271,40.7389403659645,-73.9681584858143,0.06130029901463,0.05983431130163,2020.19843125683,2020.19989724454,337200000
1213,1214,0.00156000000000001,40.6828058738782,-74.0053375812036,40.6835601362255,-74.0011572973836,0.07128431130163,0.06972431130163,2020.20832125683,2020.20988125683,337200000
1213,1215,0.02572,40.6828058738782,-74.0053375812036,40.6570700476154,-73.7998211368336,0.09544431130163,0.06972431130163,2020.20832125683,2020.23404125683,337200000
1215,1216,0.01210474492,40.6570700476154,-73.7998211368336,40.7528953867004,-73.5833878813703,0.10754905622163,0.09544431130163,2020.23404125683,2020.24614600175,337200000
1216,1218,0.000395255080199997,40.7528953867004,-73.5833878813703,40.7413257566339,-73.5879352302906,0.10794431130183,0.10754905622163,2020.24614600175,2020.24654125683,337200000
1216,1217,0.00148525508,40.7528953867004,-73.5833878813703,40.737210862634,-73.1800586401521,0.10903431130163,0.10754905622163,2020.24614600175,2020.24763125683,337200000
1219,1220,0.00184000000000001,40.7091832870716,-73.9747828993266,40.6917693883974,-73.9610488607122,0.06973431130163,0.06789431130163,2020.20649125683,2020.20833125683,337200000
1219,1239,0.00183240009900001,40.7091832870716,-73.9747828993266,40.7093410994112,-73.9743261663926,0.06972671140063,0.06789431130163,2020.20649125683,2020.20832365693,337200000
1220,1221,8.5542293359997e-05,40.6917693883974,-73.9610488607122,40.7053048867458,-73.9734612501783,0.06981985359499,0.06973431130163,2020.20833125683,2020.20841679912,337200000
1220,1231,0.000655521437399997,40.6917693883974,-73.9610488607122,40.7108229073253,-73.9735371282648,0.07038983273903,0.06973431130163,2020.20833125683,2020.20898677827,337200000
1221,1223,0.000160478964700006,40.7053048867458,-73.9734612501783,40.674141561631,-73.9640427470969,0.06998033255969,0.06981985359499,2020.20841679912,2020.20857727809,337200000
1221,1222,2.01816014900047e-05,40.7053048867458,-73.9734612501783,40.7052305530586,-73.9735838699148,0.06984003519648,0.06981985359499,2020.20841679912,2020.20843698072,337200000
1223,1226,0.00104438149899999,40.674141561631,-73.9640427470969,40.7161819490286,-73.8252958218525,0.07102471405869,0.06998033255969,2020.20857727809,2020.20962165959,337200000
1223,1224,0.000793978741900014,40.674141561631,-73.9640427470969,40.6729385702654,-73.9693287927,0.07077431130159,0.06998033255969,2020.20857727809,2020.20937125683,337200000
1224,1225,0.0384,40.6729385702654,-73.9693287927,40.7026212204478,-73.9470085395191,0.10917431130159,0.07077431130159,2020.20937125683,2020.24777125683,337200000
1226,1228,0.000339597243300016,40.7161819490286,-73.8252958218525,40.7177712243864,-73.8242569882621,0.07136431130199,0.07102471405869,2020.20962165959,2020.20996125683,337200000
1226,1227,0.03622959724,40.7161819490286,-73.8252958218525,40.6247414451934,-74.0281123718583,0.10725431129869,0.07102471405869,2020.20962165959,2020.24585125683,337200000
1228,1229,0.03781,40.7177712243864,-73.8242569882621,40.7300789801897,-73.7451117805498,0.10917431130199,0.07136431130199,2020.20996125683,2020.24777125683,337200000
1229,1230,0.000689999999999996,40.7300789801897,-73.7451117805498,40.6829585050742,-73.9690331196431,0.10986431130199,0.10917431130199,2020.24777125683,2020.24846125683,337200000
1231,1232,3.41513831799978e-05,40.7108229073253,-73.9735371282648,40.7107464049734,-73.9752398072998,0.07042398412221,0.07038983273903,2020.20898677827,2020.20902092965,337200000
1231,1237,0.000315375966200016,40.7108229073253,-73.9735371282648,40.7125129307597,-73.9738553698902,0.07070520870523,0.07038983273903,2020.20898677827,2020.20930215423,337200000
1232,1236,0.000370327179399998,40.7107464049734,-73.9752398072998,40.7112292412227,-73.9768465900136,0.07079431130161,0.07042398412221,2020.20902092965,2020.20939125683,337200000
1232,1233,0.03916800227,40.7107464049734,-73.9752398072998,40.6565659577468,-73.9262605515664,0.10959198639221,0.07042398412221,2020.20902092965,2020.24818893192,337200000
1233,1234,0.000162324911900005,40.6565659577468,-73.9262605515664,40.6570152671366,-73.9261280292494,0.10975431130411,0.10959198639221,2020.24818893192,2020.24835125683,337200000
1233,1235,0.000162324911900005,40.6565659577468,-73.9262605515664,40.6570152671366,-73.9261280292494,0.10975431130411,0.10959198639221,2020.24818893192,2020.24835125683,337200000
1237,1238,0.00103910259599999,40.7125129307597,-73.9738553698902,40.7073399383578,-73.9771275035007,0.07174431130123,0.07070520870523,2020.20930215423,2020.21034125683,337200000
1239,1240,0.000116200783800008,40.7093410994112,-73.9743261663926,40.8113301720368,-73.9127920165046,0.06984291218443,0.06972671140063,2020.20832365693,2020.20843985771,337200000
1239,1247,0.000537599900800018,40.7093410994112,-73.9743261663926,40.6225414317065,-73.9993120036042,0.07026431130143,0.06972671140063,2020.20832365693,2020.20886125683,337200000
1240,1244,3.44059128799812e-05,40.8113301720368,-73.9127920165046,40.8125021886854,-73.9118315935169,0.06987731809731,0.06984291218443,2020.20843985771,2020.20847426362,337200000
1240,1241,0.000511399116999989,40.8113301720368,-73.9127920165046,40.80838094352,-73.9151898073121,0.07035431130143,0.06984291218443,2020.20843985771,2020.20895125683,337200000
1241,1243,0.000759999999999983,40.80838094352,-73.9151898073121,40.7432278423161,-73.6696148862704,0.07111431130143,0.07035431130143,2020.20895125683,2020.20971125683,337200000
1241,1242,0.000759999999999983,40.80838094352,-73.9151898073121,40.7432278423161,-73.6696148862704,0.07111431130143,0.07035431130143,2020.20895125683,2020.20971125683,337200000
1244,1246,0.000101650095400002,40.8125021886854,-73.9118315935169,40.8124834528831,-73.9111577089737,0.06997896819271,0.06987731809731,2020.20847426362,2020.20857591372,337200000
1244,1245,0.000786993204100001,40.8125021886854,-73.9118315935169,40.8144681118805,-73.9104885522612,0.07066431130141,0.06987731809731,2020.20847426362,2020.20926125683,337200000
1247,1248,0.000113575621799977,40.6225414317065,-73.9993120036042,40.6231609128195,-73.9998292219968,0.07037788692323,0.07026431130143,2020.20886125683,2020.20897483245,337200000
1247,1251,5.29782850700045e-05,40.6225414317065,-73.9993120036042,40.6224790645801,-74.0000991462211,0.0703172895865,0.07026431130143,2020.20886125683,2020.20891423511,337200000
1248,1249,0.000336424378200029,40.6231609128195,-73.9998292219968,40.6242298367564,-73.9975053931201,0.07071431130143,0.07037788692323,2020.20897483245,2020.20931125683,337200000
1249,1250,0.03789,40.6242298367564,-73.9975053931201,40.6106757305034,-74.0274987074665,0.10860431130143,0.07071431130143,2020.20931125683,2020.24720125683,337200000
1251,1252,3.32570819799871e-05,40.6224790645801,-74.0000991462211,40.6230284934589,-73.9985892364558,0.07035054666848,0.0703172895865,2020.20891423511,2020.2089474922,337200000
1252,1253,0.000903764632899984,40.6230284934589,-73.9985892364558,40.6150776063795,-73.9383020003184,0.07125431130138,0.07035054666848,2020.2089474922,2020.20985125683,337200000
1253,1256,0.000190000000000023,40.6150776063795,-73.9383020003184,40.6155233607231,-73.9381822453529,0.07144431130138,0.07125431130138,2020.20985125683,2020.21004125683,337200000
1253,1254,0.03306,40.6150776063795,-73.9383020003184,40.6370190397865,-73.9535886893827,0.10431431130138,0.07125431130138,2020.20985125683,2020.24291125683,337200000
1254,1255,0.00275,40.6370190397865,-73.9535886893827,40.642853531187,-73.9596556950311,0.10706431130138,0.10431431130138,2020.24291125683,2020.24566125683,337200000
1256,1259,0.02488485669,40.6155233607231,-73.9381822453529,40.6268890138021,-73.9376163351087,0.09632916799138,0.07144431130138,2020.21004125683,2020.23492611352,337200000
1256,1257,0.00228999999999999,40.6155233607231,-73.9381822453529,40.6881628809103,-73.7500365953309,0.07373431130138,0.07144431130138,2020.21004125683,2020.21233125683,337200000
1257,1258,0.02238719215,40.6881628809103,-73.7500365953309,40.6683768192356,-73.7759580280366,0.09612150345138,0.07373431130138,2020.21233125683,2020.23471844898,337200000
1260,1261,0.000366441983800009,40.7012149935217,-73.9602350997932,40.7000972967454,-73.9589298487047,0.00246109647333001,0.00209465448953,2020.14069160002,2020.141058042,337200000
1260,1268,0.000257855652999989,40.7012149935217,-73.9602350997932,40.7002029529667,-73.9595711296241,0.00235251014252999,0.00209465448953,2020.14069160002,2020.14094945567,337200000
1261,1267,0.000493214828999999,40.7000972967454,-73.9589298487047,40.694896321273,-73.9523919823165,0.00295431130233001,0.00246109647333001,2020.141058042,2020.14155125683,337200000
1261,1262,0.04935350401,40.7000972967454,-73.9589298487047,40.7171381662213,-73.9945898698208,0.05181460048333,0.00246109647333001,2020.141058042,2020.19041154601,337200000
1262,1263,0.000789710814100009,40.7171381662213,-73.9945898698208,40.7143985091508,-73.9938655701035,0.05260431129743,0.05181460048333,2020.19041154601,2020.19120125682,337200000
1262,1264,0.000426689832199983,40.7171381662213,-73.9945898698208,40.7189015769221,-73.9904772316602,0.05224129031553,0.05181460048333,2020.19041154601,2020.19083823584,337200000
1264,1265,0.01526302098,40.7189015769221,-73.9904772316602,40.7445527732138,-74.0108648157202,0.06750431129553,0.05224129031553,2020.19083823584,2020.20610125682,337200000
1265,1266,0.03705,40.7445527732138,-74.0108648157202,40.7775259288346,-73.9554141303901,0.10455431129553,0.06750431129553,2020.20610125682,2020.24315125682,337200000
1268,1269,0.000304411240200003,40.7002029529667,-73.9595711296241,40.7007955203258,-73.9636044825418,0.00265692138272999,0.00235251014252999,2020.14094945567,2020.14125386691,337200000
1269,1271,0.03320647006,40.7007955203258,-73.9636044825418,40.7530458628976,-73.962520947527,0.03586339144273,0.00265692138272999,2020.14125386691,2020.17446033697,337200000
1269,1270,0.06364738992,40.7007955203258,-73.9636044825418,40.6460011935461,-74.0026267121236,0.06630431130273,0.00265692138272999,2020.14125386691,2020.20490125683,337200000
1271,1272,0.02774091986,40.7530458628976,-73.962520947527,40.7628450534559,-73.9528733980496,0.06360431130273,0.03586339144273,2020.17446033697,2020.20220125683,337200000
1271,1288,0.000285192622100028,40.7530458628976,-73.962520947527,40.7573143628558,-73.9595346003603,0.03614858406483,0.03586339144273,2020.17446033697,2020.17474552959,337200000
1272,1273,0.00675000000000001,40.7628450534559,-73.9528733980496,40.7505395547507,-73.9623518557961,0.07035431130273,0.06360431130273,2020.20220125683,2020.20895125683,337200000
1272,1275,0.00176000000000001,40.7628450534559,-73.9528733980496,40.7596816362077,-73.9531467788126,0.06536431130273,0.06360431130273,2020.20220125683,2020.20396125683,337200000
1273,1274,0.000769999999999993,40.7505395547507,-73.9623518557961,40.7566697913623,-73.967090609274,0.07112431130273,0.07035431130273,2020.20895125683,2020.20972125683,337200000
1275,1279,0.00175999999999998,40.7596816362077,-73.9531467788126,40.7459692002451,-73.9841323362593,0.06712431130273,0.06536431130273,2020.20396125683,2020.20572125683,337200000
1275,1276,0.00507999999999997,40.7596816362077,-73.9531467788126,40.7585054463031,-73.9580578304043,0.07044431130273,0.06536431130273,2020.20396125683,2020.20904125683,337200000
1276,1277,0.00126999999999999,40.7585054463031,-73.9580578304043,40.7776980000665,-73.9357888216647,0.07171431130273,0.07044431130273,2020.20904125683,2020.21031125683,337200000
1276,1278,0.000780000000000003,40.7585054463031,-73.9580578304043,40.7492456399414,-73.9575508698139,0.07122431130273,0.07044431130273,2020.20904125683,2020.20982125683,337200000
1279,1280,0.00192000000000001,40.7459692002451,-73.9841323362593,40.6123926212336,-73.9447345640709,0.06904431130273,0.06712431130273,2020.20572125683,2020.20764125683,337200000
1279,1281,0.00273000000000001,40.7459692002451,-73.9841323362593,40.7768489664484,-73.9536714964158,0.06985431130273,0.06712431130273,2020.20572125683,2020.20845125683,337200000
1281,1283,0.02448,40.7768489664484,-73.9536714964158,40.6835080213591,-73.7681138968914,0.09433431130273,0.06985431130273,2020.20845125683,2020.23293125683,337200000
1281,1282,0.000429999999999986,40.7768489664484,-73.9536714964158,40.7828118357064,-73.9366476958381,0.07028431130273,0.06985431130273,2020.20845125683,2020.20888125683,337200000
1283,1284,0.00201999999999999,40.6835080213591,-73.7681138968914,40.729927727805,-73.966949576105,0.09635431130273,0.09433431130273,2020.23293125683,2020.23495125683,337200000
1283,1285,0.01002,40.6835080213591,-73.7681138968914,40.7418187705665,-73.8498018145732,0.10435431130273,0.09433431130273,2020.23293125683,2020.24295125683,337200000
1285,1286,0.00229,40.7418187705665,-73.8498018145732,40.741201938941,-73.7267613469909,0.10664431130273,0.10435431130273,2020.24295125683,2020.24524125683,337200000
1285,1287,0.00260000000000001,40.7418187705665,-73.8498018145732,40.7415924846977,-73.8494250347027,0.10695431130273,0.10435431130273,2020.24295125683,2020.24555125683,337200000
1288,1289,0.000105727235899994,40.7573143628558,-73.9595346003603,40.7582776554265,-73.9581789420811,0.03625431130073,0.03614858406483,2020.17474552959,2020.17485125683,337200000
1290,1291,0.000345255004100015,40.6973796197592,-73.9859171932614,40.6964140340224,-73.9889579821656,0.00244300559060001,0.0020977505865,2020.14069469611,2020.14103995112,337200000
1291,1293,0.000316613549799977,40.6964140340224,-73.9889579821656,40.6945878615218,-73.9897936308701,0.00275961914039999,0.00244300559060001,2020.14103995112,2020.14135656467,337200000
1291,1292,0.000322404724699993,40.6964140340224,-73.9889579821656,40.7016384227863,-73.987164497127,0.0027654103153,0.00244300559060001,2020.14103995112,2020.14136235584,337200000
1293,1294,0.000159487889500015,40.6945878615218,-73.9897936308701,40.6949469160225,-73.9905421018148,0.0029191070299,0.00275961914039999,2020.14135656467,2020.14151605256,337200000
1294,1295,3.52042719599932e-05,40.6949469160225,-73.9905421018148,40.6963847039643,-73.9905495699573,0.00295431130186,0.0029191070299,2020.14151605256,2020.14155125683,337200000
1296,1297,0.00017786333719999,40.6988004092801,-73.9498055853519,40.7176382730468,-73.9565740569008,0.00256376289259999,0.0023858995554,2020.14098284508,2020.14116070842,337200000
1297,1298,0.000117993864899996,40.7176382730468,-73.9565740569008,40.7186385776302,-73.9561430253797,0.00268175675749999,0.00256376289259999,2020.14116070842,2020.14127870228,337200000
1297,1299,0.06295534128,40.7176382730468,-73.9565740569008,40.7511265287889,-73.9666437893138,0.0655191041726,0.00256376289259999,2020.14116070842,2020.2041160497,337200000
1299,1300,0.000355207131000013,40.7511265287889,-73.9666437893138,40.7580361855221,-73.9791254756244,0.0658743113036,0.0655191041726,2020.2041160497,2020.20447125683,337200000
1301,1302,0.000723639696599998,40.7042988327061,-73.9590835645903,40.7034961809197,-73.9577656975386,0.002954311302,0.0022306716054,2020.14082761713,2020.14155125683,337200000
1301,1303,0.000141765052499992,40.7042988327061,-73.9590835645903,40.703153454185,-73.9605107270254,0.00237243665789999,0.0022306716054,2020.14082761713,2020.14096938219,337200000
1303,1305,0.000480027559700003,40.703153454185,-73.9605107270254,40.704743511488,-73.9645138604958,0.00285246421759999,0.00237243665789999,2020.14096938219,2020.14144940974,337200000
1303,1304,0.05717187464,40.703153454185,-73.9605107270254,40.7121017401355,-73.9641448935642,0.0595443112979,0.00237243665789999,2020.14096938219,2020.19814125683,337200000
1305,1306,0.06601184708,40.704743511488,-73.9645138604958,40.8196349573216,-73.9049810298905,0.0688643112976,0.00285246421759999,2020.14144940974,2020.20746125682,337200000
1306,1307,0.001686954544,40.8196349573216,-73.9049810298905,40.8185552929395,-73.9105155564567,0.0705512658416,0.0688643112976,2020.20746125682,2020.20914821137,337200000
1307,1308,0.000253045456499984,40.8185552929395,-73.9105155564567,40.818948373409,-73.9095981899814,0.0708043112981,0.0705512658416,2020.20914821137,2020.20940125683,337200000
1308,1311,0.000650000000000012,40.818948373409,-73.9095981899814,40.8171342942468,-73.9066573960101,0.0714543112981,0.0708043112981,2020.20940125683,2020.21005125683,337200000
1308,1309,0.0370834728,40.818948373409,-73.9095981899814,40.7420855816247,-73.8735176362324,0.1078877840981,0.0708043112981,2020.20940125683,2020.24648472963,337200000
1309,1310,0.000276527202900001,40.7420855816247,-73.8735176362324,40.7423083190024,-73.8731200454787,0.108164311301,0.1078877840981,2020.24648472963,2020.24676125683,337200000
1311,1312,0.03694,40.8171342942468,-73.9066573960101,40.8298128872745,-73.9207467612579,0.1083943112981,0.0714543112981,2020.21005125683,2020.24699125683,337200000
1311,1313,0.02294,40.8171342942468,-73.9066573960101,40.6214845284669,-73.9716892530933,0.0943943112981,0.0714543112981,2020.21005125683,2020.23299125683,337200000
1313,1314,0.01425,40.6214845284669,-73.9716892530933,40.7319485336202,-73.8932017431578,0.1086443112981,0.0943943112981,2020.23299125683,2020.24724125683,337200000
1313,1315,0.00197,40.6214845284669,-73.9716892530933,40.6270453913909,-73.9667520521059,0.0963643112981,0.0943943112981,2020.23299125683,2020.23496125683,337200000
1315,1316,0.01102,40.6270453913909,-73.9667520521059,40.6183232000299,-73.9703214361753,0.1073843112981,0.0963643112981,2020.23496125683,2020.24598125683,337200000
1316,1317,0.00176,40.6183232000299,-73.9703214361753,40.8188340478369,-73.1794757904145,0.1091443112981,0.1073843112981,2020.24598125683,2020.24774125683,337200000
1321,1322,0.000275066850000005,40.6263364438676,-73.8979702078177,40.6271748528515,-73.8995213207482,0.000275066850000005,0,2020.20890618998,2020.20918125683,337200000
1327,1328,0.000202659493899998,40.6837165099588,-74.045839050075,40.6776532932946,-74.0410305772061,0.000202659493899998,0,2020.24800859734,2020.24821125683,337200000
1327,1329,0.000442659493900002,40.6837165099588,-74.045839050075,40.6070197494973,-74.0950710961707,0.000442659493900002,0,2020.24800859734,2020.24845125683,337200000
1333,1334,0.000294296266699995,40.6547789040787,-74.1232264821525,40.6819289516813,-74.1189186885768,0.000294296266699995,0,2020.20903696057,2020.20933125684,337200000
1353,1354,7.73058536499976e-05,40.7075874389615,-73.9265636290568,40.6896807492966,-73.9283808391184,7.73058536499976e-05,0,2020.20818571385,2020.20826301971,337200000
1353,1361,0.000872420773600002,40.7075874389615,-73.9265636290568,40.7235370981516,-73.9210245988705,0.000872420773600002,0,2020.20818571385,2020.20905813463,337200000
1354,1358,0.000253706513200003,40.6896807492966,-73.9283808391184,40.6905683900397,-73.932291567677,0.00033101236685,7.73058536499976e-05,2020.20826301971,2020.20851672622,337200000
1354,1355,0.000998237124100007,40.6896807492966,-73.9283808391184,40.705713735495,-73.8886468199923,0.00107554297775,7.73058536499976e-05,2020.20826301971,2020.20926125683,337200000
1355,1356,0.000129999999999991,40.705713735495,-73.8886468199923,40.6930672782973,-73.887419717829,0.00120554297775,0.00107554297775,2020.20926125683,2020.20939125683,337200000
1355,1357,0.000129999999999991,40.705713735495,-73.8886468199923,40.6930672782973,-73.887419717829,0.00120554297775,0.00107554297775,2020.20926125683,2020.20939125683,337200000
1358,1360,0.000514530611,40.6905683900397,-73.932291567677,40.6875226857598,-73.9411983256913,0.00084554297785,0.00033101236685,2020.20851672622,2020.20903125683,337200000
1358,1359,0.000344530610999996,40.6905683900397,-73.932291567677,40.6795156798411,-73.9407372543604,0.000675542977849997,0.00033101236685,2020.20851672622,2020.20886125683,337200000
1361,1362,0.000362168564600002,40.7235370981516,-73.9210245988705,40.7271932819439,-73.9109087563082,0.0012345893382,0.000872420773600002,2020.20905813463,2020.20942030319,337200000
1361,1364,6.64634036700029e-05,40.7235370981516,-73.9210245988705,40.723590988987,-73.9206993504951,0.000938884177270005,0.000872420773600002,2020.20905813463,2020.20912459803,337200000
1362,1363,0.03309095364,40.7271932819439,-73.9109087563082,40.6770635602596,-73.7651028979946,0.0343255429782,0.0012345893382,2020.20942030319,2020.24251125683,337200000
1364,1366,0.000386658800600001,40.723590988987,-73.9206993504951,40.7047949398507,-73.9454507188186,0.00132554297787001,0.000938884177270005,2020.20912459803,2020.20951125683,337200000
1364,1365,0.000386658800600001,40.723590988987,-73.9206993504951,40.7047949398507,-73.9454507188186,0.00132554297787001,0.000938884177270005,2020.20912459803,2020.20951125683,337200000
1366,1367,0.0328944266,40.7047949398507,-73.9454507188186,40.6788042044575,-73.9560431939096,0.03421996957787,0.00132554297787001,2020.20951125683,2020.24240568343,337200000
1366,1368,0.0222,40.7047949398507,-73.9454507188186,40.7201570429483,-73.894459827281,0.02352554297787,0.00132554297787001,2020.20951125683,2020.23171125683,337200000
1368,1369,0.0154,40.7201570429483,-73.894459827281,40.7434939693429,-73.9182503732393,0.03892554297787,0.02352554297787,2020.23171125683,2020.24711125683,337200000
1376,1377,0.00207,40.5296630053803,-73.950958289069,40.6206720750474,-74.0273372466156,0.00207,0,2020.23016125683,2020.23223125683,337200000
1377,1378,0.00904,40.6206720750474,-74.0273372466156,40.6098821628451,-74.0295060219246,0.01111,0.00207,2020.23223125683,2020.24127125683,337200000
1378,1379,0.00189,40.6098821628451,-74.0295060219246,40.6224033343253,-74.0223139927084,0.013,0.01111,2020.24127125683,2020.24316125683,337200000
1379,1380,0.00269,40.6224033343253,-74.0223139927084,40.5886122875913,-74.0636144062929,0.01569,0.013,2020.24316125683,2020.24585125683,337200000
1389,1390,0.00192,40.7831060251062,-73.8439101218798,40.6972679135518,-73.9907146221372,0.00192,0,2020.20846125683,2020.21038125683,337200000
1389,1391,0.000919999999999997,40.7831060251062,-73.8439101218798,40.7918622712667,-73.9183167163293,0.000919999999999997,0,2020.20846125683,2020.20938125683,337200000
1391,1392,0.03378,40.7918622712667,-73.9183167163293,40.7062883334391,-73.7360028555232,0.0347,0.000919999999999997,2020.20938125683,2020.24316125683,337200000
1391,1393,0.000900000000000005,40.7918622712667,-73.9183167163293,40.6172289780988,-73.9877074166995,0.00182,0.000919999999999997,2020.20938125683,2020.21028125683,337200000
1393,1394,0.02901,40.6172289780988,-73.9877074166995,40.6543243780778,-73.9927417950647,0.03083,0.00182,2020.21028125683,2020.23929125683,337200000
1394,1395,0.00196,40.6543243780778,-73.9927417950647,40.6511165224353,-73.9670562068657,0.03279,0.03083,2020.23929125683,2020.24125125683,337200000
1399,1400,0.01057,40.6697749154601,-73.7838443323903,40.8617889063455,-73.8227209963988,0.01057,0,2020.19913125683,2020.20970125683,337200000
1404,1405,0.00402653792,41.1140207701816,-74.4539495240824,40.6104567210384,-74.0414275292114,0.00402653792,0,2020.20635471891,2020.21038125683,337200000
1410,1411,6.32505180999943e-05,40.7683800811862,-73.7740352204277,40.8055384696034,-73.7691716467916,6.32505180999943e-05,0,2020.20926800631,2020.20933125683,337200000
1411,1412,0.03381,40.8055384696034,-73.7691716467916,40.7930424118174,-73.7828032600005,0.0338732505181,6.32505180999943e-05,2020.20933125683,2020.24314125683,337200000
1418,1419,0.009052564843,40.7177392225482,-73.8806547326865,40.6151765375158,-73.9379352961278,0.009052564843,0,2020.22945869199,2020.23851125683,337200000
1419,1420,0.001773942179,40.6151765375158,-73.9379352961278,40.5442268384043,-74.2155986531781,0.010826507022,0.009052564843,2020.23851125683,2020.24028519901,337200000
1420,1421,0.002587321933,40.5442268384043,-74.2155986531781,40.7342902140757,-73.7053061475312,0.013413828955,0.010826507022,2020.24028519901,2020.24287252094,337200000
1425,1426,0.0011,40.7419562902322,-74.0205326920327,40.6703085009622,-73.9656034027392,0.0011,0,2020.20825125683,2020.20935125683,337200000
