node1,node2,length,startLat,startLon,endLat,endLon,endNodeL,startNodeL,startYear,endYear,treeID
5,6,0.000251622074900003,40.7374258992878,-73.8731594314275,40.6941198295467,-73.9240649110423,0.000251622074900003,0,2020.20512963475,2020.20538125683,266000000
5,7,0.004871622075,40.7374258992878,-73.8731594314275,40.7528434964533,-73.9617181036722,0.004871622075,0,2020.20512963475,2020.21000125683,266000000
11,12,4.38664015100024e-05,40.7538658412632,-73.8219804771628,40.7742419738637,-74.1349155495684,4.38664015100024e-05,0,2020.18539389168,2020.18543775808,266000000
16,17,0.01394,40.6094088856182,-73.8330295091202,40.6432448506364,-73.9986021100324,0.01394,0,2020.20461125683,2020.21855125683,266000000
22,23,9.32813591499985e-05,40.5081097196383,-73.809071552704,40.5810981282179,-73.8526809031421,9.32813591499985e-05,0,2020.19013797548,2020.19023125684,266000000
22,24,9.32813591499985e-05,40.5081097196383,-73.809071552704,40.5810981282179,-73.8526809031421,9.32813591499985e-05,0,2020.19013797548,2020.19023125684,266000000
36,37,0.02048284551,40.7602184374886,-74.1931601003803,40.6447078480267,-73.9072702770393,0.02048284551,0,2020.18409125683,2020.20457410234,266000000
36,41,0.02486,40.7602184374886,-74.1931601003803,40.8054607959276,-74.0932952948068,0.02486,0,2020.18409125683,2020.20895125683,266000000
37,38,2.71544880999994e-05,40.6447078480267,-73.9072702770393,40.6452888318601,-73.913672935618,0.0205099999981,0.02048284551,2020.20457410234,2020.20460125683,266000000
37,39,2.71544880999994e-05,40.6447078480267,-73.9072702770393,40.6452888318601,-73.913672935618,0.0205099999981,0.02048284551,2020.20457410234,2020.20460125683,266000000
39,40,0.00438,40.6452888318601,-73.913672935618,40.6302480688292,-73.9116850160395,0.0248899999981,0.0205099999981,2020.20460125683,2020.20898125683,266000000
41,42,0.000599999999999996,40.8054607959276,-74.0932952948068,40.7830014473164,-74.0659527371683,0.02546,0.02486,2020.20895125683,2020.20955125683,266000000
42,43,0.03139792558,40.7830014473164,-74.0659527371683,40.6792705784734,-74.1569727649341,0.05685792558,0.02546,2020.20955125683,2020.24094918241,266000000
43,44,0.000292074417999999,40.6792705784734,-74.1569727649341,40.6699667289493,-74.1152165202101,0.057149999998,0.05685792558,2020.24094918241,2020.24124125683,266000000
43,45,0.002212074418,40.6792705784734,-74.1569727649341,40.7696731816981,-73.9557968379297,0.059069999998,0.05685792558,2020.24094918241,2020.24316125683,266000000
49,50,0.000890000000000002,40.6144450019316,-74.088508828685,40.631825631783,-74.0137345370436,0.000890000000000002,0,2020.20845125683,2020.20934125683,266000000
54,55,0.000230000000000001,40.7371233923894,-73.88551030916,40.7383200109025,-73.9058450636493,0.000230000000000001,0,2020.20932125683,2020.20955125683,266000000
59,60,0.03243,40.8352889112963,-73.5426107859784,40.6280427461564,-73.3733943291846,0.03243,0,2020.21024125683,2020.24267125683,266000000
64,65,0.03743,40.8134526640051,-73.4960849598224,40.7994460340071,-73.621437838319,0.03743,0,2020.20521125683,2020.24264125683,266000000
70,71,4.70672620000029e-05,40.8344110067736,-73.8668739300334,40.8373554902187,-73.8752015596847,4.70672620000029e-05,0,2020.20563418957,2020.20568125683,266000000
70,72,0.04282706726,40.8344110067736,-73.8668739300334,40.7706063319707,-73.4941316878781,0.04282706726,0,2020.20563418957,2020.24846125683,266000000
77,78,0.01203973125,40.5364418229379,-73.9653685315673,40.6212678382971,-73.8781950760573,0.01203973125,0,2020.23447125683,2020.24651098808,266000000
78,79,0.000370268749200001,40.6212678382971,-73.8781950760573,40.6168604908153,-73.8909074443633,0.0124099999992,0.01203973125,2020.24651098808,2020.24688125683,266000000
86,87,0.04549,40.5232984330292,-73.9212537093022,40.6574886818482,-73.9928182019709,0.04549,0,2020.19767125683,2020.24316125683,266000000
86,88,0.007742964183,40.5232984330292,-73.9212537093022,40.6231016701453,-73.7446140300069,0.007742964183,0,2020.19767125683,2020.20541422101,266000000
88,89,0.00593586999,40.6231016701453,-73.7446140300069,40.672412297487,-73.9577344023782,0.013678834173,0.007742964183,2020.20541422101,2020.211350091,266000000
88,90,0.00307703581699999,40.6231016701453,-73.7446140300069,40.6888770096194,-73.6940329794107,0.01082,0.007742964183,2020.20541422101,2020.20849125683,266000000
113,114,0.00544128250000001,40.7105315655022,-73.9293911872911,40.6324808606565,-73.9812488428714,0.00544128250000001,0,2020.19976650724,2020.20520778974,266000000
114,124,0.00364346708499999,40.6324808606565,-73.9812488428714,40.6455714664554,-73.9863342007342,0.009084749585,0.00544128250000001,2020.20520778974,2020.20885125683,266000000
114,115,0.000246435639699991,40.6324808606565,-73.9812488428714,40.6351475375668,-73.9703777485425,0.0056877181397,0.00544128250000001,2020.20520778974,2020.20545422538,266000000
115,121,0.0001570314455,40.6351475375668,-73.9703777485425,40.6283152544056,-73.9751174381679,0.0058447495852,0.0056877181397,2020.20545422538,2020.20561125683,266000000
115,116,0.00357703144600001,40.6351475375668,-73.9703777485425,40.5935199523018,-73.9389571449295,0.00926474958570001,0.0056877181397,2020.20545422538,2020.20903125683,266000000
116,119,0.000393058084999995,40.5935199523018,-73.9389571449295,40.6028106420604,-73.892784797094,0.0096578076707,0.00926474958570001,2020.20903125683,2020.20942431492,266000000
116,117,0.0008400364301,40.5935199523018,-73.9389571449295,40.5815436126833,-73.9527086758242,0.0101047860158,0.00926474958570001,2020.20903125683,2020.20987129326,266000000
117,118,0.02234996357,40.5815436126833,-73.9527086758242,40.6467087659701,-73.9938486178978,0.0324547495858,0.0101047860158,2020.20987129326,2020.23222125683,266000000
119,120,0.000126941914999998,40.6028106420604,-73.892784797094,40.6081177854751,-73.8935860494874,0.0097847495857,0.0096578076707,2020.20942431492,2020.20955125683,266000000
121,122,0.03696,40.6283152544056,-73.9751174381679,40.5990558416954,-73.9528090825098,0.0428047495852,0.0058447495852,2020.20561125683,2020.24257125683,266000000
122,123,0.003,40.5990558416954,-73.9528090825098,40.6382892598957,-73.9306906807694,0.0458047495852,0.0428047495852,2020.24257125683,2020.24557125683,266000000
124,125,0.000640000000000002,40.6455714664554,-73.9863342007342,40.6471814603315,-73.9942462323886,0.009724749585,0.009084749585,2020.20885125683,2020.20949125683,266000000
124,127,0.03047,40.6455714664554,-73.9863342007342,40.6801502135599,-73.9893029080556,0.039554749585,0.009084749585,2020.20885125683,2020.23932125683,266000000
125,126,0.000509999999999997,40.6471814603315,-73.9942462323886,40.639210900542,-73.9853566749796,0.010234749585,0.009724749585,2020.20949125683,2020.21000125683,266000000
127,128,0.00347,40.6801502135599,-73.9893029080556,40.5803705380805,-73.7433480320652,0.043024749585,0.039554749585,2020.23932125683,2020.24279125683,266000000
127,129,0.00186,40.6801502135599,-73.9893029080556,40.6538290455724,-73.9767318963981,0.041414749585,0.039554749585,2020.23932125683,2020.24118125683,266000000
129,130,0.00184,40.6538290455724,-73.9767318963981,40.6702289585908,-73.8773115257462,0.043254749585,0.041414749585,2020.24118125683,2020.24302125683,266000000
130,131,0.00207,40.6702289585908,-73.8773115257462,40.6223253244114,-73.982076620026,0.045324749585,0.043254749585,2020.24302125683,2020.24509125683,266000000
131,132,7.00000000000006e-05,40.6223253244114,-73.982076620026,40.6395317650382,-73.9718476860558,0.045394749585,0.045324749585,2020.24509125683,2020.24516125683,266000000
131,133,0.000460000000000002,40.6223253244114,-73.982076620026,40.6134569776373,-73.9770646851246,0.045784749585,0.045324749585,2020.24509125683,2020.24555125683,266000000
139,140,0.000409999999999994,40.5782322909138,-74.04549907909,40.5862409590507,-74.0887483791214,0.000409999999999994,0,2020.20893125682,2020.20934125682,266000000
139,141,0.00109999999999999,40.5782322909138,-74.04549907909,40.4917963129218,-73.9990748784371,0.00109999999999999,0,2020.20893125682,2020.21003125682,266000000
141,142,0.03856,40.4917963129218,-73.9990748784371,40.6688084894131,-74.059798098037,0.03966,0.00109999999999999,2020.21003125682,2020.24859125682,266000000
731,904,0.000393270946399987,40.6921884010306,-73.9463281543366,40.6865273408115,-73.9479413951723,0.000393270946399987,0,2020.13859694553,2020.13899021647,266000000
731,732,0.001774976953,40.6921884010306,-73.9463281543366,40.6862983580995,-73.9567178354394,0.001774976953,0,2020.13859694553,2020.14037192248,266000000
732,733,0.00117933435000001,40.6862983580995,-73.9567178354394,40.6892243511201,-73.9580519998358,0.002954311303,0.001774976953,2020.14037192248,2020.14155125683,266000000
732,748,7.94840654899931e-05,40.6862983580995,-73.9567178354394,40.6873281925118,-73.9569191000068,0.00185446101848999,0.001774976953,2020.14037192248,2020.14045140655,266000000
733,734,0.05724049753,40.6892243511201,-73.9580519998358,40.6532985918714,-73.9732981613652,0.060194808833,0.002954311303,2020.14155125683,2020.19879175436,266000000
733,747,0.0687,40.6892243511201,-73.9580519998358,40.5818946943476,-73.9769086238338,0.071654311303,0.002954311303,2020.14155125683,2020.21025125683,266000000
734,735,0.000469502474000016,40.6532985918714,-73.9732981613652,40.6541723917843,-73.9756015407648,0.060664311307,0.060194808833,2020.19879175436,2020.19926125683,266000000
734,740,0.000300223796800003,40.6532985918714,-73.9732981613652,40.6581119435867,-73.9718346855896,0.0604950326298,0.060194808833,2020.19879175436,2020.19909197816,266000000
735,737,0.00645999999999999,40.6541723917843,-73.9756015407648,40.6575423904379,-73.9754184601093,0.067124311307,0.060664311307,2020.19926125683,2020.20572125683,266000000
735,736,0.01067,40.6541723917843,-73.9756015407648,40.6496117022148,-73.9813530437209,0.071334311307,0.060664311307,2020.19926125683,2020.20993125683,266000000
737,739,0.00383999999999998,40.6575423904379,-73.9754184601093,40.6680624092932,-73.9630861515309,0.070964311307,0.067124311307,2020.20572125683,2020.20956125683,266000000
737,738,0.00192000000000001,40.6575423904379,-73.9754184601093,40.6127844438142,-73.9447709337473,0.069044311307,0.067124311307,2020.20572125683,2020.20764125683,266000000
740,741,0.000169278677200013,40.6581119435867,-73.9718346855896,40.6584984161472,-73.9575875844686,0.060664311307,0.0604950326298,2020.19909197816,2020.19926125683,266000000
740,742,0.00925436831900001,40.6581119435867,-73.9718346855896,40.6814430601486,-73.9674178981457,0.0697494009488,0.0604950326298,2020.19909197816,2020.20834634648,266000000
742,743,0.000104910358599997,40.6814430601486,-73.9674178981457,40.6792750170571,-73.9666437067698,0.0698543113074,0.0697494009488,2020.20834634648,2020.20845125683,266000000
742,744,0.000104910358599997,40.6814430601486,-73.9674178981457,40.6792750170571,-73.9666437067698,0.0698543113074,0.0697494009488,2020.20834634648,2020.20845125683,266000000
744,745,0.03752,40.6792750170571,-73.9666437067698,40.8468400850239,-73.2498191951802,0.1073743113074,0.0698543113074,2020.20845125683,2020.24597125683,266000000
745,746,0.00176,40.8468400850239,-73.2498191951802,40.8557838853354,-73.2453011970157,0.1091343113074,0.1073743113074,2020.24597125683,2020.24773125683,266000000
748,749,0.03572549881,40.6873281925118,-73.9569191000068,40.669166505009,-73.957187323419,0.03757995982849,0.00185446101848999,2020.14045140655,2020.17617690536,266000000
749,750,0.000174165280100003,40.669166505009,-73.957187323419,40.6686799222787,-73.9580475110421,0.03775412510859,0.03757995982849,2020.17617690536,2020.17635107064,266000000
750,899,0.000312846889199997,40.6686799222787,-73.9580475110421,40.6659185712622,-73.9593573325341,0.03806697199779,0.03775412510859,2020.17635107064,2020.17666391753,266000000
750,751,0.000483657512000024,40.6686799222787,-73.9580475110421,40.667196493346,-73.9571988527641,0.03823778262059,0.03775412510859,2020.17635107064,2020.17683472815,266000000
751,752,0.000366528684399986,40.667196493346,-73.9571988527641,40.6684343570459,-73.9538312199141,0.03860431130499,0.03823778262059,2020.17683472815,2020.17720125683,266000000
751,885,0.000366528684399986,40.667196493346,-73.9571988527641,40.6684343570459,-73.9538312199141,0.03860431130499,0.03823778262059,2020.17683472815,2020.17720125683,266000000
752,753,0.01001810837,40.6684343570459,-73.9538312199141,40.6850467118129,-73.9419884237691,0.04862241967499,0.03860431130499,2020.17720125683,2020.1872193652,266000000
753,754,1.18916284700121e-05,40.6850467118129,-73.9419884237691,40.6845981364437,-73.9415821677051,0.04863431130346,0.04862241967499,2020.1872193652,2020.18723125683,266000000
754,755,0.00351341542899999,40.6845981364437,-73.9415821677051,40.6806575706432,-73.9345631838439,0.05214772673246,0.04863431130346,2020.18723125683,2020.19074467226,266000000
755,834,0.000155633623599993,40.6806575706432,-73.9345631838439,40.6838013364172,-73.9369455403127,0.05230336035606,0.05214772673246,2020.19074467226,2020.19090030588,266000000
755,756,0.000714864712300006,40.6806575706432,-73.9345631838439,40.6820621351181,-73.9317176184636,0.05286259144476,0.05214772673246,2020.19074467226,2020.19145953697,266000000
756,757,0.000212467018299994,40.6820621351181,-73.9317176184636,40.6890823228413,-73.9174842761986,0.05307505846306,0.05286259144476,2020.19145953697,2020.19167200399,266000000
757,763,0.000125630255699977,40.6890823228413,-73.9174842761986,40.6919194638164,-73.9240889704482,0.05320068871876,0.05307505846306,2020.19167200399,2020.19179763425,266000000
757,758,0.000588706195499999,40.6890823228413,-73.9174842761986,40.6792015423669,-73.961358232735,0.05366376465856,0.05307505846306,2020.19167200399,2020.19226071019,266000000
758,759,2.05466446200064e-05,40.6792015423669,-73.961358232735,40.6741151722312,-73.965223947797,0.05368431130318,0.05366376465856,2020.19226071019,2020.19228125683,266000000
759,760,0.01564,40.6741151722312,-73.965223947797,40.6599431829752,-73.9596056003275,0.06932431130318,0.05368431130318,2020.19228125683,2020.20792125683,266000000
760,761,0.00178777353199999,40.6599431829752,-73.9596056003275,40.6524619895769,-73.9579117176859,0.07111208483518,0.06932431130318,2020.20792125683,2020.20970903036,266000000
761,762,0.000112226468000021,40.6524619895769,-73.9579117176859,40.6532898591527,-73.9593731004518,0.07122431130318,0.07111208483518,2020.20970903036,2020.20982125683,266000000
763,764,0.000324565140200017,40.6919194638164,-73.9240889704482,40.6939913396643,-73.9246883755596,0.05352525385896,0.05320068871876,2020.19179763425,2020.19212219939,266000000
763,772,0.00407362258400001,40.6919194638164,-73.9240889704482,40.6839168667196,-73.931053024222,0.05727431130276,0.05320068871876,2020.19179763425,2020.19587125683,266000000
764,765,0.0001590574442,40.6939913396643,-73.9246883755596,40.6957139961695,-73.9228750263778,0.05368431130316,0.05352525385896,2020.19212219939,2020.19228125683,266000000
764,770,0.01700480507,40.6939913396643,-73.9246883755596,40.7012249381712,-73.8512351167337,0.07053005892896,0.05352525385896,2020.19212219939,2020.20912700446,266000000
765,766,0.01655730169,40.6957139961695,-73.9228750263778,40.683952307748,-73.9102059888927,0.07024161299316,0.05368431130316,2020.19228125683,2020.20883855852,266000000
766,767,0.00112269831099998,40.683952307748,-73.9102059888927,40.7101787528511,-73.9544663503773,0.07136431130416,0.07024161299316,2020.20883855852,2020.20996125683,266000000
767,768,0.000140000000000029,40.7101787528511,-73.9544663503773,40.7115285306527,-73.9550249095482,0.07150431130416,0.07136431130416,2020.20996125683,2020.21010125683,266000000
768,769,0.03033,40.7115285306527,-73.9550249095482,40.708478431894,-73.9711957136938,0.10183431130416,0.07150431130416,2020.21010125683,2020.24043125683,266000000
770,771,0.000264252376100005,40.7012249381712,-73.8512351167337,40.7043469068698,-73.8436562385187,0.07079431130506,0.07053005892896,2020.20912700446,2020.20939125683,266000000
772,773,0.00181999999999999,40.6839168667196,-73.931053024222,40.6756541621407,-73.9269171777266,0.05909431130276,0.05727431130276,2020.19587125683,2020.19769125683,266000000
773,789,0.00175000000000003,40.6756541621407,-73.9269171777266,40.6988809144793,-73.933229481635,0.06084431130276,0.05909431130276,2020.19769125683,2020.19944125683,266000000
773,774,0.00720000000000001,40.6756541621407,-73.9269171777266,40.6990352792127,-73.9335769224363,0.06629431130276,0.05909431130276,2020.19769125683,2020.20489125683,266000000
774,781,0.00413260230600002,40.6990352792127,-73.9335769224363,40.7018466520522,-73.9192359855938,0.07042691360876,0.06629431130276,2020.20489125683,2020.20902385914,266000000
774,775,0.00175,40.6990352792127,-73.9335769224363,40.6979340924835,-73.9211664299921,0.06804431130276,0.06629431130276,2020.20489125683,2020.20664125683,266000000
775,776,0.00181000000000001,40.6979340924835,-73.9211664299921,40.6183353668116,-74.0211148418868,0.06985431130276,0.06804431130276,2020.20664125683,2020.20845125683,266000000
775,779,0.00181000000000001,40.6979340924835,-73.9211664299921,40.6183353668116,-74.0211148418868,0.06985431130276,0.06804431130276,2020.20664125683,2020.20845125683,266000000
776,778,0.00192000000000001,40.6183353668116,-74.0211148418868,40.6127844438142,-73.9447709337473,0.07177431130276,0.06985431130276,2020.20845125683,2020.21037125683,266000000
776,777,0.00192000000000001,40.6183353668116,-74.0211148418868,40.6127844438142,-73.9447709337473,0.07177431130276,0.06985431130276,2020.20845125683,2020.21037125683,266000000
779,780,0.00192000000000001,40.6183353668116,-74.0211148418868,40.6127844438142,-73.9447709337473,0.07177431130276,0.06985431130276,2020.20845125683,2020.21037125683,266000000
781,783,0.000247397693599993,40.7018466520522,-73.9192359855938,40.7033029228233,-73.918939459511,0.07067431130236,0.07042691360876,2020.20902385914,2020.20927125683,266000000
781,782,0.00115739769399997,40.7018466520522,-73.9192359855938,40.6986315151558,-73.921455785356,0.07158431130276,0.07042691360876,2020.20902385914,2020.21018125683,266000000
783,784,0.000419999999999976,40.7033029228233,-73.918939459511,40.7026465194109,-73.9202000301962,0.07109431130236,0.07067431130236,2020.20927125683,2020.20969125683,266000000
783,786,0.000586140689999987,40.7033029228233,-73.918939459511,40.7034360791089,-73.9227373142491,0.07126045199236,0.07067431130236,2020.20927125683,2020.20985739752,266000000
784,785,0.000320000000000015,40.7026465194109,-73.9202000301962,40.6400028967885,-73.8780168439373,0.07141431130236,0.07109431130236,2020.20969125683,2020.21001125683,266000000
786,787,0.000103859309999982,40.7034360791089,-73.9227373142491,40.7039443008649,-73.9244198733617,0.07136431130236,0.07126045199236,2020.20985739752,2020.20996125683,266000000
786,788,0.03590385931,40.7034360791089,-73.9227373142491,40.6948186937478,-73.9237901688571,0.10716431130236,0.07126045199236,2020.20985739752,2020.24576125683,266000000
789,806,0.00918609681799998,40.6988809144793,-73.933229481635,40.699026339632,-73.9594035925751,0.07003040812076,0.06084431130276,2020.19944125683,2020.20862735365,266000000
789,790,0.00181999999999999,40.6988809144793,-73.933229481635,40.6756541621407,-73.9269171777266,0.06266431130276,0.06084431130276,2020.19944125683,2020.20126125683,266000000
790,792,0.00790124538199999,40.6756541621407,-73.9269171777266,40.6249843714923,-73.9882786766438,0.07056555668476,0.06266431130276,2020.20126125683,2020.20916250221,266000000
790,791,0.00364999999999999,40.6756541621407,-73.9269171777266,40.7171113966317,-73.5687454872819,0.06631431130276,0.06266431130276,2020.20126125683,2020.20491125683,266000000
792,793,0.03887662132,40.6249843714923,-73.9882786766438,40.6345858098454,-73.9467336910886,0.10944217800476,0.07056555668476,2020.20916250221,2020.24803912353,266000000
792,796,8.99989207800156e-05,40.6249843714923,-73.9882786766438,40.6261011281471,-73.9856628161106,0.07065555560554,0.07056555668476,2020.20916250221,2020.20925250113,266000000
793,794,0.000312133295699998,40.6345858098454,-73.9467336910886,40.6339837448768,-73.9477647056004,0.10975431130046,0.10944217800476,2020.24803912353,2020.24835125683,266000000
793,795,9.21332957199983e-05,40.6345858098454,-73.9467336910886,40.6349326577082,-73.9458321274527,0.10953431130048,0.10944217800476,2020.24803912353,2020.24813125683,266000000
796,798,6.77647302199935e-05,40.6261011281471,-73.9856628161106,40.6252398101346,-73.9857649709797,0.07072332033576,0.07065555560554,2020.20925250113,2020.20932026586,266000000
796,797,0.000768755697600015,40.6261011281471,-73.9856628161106,40.6275867011987,-73.9795836466346,0.07142431130314,0.07065555560554,2020.20925250113,2020.21002125683,266000000
798,799,7.06971180400029e-05,40.6252398101346,-73.9857649709797,40.625251682942,-73.9844683856431,0.0707940174538,0.07072332033576,2020.20932026586,2020.20939096298,266000000
799,800,0.000228938163500003,40.625251682942,-73.9844683856431,40.6270720355331,-73.9873019860667,0.0710229556173,0.0707940174538,2020.20939096298,2020.20961990114,266000000
799,803,0.000400293849400019,40.625251682942,-73.9844683856431,40.6277082641834,-73.9859275104562,0.0711943113032,0.0707940174538,2020.20939096298,2020.20979125683,266000000
800,802,0.000401355685899996,40.6270720355331,-73.9873019860667,40.6280001130912,-73.9769634625823,0.0714243113032,0.0710229556173,2020.20961990114,2020.21002125683,266000000
800,801,0.000401355685899996,40.6270720355331,-73.9873019860667,40.6280001130912,-73.9769634625823,0.0714243113032,0.0710229556173,2020.20961990114,2020.21002125683,266000000
803,804,0.03146,40.6277082641834,-73.9859275104562,40.6661917249844,-73.9180397016822,0.1026543113032,0.0711943113032,2020.20979125683,2020.24125125683,266000000
804,805,0.00186273375400001,40.6661917249844,-73.9180397016822,40.6818247584395,-73.9142398849587,0.1045170450572,0.1026543113032,2020.24125125683,2020.24311399058,266000000
806,807,0.000463903181600001,40.699026339632,-73.9594035925751,40.6979686716754,-73.9605256798122,0.07049431130236,0.07003040812076,2020.20862735365,2020.20909125683,266000000
806,814,5.58560604900227e-05,40.699026339632,-73.9594035925751,40.6993697111878,-73.9577327698602,0.07008626418125,0.07003040812076,2020.20862735365,2020.20868320971,266000000
807,811,0.000400000000000011,40.6979686716754,-73.9605256798122,40.6980953460708,-73.9676828682595,0.07089431130236,0.07049431130236,2020.20909125683,2020.20949125683,266000000
807,808,0.000516072952900015,40.6979686716754,-73.9605256798122,40.6999064293626,-73.9773233450239,0.07101038425526,0.07049431130236,2020.20909125683,2020.20960732978,266000000
808,809,0.000113927047100004,40.6999064293626,-73.9773233450239,40.69148494793,-74.0001977387046,0.07112431130236,0.07101038425526,2020.20960732978,2020.20972125683,266000000
808,810,0.000113927047100004,40.6999064293626,-73.9773233450239,40.69148494793,-74.0001977387046,0.07112431130236,0.07101038425526,2020.20960732978,2020.20972125683,266000000
811,813,0.00051000000000001,40.6980953460708,-73.9676828682595,40.6992281919255,-73.9695070324132,0.07140431130236,0.07089431130236,2020.20949125683,2020.21000125683,266000000
811,812,0.000230000000000008,40.6980953460708,-73.9676828682595,40.7167053220908,-73.9608430679206,0.07112431130236,0.07089431130236,2020.20949125683,2020.20972125683,266000000
814,818,0.000356113415399983,40.6993697111878,-73.9577327698602,40.7016354261755,-73.9573102740635,0.07044237759665,0.07008626418125,2020.20868320971,2020.20903932312,266000000
814,815,0.000808047121099997,40.6993697111878,-73.9577327698602,40.6981250125805,-73.9453935613187,0.07089431130235,0.07008626418125,2020.20868320971,2020.20949125683,266000000
815,816,0.000509999999999983,40.6981250125805,-73.9453935613187,40.6916816061614,-73.9461021375209,0.07140431130235,0.07089431130235,2020.20949125683,2020.21000125683,266000000
815,817,0.000509999999999983,40.6981250125805,-73.9453935613187,40.6916816061614,-73.9461021375209,0.07140431130235,0.07089431130235,2020.20949125683,2020.21000125683,266000000
818,821,0.000501933705700008,40.7016354261755,-73.9573102740635,40.658445241014,-74.001860885807,0.07094431130235,0.07044237759665,2020.20903932312,2020.20954125683,266000000
818,819,0.000311933705699985,40.7016354261755,-73.9573102740635,40.7005683946103,-73.9556486417179,0.07075431130235,0.07044237759665,2020.20903932312,2020.20935125683,266000000
819,820,0.03381,40.7005683946103,-73.9556486417179,40.6668092771155,-73.956667689232,0.10456431130235,0.07075431130235,2020.20935125683,2020.24316125683,266000000
821,822,0.000249999999999972,40.658445241014,-74.001860885807,40.6521414534148,-74.0250674766685,0.07119431130235,0.07094431130235,2020.20954125683,2020.20979125683,266000000
821,827,9.9999999999989e-05,40.658445241014,-74.001860885807,40.6584290670677,-74.0033714099909,0.07104431130235,0.07094431130235,2020.20954125683,2020.20964125683,266000000
822,823,0.03574,40.6521414534148,-74.0250674766685,40.6332037008247,-74.0048959928643,0.10693431130235,0.07119431130235,2020.20979125683,2020.24553125683,266000000
822,826,8.00000000000245e-05,40.6521414534148,-74.0250674766685,40.6521471015278,-74.0255275824359,0.07127431130235,0.07119431130235,2020.20979125683,2020.20987125683,266000000
823,825,0.000310000000000005,40.6332037008247,-74.0048959928643,40.6324840961192,-74.0088569321809,0.10724431130235,0.10693431130235,2020.24553125683,2020.24584125683,266000000
823,824,0.000839999999999994,40.6332037008247,-74.0048959928643,40.6356198483818,-74.0042737740345,0.10777431130235,0.10693431130235,2020.24553125683,2020.24637125683,266000000
827,828,0.03721746582,40.6584290670677,-74.0033714099909,40.6343301549488,-73.978740666267,0.10826177712235,0.07104431130235,2020.20964125683,2020.24685872265,266000000
827,831,9.00000000000067e-05,40.6584290670677,-74.0033714099909,40.6578847352788,-74.0038985735884,0.07113431130235,0.07104431130235,2020.20964125683,2020.20973125683,266000000
828,829,0.000142534183800003,40.6343301549488,-73.978740666267,40.6393589455537,-73.9956087518983,0.10840431130615,0.10826177712235,2020.24685872265,2020.24700125683,266000000
828,830,0.000142534183800003,40.6343301549488,-73.978740666267,40.6393589455537,-73.9956087518983,0.10840431130615,0.10826177712235,2020.24685872265,2020.24700125683,266000000
831,832,0.03722,40.6578847352788,-74.0038985735884,40.5780706238436,-73.9846455530404,0.10835431130235,0.07113431130235,2020.20973125683,2020.24695125683,266000000
831,833,0.03343,40.6578847352788,-74.0038985735884,40.5931920705832,-73.9473493898851,0.10456431130235,0.07113431130235,2020.20973125683,2020.24316125683,266000000
834,835,0.000317046397299986,40.6838013364172,-73.9369455403127,40.6810801013898,-73.9370711075374,0.05262040675336,0.05230336035606,2020.19090030588,2020.19121735228,266000000
835,866,0.000619000064800007,40.6810801013898,-73.9370711075374,40.6811673890826,-73.9365277012631,0.05323940681816,0.05262040675336,2020.19121735228,2020.19183635235,266000000
835,836,0.000106418983100015,40.6810801013898,-73.9370711075374,40.6881641876652,-73.9354240466661,0.05272682573646,0.05262040675336,2020.19121735228,2020.19132377126,266000000
836,837,0.000135038451899994,40.6881641876652,-73.9354240466661,40.6885035086817,-73.9405989474676,0.05286186418836,0.05272682573646,2020.19132377126,2020.19145880972,266000000
837,838,0.000250700940299997,40.6885035086817,-73.9405989474676,40.6906893506571,-73.9407348418471,0.05311256512866,0.05286186418836,2020.19145880972,2020.19170951066,266000000
838,859,0.000314921589900014,40.6906893506571,-73.9407348418471,40.6893451578163,-73.9414366607584,0.05342748671856,0.05311256512866,2020.19170951066,2020.19202443225,266000000
838,839,1.92090347300167e-05,40.6906893506571,-73.9407348418471,40.690758148727,-73.9405242018443,0.05313177416339,0.05311256512866,2020.19170951066,2020.19172871969,266000000
839,840,0.000234182154499996,40.690758148727,-73.9405242018443,40.6901044221448,-73.936206666126,0.05336595631789,0.05313177416339,2020.19172871969,2020.19196290185,266000000
840,841,0.000318354985300001,40.6901044221448,-73.936206666126,40.68493619602,-73.9344456596783,0.05368431130319,0.05336595631789,2020.19196290185,2020.19228125683,266000000
840,857,0.000318354985300001,40.6901044221448,-73.936206666126,40.68493619602,-73.9344456596783,0.05368431130319,0.05336595631789,2020.19196290185,2020.19228125683,266000000
841,856,0.01271,40.68493619602,-73.9344456596783,40.7351477482079,-73.6659757797242,0.06639431130319,0.05368431130319,2020.19228125683,2020.20499125683,266000000
841,842,0.00867463196900001,40.68493619602,-73.9344456596783,40.6911877820337,-73.943352318112,0.06235894327219,0.05368431130319,2020.19228125683,2020.2009558888,266000000
842,854,0.000129247051600001,40.6911877820337,-73.943352318112,40.6898487960334,-73.9450314088893,0.06248819032379,0.06235894327219,2020.2009558888,2020.20108513585,266000000
842,843,0.000365368031499974,40.6911877820337,-73.943352318112,40.6917394261551,-73.9438102791014,0.06272431130369,0.06235894327219,2020.2009558888,2020.20132125683,266000000
843,844,0.00180000000000002,40.6917394261551,-73.9438102791014,40.6917431470425,-73.939831902127,0.06452431130369,0.06272431130369,2020.20132125683,2020.20312125683,266000000
844,845,0.00174999999999997,40.6917431470425,-73.939831902127,40.654991401996,-73.9935418013583,0.06627431130369,0.06452431130369,2020.20312125683,2020.20487125683,266000000
845,846,0.00176999999999999,40.654991401996,-73.9935418013583,40.6337923124645,-73.9925786079381,0.06804431130369,0.06627431130369,2020.20487125683,2020.20664125683,266000000
845,850,0.00434810055400003,40.654991401996,-73.9935418013583,40.6203333399356,-73.9856398723042,0.07062241185769,0.06627431130369,2020.20487125683,2020.20921935739,266000000
846,847,0.00181000000000003,40.6337923124645,-73.9925786079381,40.6333933670651,-73.9921331354402,0.06985431130369,0.06804431130369,2020.20664125683,2020.20845125683,266000000
847,849,0.000639999999999974,40.6333933670651,-73.9921331354402,40.6281778975623,-73.9966264368416,0.07049431130369,0.06985431130369,2020.20845125683,2020.20909125683,266000000
847,848,0.00191999999999998,40.6333933670651,-73.9921331354402,40.6171185176323,-73.9823341258938,0.07177431130369,0.06985431130369,2020.20845125683,2020.21037125683,266000000
850,851,0.000233088572099971,40.6203333399356,-73.9856398723042,40.6199682288004,-73.982770620089,0.07085550042979,0.07062241185769,2020.20921935739,2020.20945244596,266000000
851,853,0.000218810873500008,40.6199682288004,-73.982770620089,40.6218646538677,-73.9817503426625,0.07107431130329,0.07085550042979,2020.20945244596,2020.20967125683,266000000
851,852,0.000378810873500002,40.6199682288004,-73.982770620089,40.6213288810321,-73.9826478322523,0.07123431130329,0.07085550042979,2020.20945244596,2020.20983125683,266000000
854,855,0.000236120979899973,40.6898487960334,-73.9450314088893,40.6861458559354,-73.9430744580933,0.06272431130369,0.06248819032379,2020.20108513585,2020.20132125683,266000000
857,858,0.0174,40.68493619602,-73.9344456596783,40.6437048039911,-73.9496118038313,0.07108431130319,0.05368431130319,2020.19228125683,2020.20968125683,266000000
859,864,0.01796109703,40.6893451578163,-73.9414366607584,40.6543026932341,-73.9757992712268,0.07138858374856,0.05342748671856,2020.19202443225,2020.20998552928,266000000
859,860,0.000256824584599996,40.6893451578163,-73.9414366607584,40.6941885163606,-73.9444375748984,0.05368431130316,0.05342748671856,2020.19202443225,2020.19228125683,266000000
860,861,0.01710808665,40.6941885163606,-73.9444375748984,40.7113258020903,-73.9628415627668,0.07079239795316,0.05368431130316,2020.19228125683,2020.20938934348,266000000
861,863,0.03581191335,40.7113258020903,-73.9628415627668,40.7741419541264,-73.8787166389983,0.10660431130316,0.07079239795316,2020.20938934348,2020.24520125683,266000000
861,862,0.000291913345299988,40.7113258020903,-73.9628415627668,40.712088158003,-73.9638664335484,0.07108431129846,0.07079239795316,2020.20938934348,2020.20968125683,266000000
864,865,1.57275554200087e-05,40.6543026932341,-73.9757992712268,40.6544014749731,-73.9754752132412,0.07140431130398,0.07138858374856,2020.20998552928,2020.21000125683,266000000
866,867,9.22750079299095e-06,40.6811673890826,-73.9365277012631,40.6814097410714,-73.9363604600582,0.053248634318953,0.05323940681816,2020.19183635235,2020.19184557985,266000000
866,878,4.40995564600088e-05,40.6811673890826,-73.9365277012631,40.6800148234349,-73.9379089252145,0.05328350637462,0.05323940681816,2020.19183635235,2020.1918804519,266000000
867,875,7.84423902300269e-05,40.6814097410714,-73.9363604600582,40.6814722761089,-73.9361455062185,0.053327076709183,0.053248634318953,2020.19184557985,2020.19192402224,266000000
867,868,0.000271971093800005,40.6814097410714,-73.9363604600582,40.6837429066008,-73.9356079011337,0.053520605412753,0.053248634318953,2020.19184557985,2020.19211755094,266000000
868,869,6.88930329300064e-05,40.6837429066008,-73.9356079011337,40.6646842434256,-73.8958301489544,0.053589498445683,0.053520605412753,2020.19211755094,2020.19218644397,266000000
868,874,0.000163705890500021,40.6837429066008,-73.9356079011337,40.6939075501897,-73.9450023425005,0.053684311303253,0.053520605412753,2020.19211755094,2020.19228125683,266000000
869,870,0.01818481286,40.6646842434256,-73.8958301489544,40.7861981407175,-73.7912909536184,0.071774311305683,0.053589498445683,2020.19218644397,2020.21037125683,266000000
869,871,9.48128575500029e-05,40.6646842434256,-73.8958301489544,40.6636189150559,-73.8976194363363,0.053684311303233,0.053589498445683,2020.19218644397,2020.19228125683,266000000
871,872,0.0162,40.6636189150559,-73.8976194363363,40.6712582635726,-73.8305057452394,0.069884311303233,0.053684311303233,2020.19228125683,2020.20848125683,266000000
872,873,0.00189,40.6712582635726,-73.8305057452394,40.6821520622172,-73.7812707218033,0.071774311303233,0.069884311303233,2020.20848125683,2020.21037125683,266000000
875,876,0.000357234594,40.6814722761089,-73.9361455062185,40.6825586567401,-73.9343271327915,0.053684311303183,0.053327076709183,2020.19192402224,2020.19228125683,266000000
876,877,0.01496,40.6825586567401,-73.9343271327915,40.6971748286507,-73.9764112192551,0.068644311303183,0.053684311303183,2020.19228125683,2020.20724125683,266000000
878,882,0.000111554088800009,40.6800148234349,-73.9379089252145,40.6799717400363,-73.937162583343,0.05339506046342,0.05328350637462,2020.1918804519,2020.19199200599,266000000
878,879,0.000130395805800015,40.6800148234349,-73.9379089252145,40.6807561549375,-73.939902421976,0.05341390218042,0.05328350637462,2020.1918804519,2020.19201084771,266000000
879,880,0.01290040912,40.6807561549375,-73.939902421976,40.6973921911344,-73.6851372925598,0.06631431130042,0.05341390218042,2020.19201084771,2020.20491125683,266000000
880,881,0.03825,40.6973921911344,-73.6851372925598,40.7740642849774,-73.4228389640338,0.10456431130042,0.06631431130042,2020.20491125683,2020.24316125683,266000000
882,884,0.000289250839799998,40.6799717400363,-73.937162583343,40.6530781065361,-73.930449920502,0.05368431130322,0.05339506046342,2020.19199200599,2020.19228125683,266000000
882,883,0.000289250839799998,40.6799717400363,-73.937162583343,40.6530781065361,-73.930449920502,0.05368431130322,0.05339506046342,2020.19199200599,2020.19228125683,266000000
885,886,0.01576,40.6684343570459,-73.9538312199141,40.6589864206186,-73.9602521048606,0.05436431130499,0.03860431130499,2020.17720125683,2020.19296125683,266000000
886,890,0.01369,40.6589864206186,-73.9602521048606,40.6578387429106,-73.9712654857323,0.06805431130499,0.05436431130499,2020.19296125683,2020.20665125683,266000000
886,887,0.01638,40.6589864206186,-73.9602521048606,40.6488551339614,-73.9644284952084,0.07074431130499,0.05436431130499,2020.19296125683,2020.20934125683,266000000
887,888,5e-04,40.6488551339614,-73.9644284952084,40.6430114668046,-73.9706668716089,0.07124431130499,0.07074431130499,2020.20934125683,2020.20984125683,266000000
887,889,0.000549999999999995,40.6488551339614,-73.9644284952084,40.6550496512122,-73.9619823782857,0.07129431130499,0.07074431130499,2020.20934125683,2020.20989125683,266000000
890,894,0.00178,40.6578387429106,-73.9712654857323,40.6801149489469,-73.9744694800102,0.06983431130499,0.06805431130499,2020.20665125683,2020.20843125683,266000000
890,891,0.0018,40.6578387429106,-73.9712654857323,40.7805334961523,-73.9229260903244,0.06985431130499,0.06805431130499,2020.20665125683,2020.20845125683,266000000
891,892,9.99999999998225e-06,40.7805334961523,-73.9229260903244,40.7780565560921,-73.9233491057523,0.06986431130499,0.06985431130499,2020.20845125683,2020.20846125683,266000000
892,893,0.0347,40.7780565560921,-73.9233491057523,40.5813553376577,-73.8265909904325,0.10456431130499,0.06986431130499,2020.20846125683,2020.24316125683,266000000
894,895,0.000855516910300003,40.6801149489469,-73.9744694800102,40.6772807139006,-73.9804025913639,0.07068982821529,0.06983431130499,2020.20843125683,2020.20928677374,266000000
894,897,0.00119231750600002,40.6801149489469,-73.9744694800102,40.6773626037819,-73.9786972324838,0.07102662881099,0.06983431130499,2020.20843125683,2020.20962357434,266000000
895,896,0.00104448308999999,40.6772807139006,-73.9804025913639,40.6789185986607,-73.9851635317021,0.07173431130529,0.07068982821529,2020.20928677374,2020.21033125683,266000000
897,898,0.03079768249,40.6773626037819,-73.9786972324838,40.7156520277889,-73.9824529586379,0.10182431130099,0.07102662881099,2020.20962357434,2020.24042125683,266000000
899,901,0.000215169900599999,40.6659185712622,-73.9593573325341,40.6640095731049,-73.9597652817101,0.03828214189839,0.03806697199779,2020.17666391753,2020.17687908743,266000000
899,900,0.000537339307300017,40.6659185712622,-73.9593573325341,40.6662220948347,-73.9616853490295,0.03860431130509,0.03806697199779,2020.17666391753,2020.17720125683,266000000
901,902,0.000322169406700018,40.6640095731049,-73.9597652817101,40.6643437474619,-73.9595913781629,0.03860431130509,0.03828214189839,2020.17687908743,2020.17720125683,266000000
902,903,0.03224,40.6643437474619,-73.9595913781629,40.6652749035419,-73.9573885730184,0.07084431130509,0.03860431130509,2020.17720125683,2020.20944125683,266000000
904,905,0.000324905867000014,40.6865273408115,-73.9479413951723,40.6880056716771,-73.9444933446037,0.000718176813400001,0.000393270946399987,2020.13899021647,2020.13931512234,266000000
904,1301,0.00183740065900001,40.6865273408115,-73.9479413951723,40.687402303609,-73.9476851574979,0.0022306716054,0.000393270946399987,2020.13899021647,2020.14082761713,266000000
905,1296,0.001667722742,40.6880056716771,-73.9444933446037,40.6713112130699,-73.9703930036144,0.0023858995554,0.000718176813400001,2020.13931512234,2020.14098284508,266000000
905,906,0.00035580510210001,40.6880056716771,-73.9444933446037,40.6897974472223,-73.9456918748602,0.00107398191550001,0.000718176813400001,2020.13931512234,2020.13967092744,266000000
906,1290,0.00102376867099999,40.6897974472223,-73.9456918748602,40.6977291339158,-73.9476858619509,0.0020977505865,0.00107398191550001,2020.13967092744,2020.14069469611,266000000
906,907,0.000253166838499991,40.6897974472223,-73.9456918748602,40.6895473714752,-73.9448855080598,0.001327148754,0.00107398191550001,2020.13967092744,2020.13992409428,266000000
907,908,0.00135713026000001,40.6895473714752,-73.9448855080598,40.6912122812607,-73.9472922985663,0.00268427901400001,0.001327148754,2020.13992409428,2020.14128122454,266000000
907,916,0.000217636865600002,40.6895473714752,-73.9448855080598,40.6893891446434,-73.9416404671459,0.0015447856196,0.001327148754,2020.13992409428,2020.14014173115,266000000
908,912,0.05680339942,40.6912122812607,-73.9472922985663,40.6285683525875,-73.9565364433701,0.059487678434,0.00268427901400001,2020.14128122454,2020.19808462396,266000000
908,909,0.06458003229,40.6912122812607,-73.9472922985663,40.6922701454371,-73.8168876818597,0.067264311304,0.00268427901400001,2020.14128122454,2020.20586125683,266000000
909,910,0.00401999999999997,40.6922701454371,-73.8168876818597,40.6556676498056,-73.7423588996468,0.071284311304,0.067264311304,2020.20586125683,2020.20988125683,266000000
910,911,0.03328,40.6556676498056,-73.7423588996468,40.7220208712733,-73.9758106177847,0.104564311304,0.071284311304,2020.20988125683,2020.24316125683,266000000
912,913,0.0001066328655,40.6285683525875,-73.9565364433701,40.6306352345731,-73.9505997098405,0.0595943112995,0.059487678434,2020.19808462396,2020.19819125683,266000000
913,914,0.007451788259,40.6306352345731,-73.9505997098405,40.6254511472546,-73.9889232015094,0.0670460995585,0.0595943112995,2020.19819125683,2020.20564304509,266000000
914,915,0.002717622818,40.6254511472546,-73.9889232015094,40.6160871115202,-73.9956692637362,0.0697637223765,0.0670460995585,2020.20564304509,2020.2083606679,266000000
916,917,0.000976884170300008,40.6893891446434,-73.9416404671459,40.6917309470095,-73.9391169030768,0.00252166978990001,0.0015447856196,2020.14014173115,2020.14111861532,266000000
916,919,0.000289706000100004,40.6893891446434,-73.9416404671459,40.6920298906887,-73.9283741405241,0.00183449161970001,0.0015447856196,2020.14014173115,2020.14043143715,266000000
917,918,0.000432641512399995,40.6917309470095,-73.9391169030768,40.6398156199703,-73.9783460986683,0.00295431130230001,0.00252166978990001,2020.14111861532,2020.14155125683,266000000
919,920,0.00111981968299998,40.6920298906887,-73.9283741405241,40.6945378140058,-73.9249299435449,0.00295431130269999,0.00183449161970001,2020.14043143715,2020.14155125683,266000000
919,921,5.99806551299931e-05,40.6920298906887,-73.9283741405241,40.6928614908172,-73.9294987303887,0.00189447227483,0.00183449161970001,2020.14043143715,2020.1404914178,266000000
921,1260,0.000200182214700001,40.6928614908172,-73.9294987303887,40.6958003671952,-73.9299593631271,0.00209465448953,0.00189447227483,2020.1404914178,2020.14069160002,266000000
921,922,0.000480184666799999,40.6928614908172,-73.9294987303887,40.6899319987353,-73.9319962681393,0.00237465694163,0.00189447227483,2020.1404914178,2020.14097160247,266000000
922,926,0.01798965436,40.6899319987353,-73.9319962681393,40.7039103203772,-73.9411116781445,0.02036431130163,0.00237465694163,2020.14097160247,2020.15896125683,266000000
922,923,0.000175743398900002,40.6899319987353,-73.9319962681393,40.688436863606,-73.9320467151505,0.00255040034053,0.00237465694163,2020.14097160247,2020.14114734587,266000000
923,924,0.000242349167699996,40.688436863606,-73.9320467151505,40.6883647412371,-73.9326841843934,0.00279274950823,0.00255040034053,2020.14114734587,2020.14138969504,266000000
924,925,0.05442156179,40.6883647412371,-73.9326841843934,40.6180384488006,-73.9722944355992,0.05721431129823,0.00279274950823,2020.14138969504,2020.19581125683,266000000
926,927,0.02259,40.7039103203772,-73.9411116781445,40.7010113060574,-73.9360808357791,0.04295431130163,0.02036431130163,2020.15896125683,2020.18155125683,266000000
926,965,0.00191,40.7039103203772,-73.9411116781445,40.7005016509864,-73.9458149737879,0.02227431130163,0.02036431130163,2020.15896125683,2020.16087125683,266000000
927,949,0.003759523284,40.7010113060574,-73.9360808357791,40.7275871855323,-73.9254300781657,0.04671383458563,0.04295431130163,2020.18155125683,2020.18531078011,266000000
927,928,0.00234000000000001,40.7010113060574,-73.9360808357791,40.6737475176855,-73.951535354915,0.04529431130163,0.04295431130163,2020.18155125683,2020.18389125683,266000000
928,938,0.00220186777,40.6737475176855,-73.951535354915,40.674918325128,-73.9520503467391,0.04749617907163,0.04529431130163,2020.18389125683,2020.1860931246,266000000
928,929,0.00170000000000001,40.6737475176855,-73.951535354915,40.6783565713405,-73.9480711221613,0.04699431130163,0.04529431130163,2020.18389125683,2020.18559125683,266000000
929,930,0.01982387659,40.6783565713405,-73.9480711221613,40.7102655300021,-73.5989396137982,0.06681818789163,0.04699431130163,2020.18559125683,2020.20541513342,266000000
929,934,0.008504111461,40.6783565713405,-73.9480711221613,40.6743394900893,-73.9440040646595,0.05549842276263,0.04699431130163,2020.18559125683,2020.19409536829,266000000
930,931,0.000356123406200004,40.7102655300021,-73.5989396137982,40.7081864503085,-73.6004634538101,0.06717431129783,0.06681818789163,2020.20541513342,2020.20577125683,266000000
930,932,0.00200612340600001,40.7102655300021,-73.5989396137982,40.7090781293899,-73.582858483071,0.06882431129763,0.06681818789163,2020.20541513342,2020.20742125683,266000000
932,933,0.00141999999999998,40.7090781293899,-73.582858483071,40.7206899721711,-73.6193016938208,0.07024431129763,0.06882431129763,2020.20742125683,2020.20884125682,266000000
934,935,0.00812588853899998,40.6743394900893,-73.9440040646595,40.6979188940324,-73.9455023376216,0.06362431130163,0.05549842276263,2020.19409536829,2020.20222125683,266000000
935,936,0.00181000000000001,40.6979188940324,-73.9455023376216,40.6183353668116,-74.0211148418868,0.06543431130163,0.06362431130163,2020.20222125683,2020.20403125683,266000000
936,937,0.00360000000000002,40.6183353668116,-74.0211148418868,40.7637779256856,-73.9771038957919,0.06903431130163,0.06543431130163,2020.20403125683,2020.20763125683,266000000
938,940,0.00247813222999999,40.674918325128,-73.9520503467391,40.6492904373407,-73.9418666447847,0.04997431130163,0.04749617907163,2020.1860931246,2020.18857125683,266000000
938,939,0.01830813223,40.674918325128,-73.9520503467391,40.691089040232,-73.948666046072,0.06580431130163,0.04749617907163,2020.1860931246,2020.20440125683,266000000
940,943,0.00219,40.6492904373407,-73.9418666447847,40.6617152467023,-73.9271756098912,0.05216431130163,0.04997431130163,2020.18857125683,2020.19076125683,266000000
940,941,0.00899,40.6492904373407,-73.9418666447847,40.6624774894393,-73.925954221682,0.05896431130163,0.04997431130163,2020.18857125683,2020.19756125683,266000000
941,942,0.01158,40.6624774894393,-73.925954221682,40.6547423448719,-73.9323120461031,0.07054431130163,0.05896431130163,2020.19756125683,2020.20914125683,266000000
943,944,0.00733,40.6617152467023,-73.9271756098912,40.6764879034945,-73.9411491969257,0.05949431130163,0.05216431130163,2020.19076125683,2020.19809125683,266000000
943,947,0.0181,40.6617152467023,-73.9271756098912,40.6486054917787,-73.8736996359389,0.07026431130163,0.05216431130163,2020.19076125683,2020.20886125683,266000000
944,946,0.04767,40.6764879034945,-73.9411491969257,40.7332330624911,-73.8608155842942,0.10716431130163,0.05949431130163,2020.19809125683,2020.24576125683,266000000
944,945,0.01111,40.6764879034945,-73.9411491969257,40.6513663651722,-73.9178949301742,0.07060431130163,0.05949431130163,2020.19809125683,2020.20920125683,266000000
947,948,0.00931999999999999,40.6486054917787,-73.8736996359389,40.6422072352901,-73.8583102857529,0.07958431130163,0.07026431130163,2020.20886125683,2020.21818125683,266000000
949,950,0.00759252870999999,40.7275871855323,-73.9254300781657,40.7348579677446,-73.8955575244005,0.05430636329563,0.04671383458563,2020.18531078011,2020.19290330882,266000000
950,951,0.000369022102700012,40.7348579677446,-73.8955575244005,40.7339576231354,-73.8939055585359,0.05467538539833,0.05430636329563,2020.19290330882,2020.19327233093,266000000
950,956,0.00264651315799999,40.7348579677446,-73.8955575244005,40.723326758505,-73.995656243887,0.05695287645363,0.05430636329563,2020.19290330882,2020.19554982198,266000000
951,954,0.0154889259,40.7339576231354,-73.8939055585359,40.7311413308776,-73.8908759949125,0.07016431129833,0.05467538539833,2020.19327233093,2020.20876125683,266000000
951,952,0.000108925903099993,40.7339576231354,-73.8939055585359,40.7348722886503,-73.894112336279,0.05478431130143,0.05467538539833,2020.19327233093,2020.19338125683,266000000
952,953,0.01024,40.7348722886503,-73.894112336279,40.7267228973504,-73.8865923010664,0.06502431130143,0.05478431130143,2020.19338125683,2020.20362125683,266000000
954,955,0.03843,40.7311413308776,-73.8908759949125,40.6093581803708,-74.0284726639603,0.10859431129833,0.07016431129833,2020.20876125683,2020.24719125683,266000000
956,959,0.000208307302900002,40.723326758505,-73.995656243887,40.7238388171867,-73.9972364834714,0.05716118375653,0.05695287645363,2020.19554982198,2020.19575812928,266000000
956,957,0.03589143485,40.723326758505,-73.995656243887,40.748473630756,-74.0095526988201,0.09284431130363,0.05695287645363,2020.19554982198,2020.23144125683,266000000
957,958,0.0117,40.748473630756,-74.0095526988201,40.7393547594614,-74.0113488130739,0.10454431130363,0.09284431130363,2020.23144125683,2020.24314125683,266000000
959,964,0.01371312755,40.7238388171867,-73.9972364834714,40.7331191063242,-74.002582364154,0.07087431130653,0.05716118375653,2020.19575812928,2020.20947125683,266000000
959,960,0.00022312754540002,40.7238388171867,-73.9972364834714,40.7228187945748,-73.9974858010757,0.05738431130193,0.05716118375653,2020.19575812928,2020.19598125683,266000000
960,962,0.01281390512,40.7228187945748,-73.9974858010757,40.7180885208893,-74.0034058748361,0.07019821642193,0.05738431130193,2020.19598125683,2020.20879516195,266000000
960,961,0.00925197944199999,40.7228187945748,-73.9974858010757,40.7215095662996,-73.9977933509889,0.06663629074393,0.05738431130193,2020.19598125683,2020.20523323627,266000000
962,963,0.000176094876100014,40.7180885208893,-74.0034058748361,40.7187471569965,-74.0016276256617,0.07037431129803,0.07019821642193,2020.20879516195,2020.20897125683,266000000
965,1093,0.00555,40.7005016509864,-73.9458149737879,40.7029770950812,-73.9464546921159,0.02782431130163,0.02227431130163,2020.16087125683,2020.16642125683,266000000
965,966,0.00198000000000001,40.7005016509864,-73.9458149737879,40.698330658257,-73.9489888172697,0.02425431130163,0.02227431130163,2020.16087125683,2020.16285125683,266000000
966,967,0.002,40.698330658257,-73.9489888172697,40.7553993568778,-73.787902043605,0.02625431130163,0.02425431130163,2020.16285125683,2020.16485125683,266000000
966,988,0.02007,40.698330658257,-73.9489888172697,40.7090261050136,-73.9643098398983,0.04432431130163,0.02425431130163,2020.16285125683,2020.18292125683,266000000
967,973,0.02284,40.7553993568778,-73.787902043605,40.7018793783914,-73.7189226065658,0.04909431130163,0.02625431130163,2020.16485125683,2020.18769125683,266000000
967,968,0.03410534237,40.7553993568778,-73.787902043605,40.7063368447515,-73.6121897128562,0.06035965367163,0.02625431130163,2020.16485125683,2020.1989565992,266000000
968,972,0.000259680189099998,40.7063368447515,-73.6121897128562,40.7079540781521,-73.6177477235293,0.06061933386073,0.06035965367163,2020.1989565992,2020.19921627939,266000000
968,969,0.000619229285500011,40.7063368447515,-73.6121897128562,40.7088296963007,-73.6156239360149,0.06097888295713,0.06035965367163,2020.1989565992,2020.19957582848,266000000
969,970,8.54283444999826e-05,40.7088296963007,-73.6156239360149,40.7090941639228,-73.6143243683933,0.06106431130163,0.06097888295713,2020.19957582848,2020.19966125683,266000000
970,971,0.01071,40.7090941639228,-73.6143243683933,40.7085295737976,-73.6118114772114,0.07177431130163,0.06106431130163,2020.19966125683,2020.21037125683,266000000
973,974,0.00187999999999999,40.7018793783914,-73.7189226065658,40.6899162945908,-73.7232210686269,0.05097431130163,0.04909431130163,2020.18769125683,2020.18957125683,266000000
974,983,0.00152646231600001,40.6899162945908,-73.7232210686269,40.6951159541154,-73.7207122084884,0.05250077361763,0.05097431130163,2020.18957125683,2020.19109771914,266000000
974,975,0.01949,40.6899162945908,-73.7232210686269,40.7275261244406,-73.8494062008511,0.07046431130163,0.05097431130163,2020.18957125683,2020.20906125683,266000000
975,980,0.000215462627800006,40.7275261244406,-73.8494062008511,40.7282546269117,-73.8489565360141,0.07067977392943,0.07046431130163,2020.20906125683,2020.20927671946,266000000
975,976,0.000128473581600008,40.7275261244406,-73.8494062008511,40.7239006349639,-73.8579429284081,0.07059278488323,0.07046431130163,2020.20906125683,2020.20918973041,266000000
976,978,0.000151526418399994,40.7239006349639,-73.8579429284081,40.7044297533938,-73.8972662301135,0.07074431130163,0.07059278488323,2020.20918973041,2020.20934125683,266000000
976,977,0.000151526418399994,40.7239006349639,-73.8579429284081,40.7044297533938,-73.8972662301135,0.07074431130163,0.07059278488323,2020.20918973041,2020.20934125683,266000000
978,979,0.03381,40.7044297533938,-73.8972662301135,40.711062801189,-73.8494444762588,0.10455431130163,0.07074431130163,2020.20934125683,2020.24315125683,266000000
980,981,6.45373722099885e-05,40.7282546269117,-73.8489565360141,40.7011879383389,-73.8391860509075,0.07074431130164,0.07067977392943,2020.20927671946,2020.20934125683,266000000
980,982,0.03387453737,40.7282546269117,-73.8489565360141,40.8942622646291,-73.8488181588788,0.10455431129943,0.07067977392943,2020.20927671946,2020.24315125683,266000000
983,984,0.000313537684100001,40.6951159541154,-73.7207122084884,40.6934070615469,-73.721673842267,0.05281431130173,0.05250077361763,2020.19109771914,2020.19141125683,266000000
983,986,0.01203724119,40.6951159541154,-73.7207122084884,40.7102540154973,-73.7169921408995,0.06453801480763,0.05250077361763,2020.19109771914,2020.20313496033,266000000
984,985,0.01622,40.6934070615469,-73.721673842267,40.7239400244993,-73.6909594482727,0.06903431130173,0.05281431130173,2020.19141125683,2020.20763125683,266000000
986,987,0.000121506573000002,40.7102540154973,-73.7169921408995,40.7078361480093,-73.7161551694978,0.06465952138063,0.06453801480763,2020.20313496033,2020.20325646691,266000000
988,1005,0.00184000000000001,40.7090261050136,-73.9643098398983,40.6937041499441,-73.9754134422892,0.04616431130163,0.04432431130163,2020.18292125683,2020.18476125683,266000000
988,989,0.00774,40.7090261050136,-73.9643098398983,40.721971619515,-73.9797537993056,0.05206431130163,0.04432431130163,2020.18292125683,2020.19066125683,266000000
989,990,0.00806182867899999,40.721971619515,-73.9797537993056,40.7162292444043,-73.9793632077216,0.06012613998063,0.05206431130163,2020.19066125683,2020.19872308551,266000000
989,1001,0.00980973863500001,40.721971619515,-73.9797537993056,40.715108704268,-73.9574138662987,0.06187404993663,0.05206431130163,2020.19066125683,2020.20047099546,266000000
990,996,0.000562033826100011,40.7162292444043,-73.9793632077216,40.7047701007132,-73.9776292903059,0.06068817380673,0.06012613998063,2020.19872308551,2020.19928511933,266000000
990,991,0.000215614952100013,40.7162292444043,-73.9793632077216,40.7157243004897,-73.9800172047897,0.06034175493273,0.06012613998063,2020.19872308551,2020.19893870046,266000000
991,992,0.000372394024200001,40.7157243004897,-73.9800172047897,40.7598860101297,-73.9289460640561,0.06071414895693,0.06034175493273,2020.19893870046,2020.19931109448,266000000
991,994,0.00044193154979999,40.7157243004897,-73.9800172047897,40.7138708441928,-73.9753910743781,0.06078368648253,0.06034175493273,2020.19893870046,2020.19938063201,266000000
992,993,0.000370162345100011,40.7598860101297,-73.9289460640561,40.5877107437918,-74.0081289312086,0.06108431130203,0.06071414895693,2020.19931109448,2020.19968125683,266000000
994,995,0.000300624819599998,40.7138708441928,-73.9753910743781,40.7169707809035,-73.9645019283471,0.06108431130213,0.06078368648253,2020.19938063201,2020.19968125683,266000000
996,1000,9.15920788800151e-05,40.7047701007132,-73.9776292903059,40.704631382782,-73.9780715781934,0.06077976588561,0.06068817380673,2020.19928511933,2020.19937671141,266000000
996,997,0.000314425302299998,40.7047701007132,-73.9776292903059,40.7034709632967,-73.979053680411,0.06100259910903,0.06068817380673,2020.19928511933,2020.19959954464,266000000
997,999,8.17121931500076e-05,40.7034709632967,-73.979053680411,40.7037101691614,-73.9789176674429,0.06108431130218,0.06100259910903,2020.19959954464,2020.19968125683,266000000
997,998,8.17121931500076e-05,40.7034709632967,-73.979053680411,40.7037101691614,-73.9789176674429,0.06108431130218,0.06100259910903,2020.19959954464,2020.19968125683,266000000
1001,1002,0.00019026136530001,40.715108704268,-73.9574138662987,40.7128472497166,-73.961477049989,0.06206431130193,0.06187404993663,2020.20047099546,2020.20066125683,266000000
1002,1003,0.00777035505699997,40.7128472497166,-73.961477049989,40.7356109487141,-73.9590526864998,0.06983466635893,0.06206431130193,2020.20066125683,2020.20843161189,266000000
1003,1004,0.00125964494300002,40.7356109487141,-73.9590526864998,40.7359756080014,-73.9604886765554,0.07109431130193,0.06983466635893,2020.20843161189,2020.20969125683,266000000
1005,1006,0.00178999999999999,40.6937041499441,-73.9754134422892,40.6857306872254,-73.9914455112338,0.04795431130163,0.04616431130163,2020.18476125683,2020.18655125683,266000000
1006,1007,0.000927071103100002,40.6857306872254,-73.9914455112338,40.6841428500866,-73.9932867277915,0.04888138240473,0.04795431130163,2020.18655125683,2020.18747832793,266000000
1006,1052,0.00554000000000002,40.6857306872254,-73.9914455112338,40.66824976495,-74.0069140557785,0.05349431130163,0.04795431130163,2020.18655125683,2020.19209125683,266000000
1007,1008,0.00277292889700001,40.6841428500866,-73.9932867277915,40.6878614391861,-73.9829165581226,0.05165431130173,0.04888138240473,2020.18747832793,2020.19025125683,266000000
1008,1009,0.01859,40.6878614391861,-73.9829165581226,40.6857830603411,-73.9966915378451,0.07024431130173,0.05165431130173,2020.19025125683,2020.20884125683,266000000
1008,1014,0.01833,40.6878614391861,-73.9829165581226,40.7017957323748,-73.9534518276807,0.06998431130173,0.05165431130173,2020.19025125683,2020.20858125683,266000000
1009,1012,0.000689999999999996,40.6857830603411,-73.9966915378451,40.6875957194286,-73.990107088717,0.07093431130173,0.07024431130173,2020.20884125683,2020.20953125683,266000000
1009,1010,0.000340000000000007,40.6857830603411,-73.9966915378451,40.6828875827336,-74.0041494465629,0.07058431130173,0.07024431130173,2020.20884125683,2020.20918125683,266000000
1010,1011,0.00084999999999999,40.6828875827336,-74.0041494465629,40.6805336967544,-74.0054522809537,0.07143431130173,0.07058431130173,2020.20918125683,2020.21003125683,266000000
1012,1013,0.00048999999999999,40.6875957194286,-73.990107088717,40.6873957692645,-73.9923431183025,0.07142431130173,0.07093431130173,2020.20953125683,2020.21002125683,266000000
1014,1016,0.000920000000000004,40.7017957323748,-73.9534518276807,40.7052829909566,-73.9453895391453,0.07090431130173,0.06998431130173,2020.20858125683,2020.20950125683,266000000
1014,1015,0.000450000000000006,40.7017957323748,-73.9534518276807,40.715808385919,-73.960216263913,0.07043431130173,0.06998431130173,2020.20858125683,2020.20903125683,266000000
1016,1017,3.00000000000022e-05,40.7052829909566,-73.9453895391453,40.7057992068095,-73.9452951708814,0.07093431130173,0.07090431130173,2020.20950125683,2020.20953125683,266000000
1016,1027,0.02516,40.7052829909566,-73.9453895391453,40.7137831139607,-73.9580867673134,0.09606431130173,0.07090431130173,2020.20950125683,2020.23466125683,266000000
1017,1018,0.03078,40.7057992068095,-73.9452951708814,40.6851811912796,-73.9506794601516,0.10171431130173,0.07093431130173,2020.20953125683,2020.24031125683,266000000
1018,1019,0.00494014863,40.6851811912796,-73.9506794601516,40.6904780370117,-73.9502763836573,0.10665445993173,0.10171431130173,2020.24031125683,2020.24525140546,266000000
1018,1023,0.00185,40.6851811912796,-73.9506794601516,40.6991266344585,-73.938992722361,0.10356431130173,0.10171431130173,2020.24031125683,2020.24216125683,266000000
1019,1020,0.000319851369599999,40.6904780370117,-73.9502763836573,40.6893248624807,-73.9508576475915,0.10697431130133,0.10665445993173,2020.24525140546,2020.24557125683,266000000
1020,1021,0.00025,40.6893248624807,-73.9508576475915,40.6881675247812,-73.969291727527,0.10722431130133,0.10697431130133,2020.24557125683,2020.24582125683,266000000
1020,1022,0.00018,40.6893248624807,-73.9508576475915,40.689618845642,-73.9543609206433,0.10715431130133,0.10697431130133,2020.24557125683,2020.24575125683,266000000
1023,1025,0.000609999999999999,40.6991266344585,-73.938992722361,40.7004413951926,-73.9352689041228,0.10417431130173,0.10356431130173,2020.24216125683,2020.24277125683,266000000
1023,1024,0.00408,40.6991266344585,-73.938992722361,40.7048126752198,-73.9459021569705,0.10764431130173,0.10356431130173,2020.24216125683,2020.24624125683,266000000
1025,1026,0.00269529341700001,40.7004413951926,-73.9352689041228,40.6972684368453,-73.9413197148049,0.10686960471873,0.10417431130173,2020.24277125683,2020.24546655025,266000000
1027,1028,0.00677,40.7137831139607,-73.9580867673134,40.6873602078859,-73.9549610133105,0.10283431130173,0.09606431130173,2020.23466125683,2020.24143125683,266000000
1027,1040,0.00262,40.7137831139607,-73.9580867673134,40.7124906242138,-73.9710313158612,0.09868431130173,0.09606431130173,2020.23466125683,2020.23728125683,266000000
1028,1029,0.00322,40.6873602078859,-73.9549610133105,40.6733039052436,-73.9583554428747,0.10605431130173,0.10283431130173,2020.24143125683,2020.24465125683,266000000
1028,1034,0.00183,40.6873602078859,-73.9549610133105,40.7441350749839,-73.9915079752621,0.10466431130173,0.10283431130173,2020.24143125683,2020.24326125683,266000000
1029,1032,0.000338332090099994,40.6733039052436,-73.9583554428747,40.6630532318781,-73.9530294765447,0.10639264339183,0.10605431130173,2020.24465125683,2020.24498958892,266000000
1029,1030,0.000607820819000002,40.6733039052436,-73.9583554428747,40.6351713449759,-73.9546656122923,0.10666213212073,0.10605431130173,2020.24465125683,2020.24525907765,266000000
1030,1031,2.21791810299937e-05,40.6351713449759,-73.9546656122923,40.6279483944373,-74.0193339728984,0.10668431130176,0.10666213212073,2020.24525907765,2020.24528125683,266000000
1032,1033,0.000291667909899998,40.6630532318781,-73.9530294765447,40.6643475146214,-73.954039565053,0.10668431130173,0.10639264339183,2020.24498958892,2020.24528125683,266000000
1034,1037,0.00183,40.7441350749839,-73.9915079752621,40.7441350749839,-73.9915079752621,0.10649431130173,0.10466431130173,2020.24326125683,2020.24509125683,266000000
1034,1035,0.00173601298999999,40.7441350749839,-73.9915079752621,40.6762025288908,-73.9527581292142,0.10640032429173,0.10466431130173,2020.24326125683,2020.24499726982,266000000
1035,1036,0.000283987010199993,40.6762025288908,-73.9527581292142,40.6620317521801,-73.9502731746167,0.10668431130193,0.10640032429173,2020.24499726982,2020.24528125683,266000000
1037,1038,7.99999999999967e-05,40.7441350749839,-73.9915079752621,40.7441191950115,-73.9913117319343,0.10657431130173,0.10649431130173,2020.24509125683,2020.24517125683,266000000
1037,1039,0.000469999999999998,40.7441350749839,-73.9915079752621,40.7366317622027,-74.0014032919624,0.10696431130173,0.10649431130173,2020.24509125683,2020.24556125683,266000000
1040,1041,0.00201999999999999,40.7124906242138,-73.9710313158612,40.7379816445111,-73.9618980036396,0.10070431130173,0.09868431130173,2020.23728125683,2020.23930125683,266000000
1040,1045,0.00201999999999999,40.7124906242138,-73.9710313158612,40.7379816445111,-73.9618980036396,0.10070431130173,0.09868431130173,2020.23728125683,2020.23930125683,266000000
1041,1044,0.003838488546,40.7379816445111,-73.9618980036396,40.735573095418,-73.9761984595602,0.10454279984773,0.10070431130173,2020.23930125683,2020.24313974537,266000000
1041,1042,0.00196,40.7379816445111,-73.9618980036396,40.7212716050268,-73.9804610051955,0.10266431130173,0.10070431130173,2020.23930125683,2020.24126125683,266000000
1042,1043,0.001856630712,40.7212716050268,-73.9804610051955,40.7211417179488,-73.9805560180678,0.10452094201373,0.10266431130173,2020.24126125683,2020.24311788754,266000000
1045,1046,0.00196,40.7379816445111,-73.9618980036396,40.7212716050268,-73.9804610051955,0.10266431130173,0.10070431130173,2020.23930125683,2020.24126125683,266000000
1045,1049,0.00196,40.7379816445111,-73.9618980036396,40.7212716050268,-73.9804610051955,0.10266431130173,0.10070431130173,2020.23930125683,2020.24126125683,266000000
1046,1048,0.00181222966,40.7212716050268,-73.9804610051955,40.7306911623496,-73.7555332094272,0.10447654096173,0.10266431130173,2020.24126125683,2020.24307348649,266000000
1046,1047,0.001750155263,40.7212716050268,-73.9804610051955,40.7223980782308,-73.9461730034144,0.10441446656473,0.10266431130173,2020.24126125683,2020.24301141209,266000000
1049,1050,0.00190708728,40.7212716050268,-73.9804610051955,40.7646854091392,-73.9118823392889,0.10457139858173,0.10266431130173,2020.24126125683,2020.24316834411,266000000
1049,1051,0.001532636918,40.7212716050268,-73.9804610051955,40.7118382612377,-73.9678376145854,0.10419694821973,0.10266431130173,2020.24126125683,2020.24279389375,266000000
1052,1062,0.00177999999999998,40.66824976495,-74.0069140557785,40.6701861741005,-74.0007291701097,0.05527431130163,0.05349431130163,2020.19209125683,2020.19387125683,266000000
1052,1053,0.0111842899,40.66824976495,-74.0069140557785,40.6840988444849,-73.981111066996,0.06467860120163,0.05349431130163,2020.19209125683,2020.20327554673,266000000
1053,1054,0.00016571009800001,40.6840988444849,-73.981111066996,40.7003744972707,-73.9215864000653,0.06484431129963,0.06467860120163,2020.20327554673,2020.20344125683,266000000
1053,1055,0.00211845928900001,40.6840988444849,-73.981111066996,40.6931736504444,-73.9857111795965,0.06679706049063,0.06467860120163,2020.20327554673,2020.20539400602,266000000
1055,1056,0.00283439099499999,40.6931736504444,-73.9857111795965,40.5967110126193,-74.0218615900645,0.06963145148563,0.06679706049063,2020.20539400602,2020.20822839701,266000000
1056,1057,0.00011285981380002,40.5967110126193,-74.0218615900645,40.59915081751,-74.020764815537,0.06974431129943,0.06963145148563,2020.20822839701,2020.20834125683,266000000
1057,1058,0.02116,40.59915081751,-74.020764815537,40.602592984667,-74.0248452867749,0.09090431129943,0.06974431129943,2020.20834125683,2020.22950125683,266000000
1057,1060,0.02116,40.59915081751,-74.020764815537,40.602592984667,-74.0248452867749,0.09090431129943,0.06974431129943,2020.20834125683,2020.22950125683,266000000
1058,1059,0.01839,40.602592984667,-74.0248452867749,40.6076443333166,-74.0149948023679,0.10929431129943,0.09090431129943,2020.22950125683,2020.24789125683,266000000
1060,1061,0.01831,40.602592984667,-74.0248452867749,40.6495385667773,-73.9884887607096,0.10921431129943,0.09090431129943,2020.22950125683,2020.24781125683,266000000
1062,1067,0.00190000000000001,40.6701861741005,-74.0007291701097,40.66392821942,-73.9960005424914,0.05717431130163,0.05527431130163,2020.19387125683,2020.19577125683,266000000
1062,1063,0.0055,40.6701861741005,-74.0007291701097,40.7626237485263,-73.9491024096509,0.06077431130163,0.05527431130163,2020.19387125683,2020.19937125683,266000000
1063,1065,0.00459000000000001,40.7626237485263,-73.9491024096509,40.7602099789238,-73.955019855631,0.06536431130163,0.06077431130163,2020.19937125683,2020.20396125683,266000000
1063,1064,0.01063,40.7626237485263,-73.9491024096509,40.7564568714583,-73.9465751075358,0.07140431130163,0.06077431130163,2020.19937125683,2020.21000125683,266000000
1065,1066,0.00175999999999998,40.7602099789238,-73.955019855631,40.750665539222,-73.9637021311507,0.06712431130163,0.06536431130163,2020.20396125683,2020.20572125683,266000000
1067,1068,0.0139050976,40.66392821942,-73.9960005424914,40.6295038600597,-73.9720033566154,0.07107940890163,0.05717431130163,2020.19577125683,2020.20967635443,266000000
1068,1069,3.49024005600052e-05,40.6295038600597,-73.9720033566154,40.6281873030719,-73.9708235344206,0.07111431130219,0.07107940890163,2020.20967635443,2020.20971125683,266000000
1069,1070,0.02757,40.6281873030719,-73.9708235344206,40.6444507387291,-73.9649298466672,0.09868431130219,0.07111431130219,2020.20971125683,2020.23728125683,266000000
1069,1082,0.000459999999999988,40.6281873030719,-73.9708235344206,40.6295293208028,-73.970009846821,0.07157431130219,0.07111431130219,2020.20971125683,2020.21017125683,266000000
1070,1076,0.002,40.6444507387291,-73.9649298466672,40.7553993568778,-73.787902043605,0.10068431130219,0.09868431130219,2020.23728125683,2020.23928125683,266000000
1070,1071,0.00717,40.6444507387291,-73.9649298466672,40.6282623914425,-73.9968738495114,0.10585431130219,0.09868431130219,2020.23728125683,2020.24445125683,266000000
1071,1072,0.000820000000000001,40.6282623914425,-73.9968738495114,40.6232798364645,-73.9738171710813,0.10667431130219,0.10585431130219,2020.24445125683,2020.24527125683,266000000
1071,1073,0.00192000000000001,40.6282623914425,-73.9968738495114,40.6127844438142,-73.9447709337473,0.10777431130219,0.10585431130219,2020.24445125683,2020.24637125683,266000000
1073,1075,0.00201,40.6127844438142,-73.9447709337473,40.6395065878816,-74.0324260089254,0.10978431130219,0.10777431130219,2020.24637125683,2020.24838125683,266000000
1073,1074,0.000829999999999997,40.6127844438142,-73.9447709337473,40.6236722260692,-73.9814711939223,0.10860431130219,0.10777431130219,2020.24637125683,2020.24720125683,266000000
1076,1079,0.00631,40.7553993568778,-73.787902043605,40.6340706322471,-73.9762371872818,0.10699431130219,0.10068431130219,2020.23928125683,2020.24559125683,266000000
1076,1077,0.00196,40.7553993568778,-73.787902043605,40.7212716050268,-73.9804610051955,0.10264431130219,0.10068431130219,2020.23928125683,2020.24124125683,266000000
1077,1078,0.00192000000000001,40.7212716050268,-73.9804610051955,40.6127844438142,-73.9447709337473,0.10456431130219,0.10264431130219,2020.24124125683,2020.24316125683,266000000
1079,1080,0.000240000000000004,40.6340706322471,-73.9762371872818,40.6335936863803,-73.9759442699952,0.10723431130219,0.10699431130219,2020.24559125683,2020.24583125683,266000000
1080,1081,0.000710000000000002,40.6335936863803,-73.9759442699952,40.626792049461,-73.9581919126896,0.10794431130219,0.10723431130219,2020.24583125683,2020.24654125683,266000000
1082,1085,0.03398,40.6295293208028,-73.970009846821,40.6210409031219,-73.9810998051314,0.10555431130219,0.07157431130219,2020.21017125683,2020.24415125683,266000000
1082,1083,0.03711054016,40.6295293208028,-73.970009846821,40.7165823683086,-73.9815820190226,0.10868485146219,0.07157431130219,2020.21017125683,2020.24728179699,266000000
1083,1084,0.0003794598417,40.7165823683086,-73.9815820190226,40.8124164988911,-73.9199448330333,0.10906431130389,0.10868485146219,2020.24728179699,2020.24766125683,266000000
1085,1086,0.00146,40.6210409031219,-73.9810998051314,40.6367957817894,-73.9744727281554,0.10701431130219,0.10555431130219,2020.24415125683,2020.24561125683,266000000
1085,1088,0.002623656315,40.6210409031219,-73.9810998051314,40.6204270956479,-73.9589210299435,0.10817796761719,0.10555431130219,2020.24415125683,2020.24677491314,266000000
1086,1087,0.00233,40.6367957817894,-73.9744727281554,40.6296807940535,-73.9718717725902,0.10934431130219,0.10701431130219,2020.24561125683,2020.24794125683,266000000
1088,1089,0.000146343684599995,40.6204270956479,-73.9589210299435,40.6740991788925,-73.5825920290031,0.10832431130179,0.10817796761719,2020.24677491314,2020.24692125683,266000000
1088,1092,3.49222091200058e-05,40.6204270956479,-73.9589210299435,40.620749919489,-73.9591114172191,0.10821288982631,0.10817796761719,2020.24677491314,2020.24680983535,266000000
1089,1090,0.000229999999999994,40.6740991788925,-73.5825920290031,40.6769563710949,-73.5952566047904,0.10855431130179,0.10832431130179,2020.24692125683,2020.24715125683,266000000
1089,1091,0.000229999999999994,40.6740991788925,-73.5825920290031,40.6769563710949,-73.5952566047904,0.10855431130179,0.10832431130179,2020.24692125683,2020.24715125683,266000000
1093,1094,0.01925,40.7029770950812,-73.9464546921159,40.7134744662125,-73.939257421317,0.04707431130163,0.02782431130163,2020.16642125683,2020.18567125683,266000000
1093,1135,0.00536,40.7029770950812,-73.9464546921159,40.6744141095382,-73.9604792194172,0.03318431130163,0.02782431130163,2020.16642125683,2020.17178125683,266000000
1094,1109,0.00180000000000002,40.7134744662125,-73.939257421317,40.6917431470425,-73.939831902127,0.04887431130163,0.04707431130163,2020.18567125683,2020.18747125683,266000000
1094,1095,0.0199068484,40.7134744662125,-73.939257421317,40.7100911325372,-73.9564052111632,0.06698115970163,0.04707431130163,2020.18567125683,2020.20557810523,266000000
1095,1096,0.00426068290999998,40.7100911325372,-73.9564052111632,40.6165170861021,-73.9410486269969,0.07124184261163,0.06698115970163,2020.20557810523,2020.20983878814,266000000
1095,1098,0.002346190724,40.7100911325372,-73.9564052111632,40.7110797849649,-73.9583171802984,0.06932735042563,0.06698115970163,2020.20557810523,2020.20792429595,266000000
1096,1097,3.24686907900162e-05,40.6165170861021,-73.9410486269969,40.6169376759545,-73.9456748129732,0.07127431130242,0.07124184261163,2020.20983878814,2020.20987125683,266000000
1098,1104,0.000364464274100001,40.7110797849649,-73.9583171802984,40.7122526757538,-73.9647615753343,0.06969181469973,0.06932735042563,2020.20792429595,2020.20828876023,266000000
1098,1099,0.000856861353299987,40.7110797849649,-73.9583171802984,40.7113798098662,-73.9587367355723,0.07018421177893,0.06932735042563,2020.20792429595,2020.20878115731,266000000
1099,1100,0.000775731914199995,40.7113798098662,-73.9587367355723,40.7115962683857,-73.9587994260222,0.07095994369313,0.07018421177893,2020.20878115731,2020.20955688922,266000000
1100,1101,4.47211548901261e-06,40.7115962683857,-73.9587994260222,40.7105817986671,-73.9578690908037,0.070964415808619,0.07095994369313,2020.20955688922,2020.20956136134,266000000
1100,1103,0.000104367609100015,40.7115962683857,-73.9587994260222,40.7114376919214,-73.9597614766903,0.07106431130223,0.07095994369313,2020.20955688922,2020.20966125683,266000000
1101,1102,9.98954935799989e-05,40.7105817986671,-73.9578690908037,40.7109796258582,-73.9766838262579,0.071064311302199,0.070964415808619,2020.20956136134,2020.20966125683,266000000
1104,1105,0.000343438560099996,40.7122526757538,-73.9647615753343,40.7140045475779,-73.9658511007041,0.07003525325983,0.06969181469973,2020.20828876023,2020.20863219879,266000000
1104,1108,0.00118249660200001,40.7122526757538,-73.9647615753343,40.7172029005622,-73.9621223127359,0.07087431130173,0.06969181469973,2020.20828876023,2020.20947125683,266000000
1105,1106,0.000370840511000003,40.7140045475779,-73.9658511007041,40.7120703174003,-73.9674009220632,0.07040609377083,0.07003525325983,2020.20863219879,2020.2090030393,266000000
1105,1107,0.00125905804199999,40.7140045475779,-73.9658511007041,40.7104169066374,-73.9642418108564,0.07129431130183,0.07003525325983,2020.20863219879,2020.20989125683,266000000
1109,1110,0.02111785671,40.6917431470425,-73.939831902127,40.7320738440652,-73.935559960255,0.06999216801163,0.04887431130163,2020.18747125683,2020.20858911354,266000000
1109,1115,0.01568,40.6917431470425,-73.939831902127,40.7487682051945,-73.9623407978467,0.06455431130163,0.04887431130163,2020.18747125683,2020.20315125683,266000000
1110,1113,0.000362143292000017,40.7320738440652,-73.935559960255,40.7312785353093,-73.9314696550146,0.07035431130363,0.06999216801163,2020.20858911354,2020.20895125683,266000000
1110,1111,0.000362143292000017,40.7320738440652,-73.935559960255,40.7312785353093,-73.9314696550146,0.07035431130363,0.06999216801163,2020.20858911354,2020.20895125683,266000000
1111,1112,0.000769999999999993,40.7312785353093,-73.9314696550146,40.7320050490617,-73.9299797404866,0.07112431130363,0.07035431130363,2020.20895125683,2020.20972125683,266000000
1113,1114,0.000769999999999993,40.7312785353093,-73.9314696550146,40.7320050490617,-73.9299797404866,0.07112431130363,0.07035431130363,2020.20895125683,2020.20972125683,266000000
1115,1116,0.00175,40.7487682051945,-73.9623407978467,40.6979340924835,-73.9211664299921,0.06630431130163,0.06455431130163,2020.20315125683,2020.20490125683,266000000
1115,1124,0.00175,40.7487682051945,-73.9623407978467,40.6979340924835,-73.9211664299921,0.06630431130163,0.06455431130163,2020.20315125683,2020.20490125683,266000000
1116,1119,0.00175,40.6979340924835,-73.9211664299921,40.6979340924835,-73.9211664299921,0.06805431130163,0.06630431130163,2020.20490125683,2020.20665125683,266000000
1116,1117,0.00489000000000001,40.6979340924835,-73.9211664299921,40.7441880148776,-73.9733852241135,0.07119431130163,0.06630431130163,2020.20490125683,2020.20979125683,266000000
1117,1118,0.03285,40.7441880148776,-73.9733852241135,40.7372052357997,-73.9888623248685,0.10404431130163,0.07119431130163,2020.20979125683,2020.24264125683,266000000
1119,1121,0.00181000000000001,40.6979340924835,-73.9211664299921,40.6183353668116,-74.0211148418868,0.06986431130163,0.06805431130163,2020.20665125683,2020.20846125683,266000000
1119,1120,0.00226999999999999,40.6979340924835,-73.9211664299921,40.5716563027702,-74.0274477285062,0.07032431130163,0.06805431130163,2020.20665125683,2020.20892125683,266000000
1121,1123,0.000640000000000002,40.6183353668116,-74.0211148418868,40.7359409343666,-73.9798408994752,0.07050431130163,0.06986431130163,2020.20846125683,2020.20910125683,266000000
1121,1122,0.00192000000000001,40.6183353668116,-74.0211148418868,40.6127844438142,-73.9447709337473,0.07178431130163,0.06986431130163,2020.20846125683,2020.21038125683,266000000
1124,1130,0.00175,40.6979340924835,-73.9211664299921,40.6979340924835,-73.9211664299921,0.06805431130163,0.06630431130163,2020.20490125683,2020.20665125683,266000000
1124,1125,0.00175,40.6979340924835,-73.9211664299921,40.6979340924835,-73.9211664299921,0.06805431130163,0.06630431130163,2020.20490125683,2020.20665125683,266000000
1125,1126,0.00372999999999998,40.6979340924835,-73.9211664299921,40.7839711326425,-73.9752802792755,0.07178431130163,0.06805431130163,2020.20665125683,2020.21038125683,266000000
1125,1127,0.00181000000000001,40.6979340924835,-73.9211664299921,40.6183353668116,-74.0211148418868,0.06986431130163,0.06805431130163,2020.20665125683,2020.20846125683,266000000
1127,1128,0.00192000000000001,40.6183353668116,-74.0211148418868,40.6127844438142,-73.9447709337473,0.07178431130163,0.06986431130163,2020.20846125683,2020.21038125683,266000000
1127,1129,0.00192000000000001,40.6183353668116,-74.0211148418868,40.6127844438142,-73.9447709337473,0.07178431130163,0.06986431130163,2020.20846125683,2020.21038125683,266000000
1130,1132,0.00181000000000001,40.6979340924835,-73.9211664299921,40.6183353668116,-74.0211148418868,0.06986431130163,0.06805431130163,2020.20665125683,2020.20846125683,266000000
1130,1131,0.00372999999999998,40.6979340924835,-73.9211664299921,40.7839711326425,-73.9752802792755,0.07178431130163,0.06805431130163,2020.20665125683,2020.21038125683,266000000
1132,1134,0.00192000000000001,40.6183353668116,-74.0211148418868,40.6127844438142,-73.9447709337473,0.07178431130163,0.06986431130163,2020.20846125683,2020.21038125683,266000000
1132,1133,0.00192000000000001,40.6183353668116,-74.0211148418868,40.6127844438142,-73.9447709337473,0.07178431130163,0.06986431130163,2020.20846125683,2020.21038125683,266000000
1135,1136,0.00200999999999998,40.6744141095382,-73.9604792194172,40.6776570986602,-73.9457083805083,0.03519431130163,0.03318431130163,2020.17178125683,2020.17379125683,266000000
1135,1184,0.00957,40.6744141095382,-73.9604792194172,40.6711784156364,-73.9568815914064,0.04275431130163,0.03318431130163,2020.17178125683,2020.18135125683,266000000
1136,1137,0.01898216906,40.6776570986602,-73.9457083805083,40.646141438807,-73.9641880398806,0.05417648036163,0.03519431130163,2020.17379125683,2020.19277342589,266000000
1136,1151,0.02379,40.6776570986602,-73.9457083805083,40.6728291394604,-73.9235641772424,0.05898431130163,0.03519431130163,2020.17379125683,2020.19758125683,266000000
1137,1138,0.00210783094,40.646141438807,-73.9641880398806,40.6536579479152,-73.9568284150805,0.05628431130163,0.05417648036163,2020.19277342589,2020.19488125683,266000000
1137,1146,0.000186531202800017,40.646141438807,-73.9641880398806,40.6468505636927,-73.9633227934712,0.05436301156443,0.05417648036163,2020.19277342589,2020.19295995709,266000000
1138,1139,0.0055,40.6536579479152,-73.9568284150805,40.7626237485263,-73.9491024096509,0.06178431130163,0.05628431130163,2020.19488125683,2020.20038125683,266000000
1139,1141,0.00179000000000001,40.7626237485263,-73.9491024096509,40.6598695311563,-73.953519265002,0.06357431130163,0.06178431130163,2020.20038125683,2020.20217125683,266000000
1139,1140,0.00963,40.7626237485263,-73.9491024096509,40.7097736405231,-74.0014477519326,0.07141431130163,0.06178431130163,2020.20038125683,2020.21001125683,266000000
1141,1142,0.00736999999999999,40.6598695311563,-73.953519265002,40.675698541015,-73.9390863883171,0.07094431130163,0.06357431130163,2020.20217125683,2020.20954125683,266000000
1142,1143,2.000000000002e-05,40.675698541015,-73.9390863883171,40.6788928333125,-73.9382905395913,0.07096431130163,0.07094431130163,2020.20954125683,2020.20956125683,266000000
1143,1144,0.00047999999999998,40.6788928333125,-73.9382905395913,40.6762129521463,-73.9391468099525,0.07144431130163,0.07096431130163,2020.20956125683,2020.21004125683,266000000
1144,1145,0.02296,40.6762129521463,-73.9391468099525,40.6732412686733,-73.936905988037,0.09440431130163,0.07144431130163,2020.21004125683,2020.23300125683,266000000
1146,1147,9.12997372100044e-05,40.6468505636927,-73.9633227934712,40.6491530747683,-73.960882012435,0.05445431130164,0.05436301156443,2020.19295995709,2020.19305125683,266000000
1146,1150,0.05450129974,40.6468505636927,-73.9633227934712,40.6488726962267,-73.9564330002001,0.10886431130443,0.05436301156443,2020.19295995709,2020.24746125683,266000000
1147,1149,0.01616,40.6491530747683,-73.960882012435,40.6030262461251,-73.9147589549878,0.07061431130164,0.05445431130164,2020.19305125683,2020.20921125683,266000000
1147,1148,0.05414,40.6491530747683,-73.960882012435,40.6490569548106,-74.0148965957097,0.10859431130164,0.05445431130164,2020.19305125683,2020.24719125683,266000000
1151,1158,0.00993000000000002,40.6728291394604,-73.9235641772424,40.707469171159,-73.930700257639,0.06891431130163,0.05898431130163,2020.19758125683,2020.20751125683,266000000
1151,1152,0.01115445799,40.6728291394604,-73.9235641772424,40.6803952822684,-73.933711248888,0.07013876929163,0.05898431130163,2020.19758125683,2020.20873571482,266000000
1152,1153,0.000708125228700007,40.6803952822684,-73.933711248888,40.6802474728742,-73.9324367394023,0.07084689452033,0.07013876929163,2020.20873571482,2020.20944384005,266000000
1153,1156,0.03792689904,40.6802474728742,-73.9324367394023,40.6922463845794,-73.9137133983642,0.10877379356033,0.07084689452033,2020.20944384005,2020.24737073909,266000000
1153,1154,0.000257416780399977,40.6802474728742,-73.9324367394023,40.6795528174737,-73.9321137372192,0.07110431130073,0.07084689452033,2020.20944384005,2020.20970125683,266000000
1154,1155,0.02525,40.6795528174737,-73.9321137372192,40.7010785086747,-73.828740025761,0.09635431130073,0.07110431130073,2020.20970125683,2020.23495125683,266000000
1156,1157,0.000247399652999997,40.6922463845794,-73.9137133983642,40.6957568776186,-73.9169545743348,0.10902119321333,0.10877379356033,2020.24737073909,2020.24761813874,266000000
1158,1159,0.00102027246499997,40.707469171159,-73.930700257639,40.7006860695036,-73.9378980409179,0.06993458376663,0.06891431130163,2020.20751125683,2020.20853152929,266000000
1158,1169,0.00156999999999999,40.707469171159,-73.930700257639,40.7087748203393,-73.9298580835861,0.07048431130163,0.06891431130163,2020.20751125683,2020.20908125683,266000000
1159,1160,0.00037784412230002,40.7006860695036,-73.9378980409179,40.629609918718,-73.9329158063503,0.07031242788893,0.06993458376663,2020.20853152929,2020.20890937342,266000000
1159,1162,0.00101569326200002,40.7006860695036,-73.9378980409179,40.6998126282333,-73.9362441860873,0.07095027702863,0.06993458376663,2020.20853152929,2020.20954722256,266000000
1160,1161,0.00023188341289998,40.629609918718,-73.9329158063503,40.6363936235682,-73.9209232740996,0.07054431130183,0.07031242788893,2020.20890937342,2020.20914125683,266000000
1162,1165,8.84831864100821e-06,40.6998126282333,-73.9362441860873,40.7016080968132,-73.9230943935461,0.070959125347271,0.07095027702863,2020.20954722256,2020.20955607087,266000000
1162,1163,2.8494887020003e-05,40.6998126282333,-73.9362441860873,40.7061385336565,-73.924075155705,0.07097877191565,0.07095027702863,2020.20954722256,2020.20957571744,266000000
1163,1164,0.03630553939,40.7061385336565,-73.924075155705,40.7064956430067,-73.6730332262255,0.10728431130565,0.07097877191565,2020.20957571744,2020.24588125683,266000000
1165,1166,0.000400624668999983,40.7016080968132,-73.9230943935461,40.702927586475,-73.9209638771913,0.071359750016271,0.070959125347271,2020.20955607087,2020.20995669554,266000000
1166,1167,0.0001545612852,40.702927586475,-73.9209638771913,40.6114357207357,-73.9906235967881,0.071514311301471,0.071359750016271,2020.20995669554,2020.21011125683,266000000
1166,1168,0.0001545612852,40.702927586475,-73.9209638771913,40.6114357207357,-73.9906235967881,0.071514311301471,0.071359750016271,2020.20995669554,2020.21011125683,266000000
1169,1172,0.000316159441899999,40.7087748203393,-73.9298580835861,40.7093997301649,-73.9308324844143,0.07080047074353,0.07048431130163,2020.20908125683,2020.20939741627,266000000
1169,1170,0.00103,40.7087748203393,-73.9298580835861,40.7506182978943,-73.8745958973951,0.07151431130163,0.07048431130163,2020.20908125683,2020.21011125683,266000000
1170,1171,0.02211,40.7506182978943,-73.8745958973951,40.7412132719505,-73.8774145479703,0.09362431130163,0.07151431130163,2020.21011125683,2020.23222125683,266000000
1172,1173,0.000171775776600019,40.7093997301649,-73.9308324844143,40.7103423115805,-73.928371990335,0.07097224652013,0.07080047074353,2020.20939741627,2020.20956919205,266000000
1172,1179,7.41767453399378e-06,40.7093997301649,-73.9308324844143,40.7093356257522,-73.9311018091183,0.070807888418064,0.07080047074353,2020.20939741627,2020.20940483395,266000000
1173,1176,6.20647814799924e-05,40.7103423115805,-73.928371990335,40.6841587613066,-73.6677465702287,0.07103431130161,0.07097224652013,2020.20956919205,2020.20963125683,266000000
1173,1174,6.20647814799924e-05,40.7103423115805,-73.928371990335,40.6841587613066,-73.6677465702287,0.07103431130161,0.07097224652013,2020.20956919205,2020.20963125683,266000000
1174,1175,0.02259,40.6841587613066,-73.6677465702287,40.7010113060574,-73.9360808357791,0.09362431130161,0.07103431130161,2020.20963125683,2020.23222125683,266000000
1176,1178,0.02259,40.6841587613066,-73.6677465702287,40.7010113060574,-73.9360808357791,0.09362431130161,0.07103431130161,2020.20963125683,2020.23222125683,266000000
1176,1177,0.02259,40.6841587613066,-73.6677465702287,40.7010113060574,-73.9360808357791,0.09362431130161,0.07103431130161,2020.20963125683,2020.23222125683,266000000
1179,1183,0.000226422883499999,40.7093356257522,-73.9311018091183,40.6852965458269,-73.9425818776772,0.071034311301564,0.070807888418064,2020.20940483395,2020.20963125683,266000000
1179,1180,0.000226422883499999,40.7093356257522,-73.9311018091183,40.6852965458269,-73.9425818776772,0.071034311301564,0.070807888418064,2020.20940483395,2020.20963125683,266000000
1180,1182,0.02259,40.6852965458269,-73.9425818776772,40.7010113060574,-73.9360808357791,0.093624311301564,0.071034311301564,2020.20963125683,2020.23222125683,266000000
1180,1181,0.02259,40.6852965458269,-73.9425818776772,40.7010113060574,-73.9360808357791,0.093624311301564,0.071034311301564,2020.20963125683,2020.23222125683,266000000
1184,1185,0.02156,40.6711784156364,-73.9568815914064,40.7127495262248,-73.7101562213126,0.06431431130163,0.04275431130163,2020.18135125683,2020.20291125683,266000000
1184,1190,0.00172,40.6711784156364,-73.9568815914064,40.6753442449828,-73.9582148319088,0.04447431130163,0.04275431130163,2020.18135125683,2020.18307125683,266000000
1185,1186,0.00176999999999999,40.7127495262248,-73.7101562213126,40.6337923124645,-73.9925786079381,0.06608431130163,0.06431431130163,2020.20291125683,2020.20468125683,266000000
1186,1187,0.00176999999999999,40.6337923124645,-73.9925786079381,40.6337923124645,-73.9925786079381,0.06785431130163,0.06608431130163,2020.20468125683,2020.20645125683,266000000
1187,1188,0.00180999999999998,40.6337923124645,-73.9925786079381,40.715639159372,-73.6882424584238,0.06966431130163,0.06785431130163,2020.20645125683,2020.20826125683,266000000
1188,1189,0.00188000000000002,40.715639159372,-73.6882424584238,40.7141943215093,-73.6908853240135,0.07154431130163,0.06966431130163,2020.20826125683,2020.21014125683,266000000
1190,1191,0.00175,40.6753442449828,-73.9582148319088,40.6979340924835,-73.9211664299921,0.04622431130163,0.04447431130163,2020.18307125683,2020.18482125683,266000000
1190,1219,0.02342,40.6753442449828,-73.9582148319088,40.674073426997,-73.9758674803401,0.06789431130163,0.04447431130163,2020.18307125683,2020.20649125683,266000000
1191,1192,0.015,40.6979340924835,-73.9211664299921,40.7133238101228,-73.9666233736533,0.06122431130163,0.04622431130163,2020.18482125683,2020.19982125683,266000000
1191,1200,0.01186,40.6979340924835,-73.9211664299921,40.6726999481789,-73.9248566682422,0.05808431130163,0.04622431130163,2020.18482125683,2020.19668125683,266000000
1192,1195,0.00905999999999998,40.7133238101228,-73.9666233736533,40.7220090864539,-73.9662627530064,0.07028431130163,0.06122431130163,2020.19982125683,2020.20888125683,266000000
1192,1193,0.00161785317900001,40.7133238101228,-73.9666233736533,40.7125621549175,-73.9689778886153,0.06284216448063,0.06122431130163,2020.19982125683,2020.20143911001,266000000
1193,1194,0.04718214682,40.7125621549175,-73.9689778886153,40.6467827491774,-74.0146979259618,0.11002431130063,0.06284216448063,2020.20143911001,2020.24862125683,266000000
1195,1196,0.000620000000000009,40.7220090864539,-73.9662627530064,40.7183755258457,-73.9722275273389,0.07090431130163,0.07028431130163,2020.20888125683,2020.20950125683,266000000
1195,1198,0.000620000000000009,40.7220090864539,-73.9662627530064,40.7183755258457,-73.9722275273389,0.07090431130163,0.07028431130163,2020.20888125683,2020.20950125683,266000000
1196,1197,0.00048999999999999,40.7183755258457,-73.9722275273389,40.6873957692645,-73.9923431183025,0.07139431130163,0.07090431130163,2020.20950125683,2020.20999125683,266000000
1198,1199,0.00048999999999999,40.7183755258457,-73.9722275273389,40.6873957692645,-73.9923431183025,0.07139431130163,0.07090431130163,2020.20950125683,2020.20999125683,266000000
1200,1201,0.01237,40.6726999481789,-73.9248566682422,40.6620722773578,-73.9266296419721,0.07045431130163,0.05808431130163,2020.19668125683,2020.20905125683,266000000
1200,1211,0.00175,40.6726999481789,-73.9248566682422,40.6979340924835,-73.9211664299921,0.05983431130163,0.05808431130163,2020.19668125683,2020.19843125683,266000000
1201,1202,8.00000000000245e-05,40.6620722773578,-73.9266296419721,40.6521471015278,-74.0255275824359,0.07053431130163,0.07045431130163,2020.20905125683,2020.20913125683,266000000
1201,1206,0.000472714396700019,40.6620722773578,-73.9266296419721,40.6652526793021,-73.9253945078956,0.07092702569833,0.07045431130163,2020.20905125683,2020.20952397123,266000000
1202,1203,1.99999999999922e-05,40.6521471015278,-74.0255275824359,40.6628967470995,-73.9257127450502,0.07055431130163,0.07053431130163,2020.20913125683,2020.20915125683,266000000
1203,1204,0.0321,40.6628967470995,-73.9257127450502,40.6649292751894,-73.9034099759204,0.10265431130163,0.07055431130163,2020.20915125683,2020.24125125683,266000000
1204,1205,0.00163532405400001,40.6649292751894,-73.9034099759204,40.660720423935,-73.8981201701303,0.10428963535563,0.10265431130163,2020.24125125683,2020.24288658088,266000000
1206,1207,0.0383372856,40.6652526793021,-73.9253945078956,40.6901907543178,-73.9244177298228,0.10926431129833,0.07092702569833,2020.20952397123,2020.24786125683,266000000
1206,1210,0.000797285603300002,40.6652526793021,-73.9253945078956,40.6637010065519,-73.9259906058069,0.07172431130163,0.07092702569833,2020.20952397123,2020.21032125683,266000000
1207,1209,0.000399999999999998,40.6901907543178,-73.9244177298228,40.6901724349155,-73.9244799560739,0.10966431129833,0.10926431129833,2020.24786125683,2020.24826125683,266000000
1207,1208,0.000399999999999998,40.6901907543178,-73.9244177298228,40.6901724349155,-73.9244799560739,0.10966431129833,0.10926431129833,2020.24786125683,2020.24826125683,266000000
1211,1213,0.00988999999999998,40.6979340924835,-73.9211664299921,40.7141134265857,-73.9855201917778,0.06972431130163,0.05983431130163,2020.19843125683,2020.20832125683,266000000
1211,1212,0.00146598771299999,40.6979340924835,-73.9211664299921,40.7418404796564,-73.9728403927091,0.06130029901463,0.05983431130163,2020.19843125683,2020.19989724454,266000000
1213,1214,0.00156000000000001,40.7141134265857,-73.9855201917778,40.6974003275826,-73.9944328324554,0.07128431130163,0.06972431130163,2020.20832125683,2020.20988125683,266000000
1213,1215,0.02572,40.7141134265857,-73.9855201917778,40.9140974327612,-73.9040923200932,0.09544431130163,0.06972431130163,2020.20832125683,2020.23404125683,266000000
1215,1216,0.01210474492,40.9140974327612,-73.9040923200932,40.7836812565165,-73.5975458962628,0.10754905622163,0.09544431130163,2020.23404125683,2020.24614600175,266000000
1216,1218,0.000395255080199997,40.7836812565165,-73.5975458962628,40.7796579535484,-73.603433223978,0.10794431130183,0.10754905622163,2020.24614600175,2020.24654125683,266000000
1216,1217,0.00148525508,40.7836812565165,-73.5975458962628,40.723210794384,-73.1998742720089,0.10903431130163,0.10754905622163,2020.24614600175,2020.24763125683,266000000
1219,1220,0.00184000000000001,40.674073426997,-73.9758674803401,40.6937041499441,-73.9754134422892,0.06973431130163,0.06789431130163,2020.20649125683,2020.20833125683,266000000
1219,1239,0.00183240009900001,40.674073426997,-73.9758674803401,40.645233675678,-73.9759611275775,0.06972671140063,0.06789431130163,2020.20649125683,2020.20832365693,266000000
1220,1221,8.5542293359997e-05,40.6937041499441,-73.9754134422892,40.6728951690247,-73.9637249919283,0.06981985359499,0.06973431130163,2020.20833125683,2020.20841679912,266000000
1220,1231,0.000655521437399997,40.6937041499441,-73.9754134422892,40.6778679077146,-73.9610376200287,0.07038983273903,0.06973431130163,2020.20833125683,2020.20898677827,266000000
1221,1223,0.000160478964700006,40.6728951690247,-73.9637249919283,40.6748357153767,-73.9633494597969,0.06998033255969,0.06981985359499,2020.20841679912,2020.20857727809,266000000
1221,1222,2.01816014900047e-05,40.6728951690247,-73.9637249919283,40.6721059861505,-73.9807841093088,0.06984003519648,0.06981985359499,2020.20841679912,2020.20843698072,266000000
1223,1226,0.00104438149899999,40.6748357153767,-73.9633494597969,40.7084946198231,-73.9698025648008,0.07102471405869,0.06998033255969,2020.20857727809,2020.20962165959,266000000
1223,1224,0.000793978741900014,40.6748357153767,-73.9633494597969,40.6664376286878,-73.969597504662,0.07077431130159,0.06998033255969,2020.20857727809,2020.20937125683,266000000
1224,1225,0.0384,40.6664376286878,-73.969597504662,40.7005853467808,-73.9564995328813,0.10917431130159,0.07077431130159,2020.20937125683,2020.24777125683,266000000
1226,1228,0.000339597243300016,40.7084946198231,-73.9698025648008,40.7120007863236,-73.9809361637427,0.07136431130199,0.07102471405869,2020.20962165959,2020.20996125683,266000000
1226,1227,0.03622959724,40.7084946198231,-73.9698025648008,40.5973476114873,-74.0042228822943,0.10725431129869,0.07102471405869,2020.20962165959,2020.24585125683,266000000
1228,1229,0.03781,40.7120007863236,-73.9809361637427,40.7344458075791,-73.6916793378061,0.10917431130199,0.07136431130199,2020.20996125683,2020.24777125683,266000000
1229,1230,0.000689999999999996,40.7344458075791,-73.6916793378061,40.6875957194286,-73.990107088717,0.10986431130199,0.10917431130199,2020.24777125683,2020.24846125683,266000000
1231,1232,3.41513831799978e-05,40.6778679077146,-73.9610376200287,40.6772743810648,-73.961257213649,0.07042398412221,0.07038983273903,2020.20898677827,2020.20902092965,266000000
1231,1237,0.000315375966200016,40.6778679077146,-73.9610376200287,40.6786049764557,-73.955892220763,0.07070520870523,0.07038983273903,2020.20898677827,2020.20930215423,266000000
1232,1236,0.000370327179399998,40.6772743810648,-73.961257213649,40.7483473032166,-73.9567122162552,0.07079431130161,0.07042398412221,2020.20902092965,2020.20939125683,266000000
1232,1233,0.03916800227,40.6772743810648,-73.961257213649,40.7197324082595,-73.9234638444609,0.10959198639221,0.07042398412221,2020.20902092965,2020.24818893192,266000000
1233,1234,0.000162324911900005,40.7197324082595,-73.9234638444609,40.7183860305584,-73.9169478743498,0.10975431130411,0.10959198639221,2020.24818893192,2020.24835125683,266000000
1233,1235,0.000162324911900005,40.7197324082595,-73.9234638444609,40.7183860305584,-73.9169478743498,0.10975431130411,0.10959198639221,2020.24818893192,2020.24835125683,266000000
1237,1238,0.00103910259599999,40.6786049764557,-73.955892220763,40.6667107443311,-73.9664279314651,0.07174431130123,0.07070520870523,2020.20930215423,2020.21034125683,266000000
1239,1240,0.000116200783800008,40.645233675678,-73.9759611275775,40.8344540075609,-73.8741789898857,0.06984291218443,0.06972671140063,2020.20832365693,2020.20843985771,266000000
1239,1247,0.000537599900800018,40.645233675678,-73.9759611275775,40.6402787428283,-73.9766099292888,0.07026431130143,0.06972671140063,2020.20832365693,2020.20886125683,266000000
1240,1244,3.44059128799812e-05,40.8344540075609,-73.8741789898857,40.8345130133554,-73.8749132141132,0.06987731809731,0.06984291218443,2020.20843985771,2020.20847426362,266000000
1240,1241,0.000511399116999989,40.8344540075609,-73.8741789898857,40.8319158966697,-73.8744177734634,0.07035431130143,0.06984291218443,2020.20843985771,2020.20895125683,266000000
1241,1243,0.000759999999999983,40.8319158966697,-73.8744177734634,40.7241085186033,-73.6375865848965,0.07111431130143,0.07035431130143,2020.20895125683,2020.20971125683,266000000
1241,1242,0.000759999999999983,40.8319158966697,-73.8744177734634,40.7241085186033,-73.6375865848965,0.07111431130143,0.07035431130143,2020.20895125683,2020.20971125683,266000000
1244,1246,0.000101650095400002,40.8345130133554,-73.8749132141132,40.8312146852277,-73.8774219770698,0.06997896819271,0.06987731809731,2020.20847426362,2020.20857591372,266000000
1244,1245,0.000786993204100001,40.8345130133554,-73.8749132141132,40.8330793075161,-73.8935223711409,0.07066431130141,0.06987731809731,2020.20847426362,2020.20926125683,266000000
1247,1248,0.000113575621799977,40.6402787428283,-73.9766099292888,40.6231119318317,-73.9966086158299,0.07037788692323,0.07026431130143,2020.20886125683,2020.20897483245,266000000
1247,1251,5.29782850700045e-05,40.6402787428283,-73.9766099292888,40.6403169993992,-73.977151140299,0.0703172895865,0.07026431130143,2020.20886125683,2020.20891423511,266000000
1248,1249,0.000336424378200029,40.6231119318317,-73.9966086158299,40.6243073490224,-73.9986164488757,0.07071431130143,0.07037788692323,2020.20897483245,2020.20931125683,266000000
1249,1250,0.03789,40.6243073490224,-73.9986164488757,40.6369542433702,-74.0262310046097,0.10860431130143,0.07071431130143,2020.20931125683,2020.24720125683,266000000
1251,1252,3.32570819799871e-05,40.6403169993992,-73.977151140299,40.6409767146301,-73.976352735867,0.07035054666848,0.0703172895865,2020.20891423511,2020.2089474922,266000000
1252,1253,0.000903764632899984,40.6409767146301,-73.976352735867,40.6446997014019,-73.9561117278499,0.07125431130138,0.07035054666848,2020.2089474922,2020.20985125683,266000000
1253,1256,0.000190000000000023,40.6446997014019,-73.9561117278499,40.6438732079094,-73.9591574611359,0.07144431130138,0.07125431130138,2020.20985125683,2020.21004125683,266000000
1253,1254,0.03306,40.6446997014019,-73.9561117278499,40.6054109512615,-73.8720272809087,0.10431431130138,0.07125431130138,2020.20985125683,2020.24291125683,266000000
1254,1255,0.00275,40.6054109512615,-73.8720272809087,40.6083228718514,-73.8744771905638,0.10706431130138,0.10431431130138,2020.24291125683,2020.24566125683,266000000
1256,1259,0.02488485669,40.6438732079094,-73.9591574611359,40.6266258641008,-73.9357960854912,0.09632916799138,0.07144431130138,2020.21004125683,2020.23492611352,266000000
1256,1257,0.00228999999999999,40.6438732079094,-73.9591574611359,40.6755273468396,-73.7919595734777,0.07373431130138,0.07144431130138,2020.21004125683,2020.21233125683,266000000
1257,1258,0.02238719215,40.6755273468396,-73.7919595734777,40.6680080396249,-73.7831470576543,0.09612150345138,0.07373431130138,2020.21233125683,2020.23471844898,266000000
1260,1261,0.000366441983800009,40.6958003671952,-73.9299593631271,40.7172461778302,-73.8983247631935,0.00246109647333001,0.00209465448953,2020.14069160002,2020.141058042,266000000
1260,1268,0.000257855652999989,40.6958003671952,-73.9299593631271,40.6992970166402,-73.9332223843086,0.00235251014252999,0.00209465448953,2020.14069160002,2020.14094945567,266000000
1261,1267,0.000493214828999999,40.7172461778302,-73.8983247631935,40.7204360354648,-73.9321706774877,0.00295431130233001,0.00246109647333001,2020.141058042,2020.14155125683,266000000
1261,1262,0.04935350401,40.7172461778302,-73.8983247631935,40.7564266946952,-73.8998332780672,0.05181460048333,0.00246109647333001,2020.141058042,2020.19041154601,266000000
1262,1263,0.000789710814100009,40.7564266946952,-73.8998332780672,40.759498449033,-73.9032876132678,0.05260431129743,0.05181460048333,2020.19041154601,2020.19120125682,266000000
1262,1264,0.000426689832199983,40.7564266946952,-73.8998332780672,40.6124642679455,-74.1584630273786,0.05224129031553,0.05181460048333,2020.19041154601,2020.19083823584,266000000
1264,1265,0.01526302098,40.6124642679455,-74.1584630273786,40.58819045501,-74.1688710630709,0.06750431129553,0.05224129031553,2020.19083823584,2020.20610125682,266000000
1265,1266,0.03705,40.58819045501,-74.1688710630709,40.5433425166689,-74.1729657372277,0.10455431129553,0.06750431129553,2020.20610125682,2020.24315125682,266000000
1268,1269,0.000304411240200003,40.6992970166402,-73.9332223843086,40.6937838156133,-73.9450462159859,0.00265692138272999,0.00235251014252999,2020.14094945567,2020.14125386691,266000000
1269,1271,0.03320647006,40.6937838156133,-73.9450462159859,40.7464318754033,-73.9528796875399,0.03586339144273,0.00265692138272999,2020.14125386691,2020.17446033697,266000000
1269,1270,0.06364738992,40.6937838156133,-73.9450462159859,40.679818372553,-73.9726956598136,0.06630431130273,0.00265692138272999,2020.14125386691,2020.20490125683,266000000
1271,1272,0.02774091986,40.7464318754033,-73.9528796875399,40.7683452620268,-73.9516700310239,0.06360431130273,0.03586339144273,2020.17446033697,2020.20220125683,266000000
1271,1288,0.000285192622100028,40.7464318754033,-73.9528796875399,40.7421979668517,-73.9573095786198,0.03614858406483,0.03586339144273,2020.17446033697,2020.17474552959,266000000
1272,1273,0.00675000000000001,40.7683452620268,-73.9516700310239,40.763681518075,-73.9437095338699,0.07035431130273,0.06360431130273,2020.20220125683,2020.20895125683,266000000
1272,1275,0.00176000000000001,40.7683452620268,-73.9516700310239,40.7662244745298,-73.9252500737052,0.06536431130273,0.06360431130273,2020.20220125683,2020.20396125683,266000000
1273,1274,0.000769999999999993,40.763681518075,-73.9437095338699,40.7320050490617,-73.9299797404866,0.07112431130273,0.07035431130273,2020.20895125683,2020.20972125683,266000000
1275,1279,0.00175999999999998,40.7662244745298,-73.9252500737052,40.750665539222,-73.9637021311507,0.06712431130273,0.06536431130273,2020.20396125683,2020.20572125683,266000000
1275,1276,0.00507999999999997,40.7662244745298,-73.9252500737052,40.7728591157028,-73.9308223419103,0.07044431130273,0.06536431130273,2020.20396125683,2020.20904125683,266000000
1276,1277,0.00126999999999999,40.7728591157028,-73.9308223419103,40.7746495753594,-73.9382053306249,0.07171431130273,0.07044431130273,2020.20904125683,2020.21031125683,266000000
1276,1278,0.000780000000000003,40.7728591157028,-73.9308223419103,40.7755810054168,-73.9311706233487,0.07122431130273,0.07044431130273,2020.20904125683,2020.20982125683,266000000
1279,1280,0.00192000000000001,40.750665539222,-73.9637021311507,40.6127844438142,-73.9447709337473,0.06904431130273,0.06712431130273,2020.20572125683,2020.20764125683,266000000
1279,1281,0.00273000000000001,40.750665539222,-73.9637021311507,40.6743871016609,-73.7853759737027,0.06985431130273,0.06712431130273,2020.20572125683,2020.20845125683,266000000
1281,1283,0.02448,40.6743871016609,-73.7853759737027,40.675156497884,-73.7642859034415,0.09433431130273,0.06985431130273,2020.20845125683,2020.23293125683,266000000
1281,1282,0.000429999999999986,40.6743871016609,-73.7853759737027,40.6743591670208,-73.7894488851684,0.07028431130273,0.06985431130273,2020.20845125683,2020.20888125683,266000000
1283,1284,0.00201999999999999,40.675156497884,-73.7642859034415,40.7379816445111,-73.9618980036396,0.09635431130273,0.09433431130273,2020.23293125683,2020.23495125683,266000000
1283,1285,0.01002,40.675156497884,-73.7642859034415,40.7195647547141,-73.7542378704528,0.10435431130273,0.09433431130273,2020.23293125683,2020.24295125683,266000000
1285,1286,0.00229,40.7195647547141,-73.7542378704528,40.7513567458792,-73.7183621572469,0.10664431130273,0.10435431130273,2020.24295125683,2020.24524125683,266000000
1285,1287,0.00260000000000001,40.7195647547141,-73.7542378704528,40.7416270498779,-73.9522642288704,0.10695431130273,0.10435431130273,2020.24295125683,2020.24555125683,266000000
1288,1289,0.000105727235899994,40.7421979668517,-73.9573095786198,40.7396892634536,-73.9549525417985,0.03625431130073,0.03614858406483,2020.17474552959,2020.17485125683,266000000
1290,1291,0.000345255004100015,40.6977291339158,-73.9476858619509,40.7041243963182,-73.9452713760816,0.00244300559060001,0.0020977505865,2020.14069469611,2020.14103995112,266000000
1291,1293,0.000316613549799977,40.7041243963182,-73.9452713760816,40.7078564777001,-73.9462445100009,0.00275961914039999,0.00244300559060001,2020.14103995112,2020.14135656467,266000000
1291,1292,0.000322404724699993,40.7041243963182,-73.9452713760816,40.7056740189155,-73.9452653335665,0.0027654103153,0.00244300559060001,2020.14103995112,2020.14136235584,266000000
1293,1294,0.000159487889500015,40.7078564777001,-73.9462445100009,40.7043185377689,-73.9403843705537,0.0029191070299,0.00275961914039999,2020.14135656467,2020.14151605256,266000000
1294,1295,3.52042719599932e-05,40.7043185377689,-73.9403843705537,40.7053696769352,-73.9400660636012,0.00295431130186,0.0029191070299,2020.14151605256,2020.14155125683,266000000
1296,1297,0.00017786333719999,40.6713112130699,-73.9703930036144,40.6684191842225,-73.9688912172512,0.00256376289259999,0.0023858995554,2020.14098284508,2020.14116070842,266000000
1297,1298,0.000117993864899996,40.6684191842225,-73.9688912172512,40.6690156955205,-73.9693837453792,0.00268175675749999,0.00256376289259999,2020.14116070842,2020.14127870228,266000000
1297,1299,0.06295534128,40.6684191842225,-73.9688912172512,40.7381278144607,-73.9996783595065,0.0655191041726,0.00256376289259999,2020.14116070842,2020.2041160497,266000000
1299,1300,0.000355207131000013,40.7381278144607,-73.9996783595065,40.7355807025827,-74.0025427909868,0.0658743113036,0.0655191041726,2020.2041160497,2020.20447125683,266000000
1301,1302,0.000723639696599998,40.687402303609,-73.9476851574979,40.6716913673116,-73.9382966951457,0.002954311302,0.0022306716054,2020.14082761713,2020.14155125683,266000000
1301,1303,0.000141765052499992,40.687402303609,-73.9476851574979,40.7120434842417,-73.9423048136971,0.00237243665789999,0.0022306716054,2020.14082761713,2020.14096938219,266000000
1303,1305,0.000480027559700003,40.7120434842417,-73.9423048136971,40.7115099952645,-73.9488129831377,0.00285246421759999,0.00237243665789999,2020.14096938219,2020.14144940974,266000000
1303,1304,0.05717187464,40.7120434842417,-73.9423048136971,40.793489291406,-73.9392603725506,0.0595443112979,0.00237243665789999,2020.14096938219,2020.19814125683,266000000
1305,1306,0.06601184708,40.7115099952645,-73.9488129831377,40.7171895992151,-73.9017332724743,0.0688643112976,0.00285246421759999,2020.14144940974,2020.20746125682,266000000
1306,1307,0.001686954544,40.7171895992151,-73.9017332724743,40.7313762415357,-73.9034097707049,0.0705512658416,0.0688643112976,2020.20746125682,2020.20914821137,266000000
1307,1308,0.000253045456499984,40.7313762415357,-73.9034097707049,40.7315536828888,-73.9040579341557,0.0708043112981,0.0705512658416,2020.20914821137,2020.20940125683,266000000
1308,1311,0.000650000000000012,40.7315536828888,-73.9040579341557,40.73391884673,-73.9094356208473,0.0714543112981,0.0708043112981,2020.20940125683,2020.21005125683,266000000
1308,1309,0.0370834728,40.7315536828888,-73.9040579341557,40.7475660329258,-73.8442711942683,0.1078877840981,0.0708043112981,2020.20940125683,2020.24648472963,266000000
1309,1310,0.000276527202900001,40.7475660329258,-73.8442711942683,40.7466700320163,-73.8420640101172,0.108164311301,0.1078877840981,2020.24648472963,2020.24676125683,266000000
1311,1312,0.03694,40.73391884673,-73.9094356208473,40.8365017465882,-73.9000641429341,0.1083943112981,0.0714543112981,2020.21005125683,2020.24699125683,266000000
1311,1313,0.02294,40.73391884673,-73.9094356208473,40.6914990604839,-73.9586791827066,0.0943943112981,0.0714543112981,2020.21005125683,2020.23299125683,266000000
1313,1314,0.01425,40.6914990604839,-73.9586791827066,40.7351099181444,-73.8832516455877,0.1086443112981,0.0943943112981,2020.23299125683,2020.24724125683,266000000
1313,1315,0.00197,40.6914990604839,-73.9586791827066,40.689213109985,-73.6257195746178,0.0963643112981,0.0943943112981,2020.23299125683,2020.23496125683,266000000
1315,1316,0.01102,40.689213109985,-73.6257195746178,40.6344578080926,-73.9679835187429,0.1073843112981,0.0963643112981,2020.23496125683,2020.24598125683,266000000
1316,1317,0.00176,40.6344578080926,-73.9679835187429,40.8557838853354,-73.2453011970157,0.1091443112981,0.1073843112981,2020.24598125683,2020.24774125683,266000000
1321,1322,0.000275066850000005,40.9094289683447,-73.7553444993739,40.8932887475274,-73.7685520697113,0.000275066850000005,0,2020.20890618998,2020.20918125683,266000000
1327,1328,0.000202659493899998,40.6513646744737,-73.9675575708761,40.6323828219997,-73.9613310009733,0.000202659493899998,0,2020.24800859734,2020.24821125683,266000000
1327,1329,0.000442659493900002,40.6513646744737,-73.9675575708761,40.5892789799248,-73.9891840431387,0.000442659493900002,0,2020.24800859734,2020.24845125683,266000000
1333,1334,0.000294296266699995,40.6452666573192,-74.0230598219289,40.6439819597381,-74.0198304317704,0.000294296266699995,0,2020.20903696057,2020.20933125684,266000000
1353,1354,7.73058536499976e-05,40.6684961152887,-73.9506888437811,40.6723314716256,-73.9454623475072,7.73058536499976e-05,0,2020.20818571385,2020.20826301971,266000000
1353,1361,0.000872420773600002,40.6684961152887,-73.9506888437811,40.6631430362537,-73.947597815781,0.000872420773600002,0,2020.20818571385,2020.20905813463,266000000
1354,1358,0.000253706513200003,40.6723314716256,-73.9454623475072,40.6970962710207,-73.9535765114145,0.00033101236685,7.73058536499976e-05,2020.20826301971,2020.20851672622,266000000
1354,1355,0.000998237124100007,40.6723314716256,-73.9454623475072,40.7414350441411,-73.8942083847159,0.00107554297775,7.73058536499976e-05,2020.20826301971,2020.20926125683,266000000
1355,1356,0.000129999999999991,40.7414350441411,-73.8942083847159,40.7641115471341,-73.8632190579744,0.00120554297775,0.00107554297775,2020.20926125683,2020.20939125683,266000000
1355,1357,0.000129999999999991,40.7414350441411,-73.8942083847159,40.7641115471341,-73.8632190579744,0.00120554297775,0.00107554297775,2020.20926125683,2020.20939125683,266000000
1358,1360,0.000514530611,40.6970962710207,-73.9535765114145,40.6937917016319,-73.9579713944477,0.00084554297785,0.00033101236685,2020.20851672622,2020.20903125683,266000000
1358,1359,0.000344530610999996,40.6970962710207,-73.9535765114145,40.7088245392604,-73.9504679822395,0.000675542977849997,0.00033101236685,2020.20851672622,2020.20886125683,266000000
1361,1362,0.000362168564600002,40.6631430362537,-73.947597815781,40.6536308914553,-73.8548746877945,0.0012345893382,0.000872420773600002,2020.20905813463,2020.20942030319,266000000
1361,1364,6.64634036700029e-05,40.6631430362537,-73.947597815781,40.6618839768876,-73.9544212135563,0.000938884177270005,0.000872420773600002,2020.20905813463,2020.20912459803,266000000
1362,1363,0.03309095364,40.6536308914553,-73.8548746877945,40.6206505151075,-73.826412525204,0.0343255429782,0.0012345893382,2020.20942030319,2020.24251125683,266000000
1364,1366,0.000386658800600001,40.6618839768876,-73.9544212135563,40.6678519429223,-73.9482740824954,0.00132554297787001,0.000938884177270005,2020.20912459803,2020.20951125683,266000000
1364,1365,0.000386658800600001,40.6618839768876,-73.9544212135563,40.6678519429223,-73.9482740824954,0.00132554297787001,0.000938884177270005,2020.20912459803,2020.20951125683,266000000
1366,1367,0.0328944266,40.6678519429223,-73.9482740824954,40.6115131770807,-73.9966899893329,0.03421996957787,0.00132554297787001,2020.20951125683,2020.24240568343,266000000
1366,1368,0.0222,40.6678519429223,-73.9482740824954,40.6696792347182,-73.7713241223117,0.02352554297787,0.00132554297787001,2020.20951125683,2020.23171125683,266000000
1368,1369,0.0154,40.6696792347182,-73.7713241223117,40.6851756573092,-73.7241831641953,0.03892554297787,0.02352554297787,2020.23171125683,2020.24711125683,266000000
1376,1377,0.00207,40.714206451668,-73.9410670831016,40.6208533597874,-73.9851341938293,0.00207,0,2020.23016125683,2020.23223125683,266000000
1377,1378,0.00904,40.6208533597874,-73.9851341938293,40.5449911668873,-74.1469782086876,0.01111,0.00207,2020.23223125683,2020.24127125683,266000000
1378,1379,0.00189,40.5449911668873,-74.1469782086876,40.6215160433416,-74.0178101245988,0.013,0.01111,2020.24127125683,2020.24316125683,266000000
1379,1380,0.00269,40.6215160433416,-74.0178101245988,40.6504984228909,-74.0122657125834,0.01569,0.013,2020.24316125683,2020.24585125683,266000000
1389,1390,0.00192,40.6915567833968,-73.9969504124076,40.692193695741,-73.9939793160904,0.00192,0,2020.20846125683,2020.21038125683,266000000
1389,1391,0.000919999999999997,40.6915567833968,-73.9969504124076,40.7677296375719,-73.8654771702252,0.000919999999999997,0,2020.20846125683,2020.20938125683,266000000
1391,1392,0.03378,40.7677296375719,-73.8654771702252,40.7362807451177,-73.7134822369171,0.0347,0.000919999999999997,2020.20938125683,2020.24316125683,266000000
1391,1393,0.000900000000000005,40.7677296375719,-73.8654771702252,40.7637259528978,-73.8503953111095,0.00182,0.000919999999999997,2020.20938125683,2020.21028125683,266000000
1393,1394,0.02901,40.7637259528978,-73.8503953111095,40.7568149619603,-73.9474935545427,0.03083,0.00182,2020.21028125683,2020.23929125683,266000000
1394,1395,0.00196,40.7568149619603,-73.9474935545427,40.7248337140918,-74.0021506189543,0.03279,0.03083,2020.23929125683,2020.24125125683,266000000
1399,1400,0.01057,40.7243669280206,-74.018747751925,40.7843978014165,-74.0816821180152,0.01057,0,2020.19913125683,2020.20970125683,266000000
1404,1405,0.00402653792,40.7963830938007,-73.7537196555976,40.7670996911647,-73.937842520226,0.00402653792,0,2020.20635471891,2020.21038125683,266000000
1410,1411,6.32505180999943e-05,40.6781522521146,-73.8224594261759,40.6794820451943,-73.8143175355272,6.32505180999943e-05,0,2020.20926800631,2020.20933125683,266000000
1411,1412,0.03381,40.6794820451943,-73.8143175355272,40.7320201453955,-73.8286906809882,0.0338732505181,6.32505180999943e-05,2020.20933125683,2020.24314125683,266000000
1418,1419,0.009052564843,40.7401954032001,-74.0423491845587,41.0359047759106,-74.1061758211978,0.009052564843,0,2020.22945869199,2020.23851125683,266000000
1419,1420,0.001773942179,41.0359047759106,-74.1061758211978,40.9837051504267,-74.0853050774906,0.010826507022,0.009052564843,2020.23851125683,2020.24028519901,266000000
1420,1421,0.002587321933,40.9837051504267,-74.0853050774906,40.9971419550582,-74.0599653140443,0.013413828955,0.010826507022,2020.24028519901,2020.24287252094,266000000
1425,1426,0.0011,40.7333464779101,-73.936452583536,40.7270666817252,-74.1220218916544,0.0011,0,2020.20825125683,2020.20935125683,266000000
