node1,node2,length,startLat,startLon,endLat,endLon,endNodeL,startNodeL,startYear,endYear,treeID
5,6,0.000251622074900003,40.6605177116449,-74.0215856638385,40.6505491651794,-73.9945814819478,0.000251622074900003,0,2020.20512963475,2020.20538125683,434000000
5,7,0.004871622075,40.6605177116449,-74.0215856638385,40.7300744984375,-74.0138107268523,0.004871622075,0,2020.20512963475,2020.21000125683,434000000
11,12,4.38664015100024e-05,41.0382191103443,-74.1868819337164,41.0464808984418,-74.1771818712899,4.38664015100024e-05,0,2020.18539389168,2020.18543775808,434000000
16,17,0.01394,40.7108263363829,-74.0598834140663,40.6034675631993,-74.0566065954865,0.01394,0,2020.20461125683,2020.21855125683,434000000
22,23,9.32813591499985e-05,40.5702373029157,-74.0049129839465,40.5908441377531,-74.0239281879288,9.32813591499985e-05,0,2020.19013797548,2020.19023125684,434000000
22,24,9.32813591499985e-05,40.5702373029157,-74.0049129839465,40.5908441377531,-74.0239281879288,9.32813591499985e-05,0,2020.19013797548,2020.19023125684,434000000
36,37,0.02048284551,40.6329445133267,-74.0459090777779,40.5579478636779,-73.9580639383232,0.02048284551,0,2020.18409125683,2020.20457410234,434000000
36,41,0.02486,40.6329445133267,-74.0459090777779,40.6291264735539,-73.996145114762,0.02486,0,2020.18409125683,2020.20895125683,434000000
37,38,2.71544880999994e-05,40.5579478636779,-73.9580639383232,40.568946873212,-73.9509424042359,0.0205099999981,0.02048284551,2020.20457410234,2020.20460125683,434000000
37,39,2.71544880999994e-05,40.5579478636779,-73.9580639383232,40.568946873212,-73.9509424042359,0.0205099999981,0.02048284551,2020.20457410234,2020.20460125683,434000000
39,40,0.00438,40.568946873212,-73.9509424042359,40.607755556846,-73.9650950965206,0.0248899999981,0.0205099999981,2020.20460125683,2020.20898125683,434000000
41,42,0.000599999999999996,40.6291264735539,-73.996145114762,40.6596758049688,-74.0159171073852,0.02546,0.02486,2020.20895125683,2020.20955125683,434000000
42,43,0.03139792558,40.6596758049688,-74.0159171073852,40.6642298513073,-74.0183602668631,0.05685792558,0.02546,2020.20955125683,2020.24094918241,434000000
43,44,0.000292074417999999,40.6642298513073,-74.0183602668631,40.6780587217638,-74.0213078726084,0.057149999998,0.05685792558,2020.24094918241,2020.24124125683,434000000
43,45,0.002212074418,40.6642298513073,-74.0183602668631,40.7665074047095,-73.9530814571518,0.059069999998,0.05685792558,2020.24094918241,2020.24316125683,434000000
49,50,0.000890000000000002,40.7820592585304,-73.7450345506289,40.6722160135443,-73.9105479958973,0.000890000000000002,0,2020.20845125683,2020.20934125683,434000000
54,55,0.000230000000000001,40.6155042073097,-73.9873734087455,40.5974544286822,-74.0548204186759,0.000230000000000001,0,2020.20932125683,2020.20955125683,434000000
59,60,0.03243,41.2279844521779,-73.5703222336832,40.6926415529552,-73.8575050552079,0.03243,0,2020.21024125683,2020.24267125683,434000000
64,65,0.03743,40.7941418294921,-73.6951081275477,40.6343723090226,-73.7958372252036,0.03743,0,2020.20521125683,2020.24264125683,434000000
70,71,4.70672620000029e-05,40.6037616096719,-73.922826347386,40.5676850780321,-73.8407221150183,4.70672620000029e-05,0,2020.20563418957,2020.20568125683,434000000
70,72,0.04282706726,40.6037616096719,-73.922826347386,40.6903527647376,-73.7708042168017,0.04282706726,0,2020.20563418957,2020.24846125683,434000000
77,78,0.01203973125,40.8364061632431,-73.9647413484633,40.7506263095635,-73.9420522405465,0.01203973125,0,2020.23447125683,2020.24651098808,434000000
78,79,0.000370268749200001,40.7506263095635,-73.9420522405465,40.7668045127684,-73.935080285926,0.0124099999992,0.01203973125,2020.24651098808,2020.24688125683,434000000
86,87,0.04549,40.7025615958879,-74.0837922881661,40.6591088096339,-74.0089855356546,0.04549,0,2020.19767125683,2020.24316125683,434000000
86,88,0.007742964183,40.7025615958879,-74.0837922881661,40.6744138156641,-73.9772596985395,0.007742964183,0,2020.19767125683,2020.20541422101,434000000
88,89,0.00593586999,40.6744138156641,-73.9772596985395,40.6669368779872,-73.9816019000825,0.013678834173,0.007742964183,2020.20541422101,2020.211350091,434000000
88,90,0.00307703581699999,40.6744138156641,-73.9772596985395,40.699100971151,-73.9140171560206,0.01082,0.007742964183,2020.20541422101,2020.20849125683,434000000
113,114,0.00544128250000001,40.640576617972,-74.0018904422101,40.7003858814342,-73.891732734328,0.00544128250000001,0,2020.19976650724,2020.20520778974,434000000
114,124,0.00364346708499999,40.7003858814342,-73.891732734328,40.6916571649694,-73.8946911587997,0.009084749585,0.00544128250000001,2020.20520778974,2020.20885125683,434000000
114,115,0.000246435639699991,40.7003858814342,-73.891732734328,40.7059464262039,-73.8933808496463,0.0056877181397,0.00544128250000001,2020.20520778974,2020.20545422538,434000000
115,121,0.0001570314455,40.7059464262039,-73.8933808496463,40.705068285781,-73.8929678138894,0.0058447495852,0.0056877181397,2020.20545422538,2020.20561125683,434000000
115,116,0.00357703144600001,40.7059464262039,-73.8933808496463,40.656534675065,-73.8875417527926,0.00926474958570001,0.0056877181397,2020.20545422538,2020.20903125683,434000000
116,119,0.000393058084999995,40.656534675065,-73.8875417527926,40.6534333440625,-73.896653278095,0.0096578076707,0.00926474958570001,2020.20903125683,2020.20942431492,434000000
116,117,0.0008400364301,40.656534675065,-73.8875417527926,40.6151393954815,-73.968704850321,0.0101047860158,0.00926474958570001,2020.20903125683,2020.20987129326,434000000
117,118,0.02234996357,40.6151393954815,-73.968704850321,40.6453278913297,-73.9768294837765,0.0324547495858,0.0101047860158,2020.20987129326,2020.23222125683,434000000
119,120,0.000126941914999998,40.6534333440625,-73.896653278095,40.6588740755281,-73.9217862066988,0.0097847495857,0.0096578076707,2020.20942431492,2020.20955125683,434000000
121,122,0.03696,40.705068285781,-73.8929678138894,40.624573882164,-73.836214471038,0.0428047495852,0.0058447495852,2020.20561125683,2020.24257125683,434000000
122,123,0.003,40.624573882164,-73.836214471038,40.6518524784893,-73.8512593463611,0.0458047495852,0.0428047495852,2020.24257125683,2020.24557125683,434000000
124,125,0.000640000000000002,40.6916571649694,-73.8946911587997,40.6712135182355,-73.9048557634865,0.009724749585,0.009084749585,2020.20885125683,2020.20949125683,434000000
124,127,0.03047,40.6916571649694,-73.8946911587997,40.7232766227163,-73.7772436699427,0.039554749585,0.009084749585,2020.20885125683,2020.23932125683,434000000
125,126,0.000509999999999997,40.6712135182355,-73.9048557634865,40.6733861400426,-73.9132551708589,0.010234749585,0.009724749585,2020.20949125683,2020.21000125683,434000000
127,128,0.00347,40.7232766227163,-73.7772436699427,40.6587789511288,-73.6323105560391,0.043024749585,0.039554749585,2020.23932125683,2020.24279125683,434000000
127,129,0.00186,40.7232766227163,-73.7772436699427,40.736186829912,-73.7243738529314,0.041414749585,0.039554749585,2020.23932125683,2020.24118125683,434000000
129,130,0.00184,40.736186829912,-73.7243738529314,40.7015626816349,-73.7754238284112,0.043254749585,0.041414749585,2020.24118125683,2020.24302125683,434000000
130,131,0.00207,40.7015626816349,-73.7754238284112,40.7273155781986,-73.8509616809722,0.045324749585,0.043254749585,2020.24302125683,2020.24509125683,434000000
131,132,7.00000000000006e-05,40.7273155781986,-73.8509616809722,40.7154778247169,-73.8516204269603,0.045394749585,0.045324749585,2020.24509125683,2020.24516125683,434000000
131,133,0.000460000000000002,40.7273155781986,-73.8509616809722,40.733050143546,-73.8566745015374,0.045784749585,0.045324749585,2020.24509125683,2020.24555125683,434000000
139,140,0.000409999999999994,40.4543854839883,-73.8958250070942,40.4910596380449,-73.9299632070437,0.000409999999999994,0,2020.20893125682,2020.20934125682,434000000
139,141,0.00109999999999999,40.4543854839883,-73.8958250070942,40.4667885683889,-73.9222184568768,0.00109999999999999,0,2020.20893125682,2020.21003125682,434000000
141,142,0.03856,40.4667885683889,-73.9222184568768,40.6301309392647,-74.0479119933954,0.03966,0.00109999999999999,2020.21003125682,2020.24859125682,434000000
731,904,0.000393270946399987,40.7409672925707,-73.9193075716143,40.7405882680359,-73.9196559867743,0.000393270946399987,0,2020.13859694553,2020.13899021647,434000000
731,732,0.001774976953,40.7409672925707,-73.9193075716143,40.7237908603912,-73.9112239515285,0.001774976953,0,2020.13859694553,2020.14037192248,434000000
732,733,0.00117933435000001,40.7237908603912,-73.9112239515285,40.6276254221903,-73.9291064355077,0.002954311303,0.001774976953,2020.14037192248,2020.14155125683,434000000
732,748,7.94840654899931e-05,40.7237908603912,-73.9112239515285,40.7245938587191,-73.9116989933163,0.00185446101848999,0.001774976953,2020.14037192248,2020.14045140655,434000000
733,734,0.05724049753,40.6276254221903,-73.9291064355077,40.631507074361,-73.9663227540353,0.060194808833,0.002954311303,2020.14155125683,2020.19879175436,434000000
733,747,0.0687,40.6276254221903,-73.9291064355077,40.6221891144983,-73.9449104609908,0.071654311303,0.002954311303,2020.14155125683,2020.21025125683,434000000
734,735,0.000469502474000016,40.631507074361,-73.9663227540353,40.6331849528059,-73.9655172928195,0.060664311307,0.060194808833,2020.19879175436,2020.19926125683,434000000
734,740,0.000300223796800003,40.631507074361,-73.9663227540353,40.632204888639,-73.9654903475926,0.0604950326298,0.060194808833,2020.19879175436,2020.19909197816,434000000
735,737,0.00645999999999999,40.6331849528059,-73.9655172928195,40.6165063625128,-73.9436586961816,0.067124311307,0.060664311307,2020.19926125683,2020.20572125683,434000000
735,736,0.01067,40.6331849528059,-73.9655172928195,40.6401566553271,-73.9742832027659,0.071334311307,0.060664311307,2020.19926125683,2020.20993125683,434000000
737,739,0.00383999999999998,40.6165063625128,-73.9436586961816,40.7328156547447,-73.9637588378184,0.070964311307,0.067124311307,2020.20572125683,2020.20956125683,434000000
737,738,0.00192000000000001,40.6165063625128,-73.9436586961816,40.612138089249,-73.9447048133305,0.069044311307,0.067124311307,2020.20572125683,2020.20764125683,434000000
740,741,0.000169278677200013,40.632204888639,-73.9654903475926,40.8209500409213,-73.9096470295403,0.060664311307,0.0604950326298,2020.19909197816,2020.19926125683,434000000
740,742,0.00925436831900001,40.632204888639,-73.9654903475926,40.6299621059435,-73.9637969524587,0.0697494009488,0.0604950326298,2020.19909197816,2020.20834634648,434000000
742,743,0.000104910358599997,40.6299621059435,-73.9637969524587,40.7913038905835,-73.8969194841838,0.0698543113074,0.0697494009488,2020.20834634648,2020.20845125683,434000000
742,744,0.000104910358599997,40.6299621059435,-73.9637969524587,40.7913038905835,-73.8969194841838,0.0698543113074,0.0697494009488,2020.20834634648,2020.20845125683,434000000
744,745,0.03752,40.7913038905835,-73.8969194841838,40.8398708005411,-73.2552070056613,0.1073743113074,0.0698543113074,2020.20845125683,2020.24597125683,434000000
745,746,0.00176,40.8398708005411,-73.2552070056613,40.8227635050447,-73.1792705827686,0.1091343113074,0.1073743113074,2020.24597125683,2020.24773125683,434000000
748,749,0.03572549881,40.7245938587191,-73.9116989933163,40.6995041929941,-73.9247103839849,0.03757995982849,0.00185446101848999,2020.14045140655,2020.17617690536,434000000
749,750,0.000174165280100003,40.6995041929941,-73.9247103839849,40.6953883073338,-73.9228708469814,0.03775412510859,0.03757995982849,2020.17617690536,2020.17635107064,434000000
750,899,0.000312846889199997,40.6953883073338,-73.9228708469814,40.6961774600099,-73.9234355934106,0.03806697199779,0.03775412510859,2020.17635107064,2020.17666391753,434000000
750,751,0.000483657512000024,40.6953883073338,-73.9228708469814,40.6861315749637,-73.9393515001664,0.03823778262059,0.03775412510859,2020.17635107064,2020.17683472815,434000000
751,752,0.000366528684399986,40.6861315749637,-73.9393515001664,40.6846052499679,-73.9430150393309,0.03860431130499,0.03823778262059,2020.17683472815,2020.17720125683,434000000
751,885,0.000366528684399986,40.6861315749637,-73.9393515001664,40.6846052499679,-73.9430150393309,0.03860431130499,0.03823778262059,2020.17683472815,2020.17720125683,434000000
752,753,0.01001810837,40.6846052499679,-73.9430150393309,40.6816003118956,-73.9421654252764,0.04862241967499,0.03860431130499,2020.17720125683,2020.1872193652,434000000
753,754,1.18916284700121e-05,40.6816003118956,-73.9421654252764,40.6809593342307,-73.9425852966685,0.04863431130346,0.04862241967499,2020.1872193652,2020.18723125683,434000000
754,755,0.00351341542899999,40.6809593342307,-73.9425852966685,40.6853293573947,-73.9377981598081,0.05214772673246,0.04863431130346,2020.18723125683,2020.19074467226,434000000
755,834,0.000155633623599993,40.6853293573947,-73.9377981598081,40.6669405772011,-73.9479178021258,0.05230336035606,0.05214772673246,2020.19074467226,2020.19090030588,434000000
755,756,0.000714864712300006,40.6853293573947,-73.9377981598081,40.6939360686111,-73.9364230284956,0.05286259144476,0.05214772673246,2020.19074467226,2020.19145953697,434000000
756,757,0.000212467018299994,40.6939360686111,-73.9364230284956,40.6955193689246,-73.9360911666436,0.05307505846306,0.05286259144476,2020.19145953697,2020.19167200399,434000000
757,763,0.000125630255699977,40.6955193689246,-73.9360911666436,40.6950110721731,-73.9374422101317,0.05320068871876,0.05307505846306,2020.19167200399,2020.19179763425,434000000
757,758,0.000588706195499999,40.6955193689246,-73.9360911666436,40.6402074358061,-74.0002892976185,0.05366376465856,0.05307505846306,2020.19167200399,2020.19226071019,434000000
758,759,2.05466446200064e-05,40.6402074358061,-74.0002892976185,40.6407412125674,-74.0006289875305,0.05368431130318,0.05366376465856,2020.19226071019,2020.19228125683,434000000
759,760,0.01564,40.6407412125674,-74.0006289875305,40.6186097571002,-74.0038334706834,0.06932431130318,0.05368431130318,2020.19228125683,2020.20792125683,434000000
760,761,0.00178777353199999,40.6186097571002,-74.0038334706834,40.6341225430329,-74.0139824372832,0.07111208483518,0.06932431130318,2020.20792125683,2020.20970903036,434000000
761,762,0.000112226468000021,40.6341225430329,-74.0139824372832,40.634916769805,-74.0068649787443,0.07122431130318,0.07111208483518,2020.20970903036,2020.20982125683,434000000
763,764,0.000324565140200017,40.6950110721731,-73.9374422101317,40.6937928658021,-73.9090211006163,0.05352525385896,0.05320068871876,2020.19179763425,2020.19212219939,434000000
763,772,0.00407362258400001,40.6950110721731,-73.9374422101317,40.6992880648769,-73.9407233941865,0.05727431130276,0.05320068871876,2020.19179763425,2020.19587125683,434000000
764,765,0.0001590574442,40.6937928658021,-73.9090211006163,40.6934372459772,-73.9093868088665,0.05368431130316,0.05352525385896,2020.19212219939,2020.19228125683,434000000
764,770,0.01700480507,40.6937928658021,-73.9090211006163,40.6953419798736,-73.8858493960305,0.07053005892896,0.05352525385896,2020.19212219939,2020.20912700446,434000000
765,766,0.01655730169,40.6934372459772,-73.9093868088665,40.7001996486381,-73.9524707625779,0.07024161299316,0.05368431130316,2020.19228125683,2020.20883855852,434000000
766,767,0.00112269831099998,40.7001996486381,-73.9524707625779,40.7073130075174,-73.9564476206976,0.07136431130416,0.07024161299316,2020.20883855852,2020.20996125683,434000000
767,768,0.000140000000000029,40.7073130075174,-73.9564476206976,40.7080851141141,-73.9566572988093,0.07150431130416,0.07136431130416,2020.20996125683,2020.21010125683,434000000
768,769,0.03033,40.7080851141141,-73.9566572988093,40.6813469711997,-73.9970390363969,0.10183431130416,0.07150431130416,2020.21010125683,2020.24043125683,434000000
770,771,0.000264252376100005,40.6953419798736,-73.8858493960305,40.6967467631947,-73.8865239879657,0.07079431130506,0.07053005892896,2020.20912700446,2020.20939125683,434000000
772,773,0.00181999999999999,40.6992880648769,-73.9407233941865,40.614605653691,-74.0042173675391,0.05909431130276,0.05727431130276,2020.19587125683,2020.19769125683,434000000
773,789,0.00175000000000003,40.614605653691,-74.0042173675391,40.696500962017,-73.9369510480515,0.06084431130276,0.05909431130276,2020.19769125683,2020.19944125683,434000000
773,774,0.00720000000000001,40.614605653691,-74.0042173675391,40.7016974037481,-73.9422582005508,0.06629431130276,0.05909431130276,2020.19769125683,2020.20489125683,434000000
774,781,0.00413260230600002,40.7016974037481,-73.9422582005508,40.7006728446634,-73.9433671346189,0.07042691360876,0.06629431130276,2020.20489125683,2020.20902385914,434000000
774,775,0.00175,40.7016974037481,-73.9422582005508,40.7111125650881,-73.9391604519554,0.06804431130276,0.06629431130276,2020.20489125683,2020.20664125683,434000000
775,776,0.00181000000000001,40.7111125650881,-73.9391604519554,40.7148507824213,-73.9384083523794,0.06985431130276,0.06804431130276,2020.20664125683,2020.20845125683,434000000
775,779,0.00181000000000001,40.7111125650881,-73.9391604519554,40.7148507824213,-73.9384083523794,0.06985431130276,0.06804431130276,2020.20664125683,2020.20845125683,434000000
776,778,0.00192000000000001,40.7148507824213,-73.9384083523794,40.612138089249,-73.9447048133305,0.07177431130276,0.06985431130276,2020.20845125683,2020.21037125683,434000000
776,777,0.00192000000000001,40.7148507824213,-73.9384083523794,40.612138089249,-73.9447048133305,0.07177431130276,0.06985431130276,2020.20845125683,2020.21037125683,434000000
779,780,0.00192000000000001,40.7148507824213,-73.9384083523794,40.612138089249,-73.9447048133305,0.07177431130276,0.06985431130276,2020.20845125683,2020.21037125683,434000000
781,783,0.000247397693599993,40.7006728446634,-73.9433671346189,40.7006383984172,-73.9412844664931,0.07067431130236,0.07042691360876,2020.20902385914,2020.20927125683,434000000
781,782,0.00115739769399997,40.7006728446634,-73.9433671346189,40.7023470253967,-73.9347170669916,0.07158431130276,0.07042691360876,2020.20902385914,2020.21018125683,434000000
783,784,0.000419999999999976,40.7006383984172,-73.9412844664931,40.7004903952811,-73.9363296471335,0.07109431130236,0.07067431130236,2020.20927125683,2020.20969125683,434000000
783,786,0.000586140689999987,40.7006383984172,-73.9412844664931,40.6991682623301,-73.9437564611255,0.07126045199236,0.07067431130236,2020.20927125683,2020.20985739752,434000000
784,785,0.000320000000000015,40.7004903952811,-73.9363296471335,40.7035629095317,-73.9354557615774,0.07141431130236,0.07109431130236,2020.20969125683,2020.21001125683,434000000
786,787,0.000103859309999982,40.6991682623301,-73.9437564611255,40.6851125298116,-73.9392170470455,0.07136431130236,0.07126045199236,2020.20985739752,2020.20996125683,434000000
786,788,0.03590385931,40.6991682623301,-73.9437564611255,40.7058463577064,-73.93410121845,0.10716431130236,0.07126045199236,2020.20985739752,2020.24576125683,434000000
789,806,0.00918609681799998,40.696500962017,-73.9369510480515,40.6971510565169,-73.942873360513,0.07003040812076,0.06084431130276,2020.19944125683,2020.20862735365,434000000
789,790,0.00181999999999999,40.696500962017,-73.9369510480515,40.614605653691,-74.0042173675391,0.06266431130276,0.06084431130276,2020.19944125683,2020.20126125683,434000000
790,792,0.00790124538199999,40.614605653691,-74.0042173675391,40.622449624986,-73.9950822826489,0.07056555668476,0.06266431130276,2020.20126125683,2020.20916250221,434000000
790,791,0.00364999999999999,40.614605653691,-74.0042173675391,40.6172513833487,-74.0042449012825,0.06631431130276,0.06266431130276,2020.20126125683,2020.20491125683,434000000
792,793,0.03887662132,40.622449624986,-73.9950822826489,40.6001398801539,-73.9604563410231,0.10944217800476,0.07056555668476,2020.20916250221,2020.24803912353,434000000
792,796,8.99989207800156e-05,40.622449624986,-73.9950822826489,40.6228749298853,-73.9951067200427,0.07065555560554,0.07056555668476,2020.20916250221,2020.20925250113,434000000
793,794,0.000312133295699998,40.6001398801539,-73.9604563410231,40.5996299499012,-73.9616278474343,0.10975431130046,0.10944217800476,2020.24803912353,2020.24835125683,434000000
793,795,9.21332957199983e-05,40.6001398801539,-73.9604563410231,40.5995334970919,-73.9600203886788,0.10953431130048,0.10944217800476,2020.24803912353,2020.24813125683,434000000
796,798,6.77647302199935e-05,40.6228749298853,-73.9951067200427,40.6229510201219,-73.9943120249159,0.07072332033576,0.07065555560554,2020.20925250113,2020.20932026586,434000000
796,797,0.000768755697600015,40.6228749298853,-73.9951067200427,40.6231649745392,-74.0025741373758,0.07142431130314,0.07065555560554,2020.20925250113,2020.21002125683,434000000
798,799,7.06971180400029e-05,40.6229510201219,-73.9943120249159,40.6219888318589,-73.9947640734921,0.0707940174538,0.07072332033576,2020.20932026586,2020.20939096298,434000000
799,800,0.000228938163500003,40.6219888318589,-73.9947640734921,40.6214939747512,-73.9944358878203,0.0710229556173,0.0707940174538,2020.20939096298,2020.20961990114,434000000
799,803,0.000400293849400019,40.6219888318589,-73.9947640734921,40.620106556601,-73.9882745695969,0.0711943113032,0.0707940174538,2020.20939096298,2020.20979125683,434000000
800,802,0.000401355685899996,40.6214939747512,-73.9944358878203,40.6208983832619,-73.9973754236611,0.0714243113032,0.0710229556173,2020.20961990114,2020.21002125683,434000000
800,801,0.000401355685899996,40.6214939747512,-73.9944358878203,40.6208983832619,-73.9973754236611,0.0714243113032,0.0710229556173,2020.20961990114,2020.21002125683,434000000
803,804,0.03146,40.620106556601,-73.9882745695969,40.6215313232391,-73.9872484896516,0.1026543113032,0.0711943113032,2020.20979125683,2020.24125125683,434000000
804,805,0.00186273375400001,40.6215313232391,-73.9872484896516,40.6823083978677,-73.9140497335545,0.1045170450572,0.1026543113032,2020.24125125683,2020.24311399058,434000000
806,807,0.000463903181600001,40.6971510565169,-73.942873360513,40.6946108050614,-73.9483695851932,0.07049431130236,0.07003040812076,2020.20862735365,2020.20909125683,434000000
806,814,5.58560604900227e-05,40.6971510565169,-73.942873360513,40.6980905352606,-73.942736410056,0.07008626418125,0.07003040812076,2020.20862735365,2020.20868320971,434000000
807,811,0.000400000000000011,40.6946108050614,-73.9483695851932,40.712285714505,-73.9701663219621,0.07089431130236,0.07049431130236,2020.20909125683,2020.20949125683,434000000
807,808,0.000516072952900015,40.6946108050614,-73.9483695851932,40.6940818872214,-73.9417233997623,0.07101038425526,0.07049431130236,2020.20909125683,2020.20960732978,434000000
808,809,0.000113927047100004,40.6940818872214,-73.9417233997623,40.6953152227105,-73.9416608376713,0.07112431130236,0.07101038425526,2020.20960732978,2020.20972125683,434000000
808,810,0.000113927047100004,40.6940818872214,-73.9417233997623,40.6953152227105,-73.9416608376713,0.07112431130236,0.07101038425526,2020.20960732978,2020.20972125683,434000000
811,813,0.00051000000000001,40.712285714505,-73.9701663219621,40.702789067372,-73.9696515784129,0.07140431130236,0.07089431130236,2020.20949125683,2020.21000125683,434000000
811,812,0.000230000000000008,40.712285714505,-73.9701663219621,40.7115591094749,-73.9718775020077,0.07112431130236,0.07089431130236,2020.20949125683,2020.20972125683,434000000
814,818,0.000356113415399983,40.6980905352606,-73.942736410056,40.6256920610041,-73.9392053613422,0.07044237759665,0.07008626418125,2020.20868320971,2020.20903932312,434000000
814,815,0.000808047121099997,40.6980905352606,-73.942736410056,40.695987623206,-73.9362168521964,0.07089431130235,0.07008626418125,2020.20868320971,2020.20949125683,434000000
815,816,0.000509999999999983,40.695987623206,-73.9362168521964,40.6917172786329,-73.9333226635526,0.07140431130235,0.07089431130235,2020.20949125683,2020.21000125683,434000000
815,817,0.000509999999999983,40.695987623206,-73.9362168521964,40.6917172786329,-73.9333226635526,0.07140431130235,0.07089431130235,2020.20949125683,2020.21000125683,434000000
818,821,0.000501933705700008,40.6256920610041,-73.9392053613422,40.6339033499527,-73.944618907431,0.07094431130235,0.07044237759665,2020.20903932312,2020.20954125683,434000000
818,819,0.000311933705699985,40.6256920610041,-73.9392053613422,40.6248242049627,-73.9368612286689,0.07075431130235,0.07044237759665,2020.20903932312,2020.20935125683,434000000
819,820,0.03381,40.6248242049627,-73.9368612286689,40.6723401875154,-73.9566701547698,0.10456431130235,0.07075431130235,2020.20935125683,2020.24316125683,434000000
821,822,0.000249999999999972,40.6339033499527,-73.944618907431,40.6352441982301,-73.9488726761731,0.07119431130235,0.07094431130235,2020.20954125683,2020.20979125683,434000000
821,827,9.9999999999989e-05,40.6339033499527,-73.944618907431,40.6338330880426,-73.9447391151975,0.07104431130235,0.07094431130235,2020.20954125683,2020.20964125683,434000000
822,823,0.03574,40.6352441982301,-73.9488726761731,40.623962177513,-73.9979962557098,0.10693431130235,0.07119431130235,2020.20979125683,2020.24553125683,434000000
822,826,8.00000000000245e-05,40.6352441982301,-73.9488726761731,40.6301629226459,-73.9444667620086,0.07127431130235,0.07119431130235,2020.20979125683,2020.20987125683,434000000
823,825,0.000310000000000005,40.623962177513,-73.9979962557098,40.6235403260972,-73.9976434371432,0.10724431130235,0.10693431130235,2020.24553125683,2020.24584125683,434000000
823,824,0.000839999999999994,40.623962177513,-73.9979962557098,40.6738396803441,-73.9657107226517,0.10777431130235,0.10693431130235,2020.24553125683,2020.24637125683,434000000
827,828,0.03721746582,40.6338330880426,-73.9447391151975,40.6251163177228,-73.9480345105812,0.10826177712235,0.07104431130235,2020.20964125683,2020.24685872265,434000000
827,831,9.00000000000067e-05,40.6338330880426,-73.9447391151975,40.6345301890184,-73.9461207315407,0.07113431130235,0.07104431130235,2020.20964125683,2020.20973125683,434000000
828,829,0.000142534183800003,40.6251163177228,-73.9480345105812,40.6365350875376,-74.0027199265378,0.10840431130615,0.10826177712235,2020.24685872265,2020.24700125683,434000000
828,830,0.000142534183800003,40.6251163177228,-73.9480345105812,40.6365350875376,-74.0027199265378,0.10840431130615,0.10826177712235,2020.24685872265,2020.24700125683,434000000
831,832,0.03722,40.6345301890184,-73.9461207315407,40.698900315667,-73.8712011724949,0.10835431130235,0.07113431130235,2020.20973125683,2020.24695125683,434000000
831,833,0.03343,40.6345301890184,-73.9461207315407,40.5938516195961,-73.9480636625047,0.10456431130235,0.07113431130235,2020.20973125683,2020.24316125683,434000000
834,835,0.000317046397299986,40.6669405772011,-73.9479178021258,40.6644989503045,-73.9484693425642,0.05262040675336,0.05230336035606,2020.19090030588,2020.19121735228,434000000
835,866,0.000619000064800007,40.6644989503045,-73.9484693425642,40.6575313400712,-73.9525903151101,0.05323940681816,0.05262040675336,2020.19121735228,2020.19183635235,434000000
835,836,0.000106418983100015,40.6644989503045,-73.9484693425642,40.6658243982412,-73.9505161408773,0.05272682573646,0.05262040675336,2020.19121735228,2020.19132377126,434000000
836,837,0.000135038451899994,40.6658243982412,-73.9505161408773,40.669407517034,-73.9535956472313,0.05286186418836,0.05272682573646,2020.19132377126,2020.19145880972,434000000
837,838,0.000250700940299997,40.669407517034,-73.9535956472313,40.670346318279,-73.9546018999519,0.05311256512866,0.05286186418836,2020.19145880972,2020.19170951066,434000000
838,859,0.000314921589900014,40.670346318279,-73.9546018999519,40.6722935729776,-73.9557391484572,0.05342748671856,0.05311256512866,2020.19170951066,2020.19202443225,434000000
838,839,1.92090347300167e-05,40.670346318279,-73.9546018999519,40.670391189504,-73.9536372770378,0.05313177416339,0.05311256512866,2020.19170951066,2020.19172871969,434000000
839,840,0.000234182154499996,40.670391189504,-73.9536372770378,40.6703931872932,-73.9536331223799,0.05336595631789,0.05313177416339,2020.19172871969,2020.19196290185,434000000
840,841,0.000318354985300001,40.6703931872932,-73.9536331223799,40.6702953159425,-73.9501810217541,0.05368431130319,0.05336595631789,2020.19196290185,2020.19228125683,434000000
840,857,0.000318354985300001,40.6703931872932,-73.9536331223799,40.6702953159425,-73.9501810217541,0.05368431130319,0.05336595631789,2020.19196290185,2020.19228125683,434000000
841,856,0.01271,40.6702953159425,-73.9501810217541,40.7132477942275,-73.8363945941394,0.06639431130319,0.05368431130319,2020.19228125683,2020.20499125683,434000000
841,842,0.00867463196900001,40.6702953159425,-73.9501810217541,40.6754396709325,-73.9366165037522,0.06235894327219,0.05368431130319,2020.19228125683,2020.2009558888,434000000
842,854,0.000129247051600001,40.6754396709325,-73.9366165037522,40.6760807214421,-73.9375800614169,0.06248819032379,0.06235894327219,2020.2009558888,2020.20108513585,434000000
842,843,0.000365368031499974,40.6754396709325,-73.9366165037522,40.6771575587167,-73.9376256831488,0.06272431130369,0.06235894327219,2020.2009558888,2020.20132125683,434000000
843,844,0.00180000000000002,40.6771575587167,-73.9376256831488,40.5967748658624,-73.9709658276536,0.06452431130369,0.06272431130369,2020.20132125683,2020.20312125683,434000000
844,845,0.00174999999999997,40.5967748658624,-73.9709658276536,40.5974323148693,-73.9730851051599,0.06627431130369,0.06452431130369,2020.20312125683,2020.20487125683,434000000
845,846,0.00176999999999999,40.5974323148693,-73.9730851051599,40.6094943144444,-73.9746902161995,0.06804431130369,0.06627431130369,2020.20487125683,2020.20664125683,434000000
845,850,0.00434810055400003,40.5974323148693,-73.9730851051599,40.6565595488429,-73.8787553381075,0.07062241185769,0.06627431130369,2020.20487125683,2020.20921935739,434000000
846,847,0.00181000000000003,40.6094943144444,-73.9746902161995,40.6112016318524,-73.9768826068424,0.06985431130369,0.06804431130369,2020.20664125683,2020.20845125683,434000000
847,849,0.000639999999999974,40.6112016318524,-73.9768826068424,40.6085781319163,-73.9756263726901,0.07049431130369,0.06985431130369,2020.20845125683,2020.20909125683,434000000
847,848,0.00191999999999998,40.6112016318524,-73.9768826068424,40.617477914415,-73.9816150877444,0.07177431130369,0.06985431130369,2020.20845125683,2020.21037125683,434000000
850,851,0.000233088572099971,40.6565595488429,-73.8787553381075,40.6566489869036,-73.8775386975792,0.07085550042979,0.07062241185769,2020.20921935739,2020.20945244596,434000000
851,853,0.000218810873500008,40.6566489869036,-73.8775386975792,40.6547434769869,-73.8744595356681,0.07107431130329,0.07085550042979,2020.20945244596,2020.20967125683,434000000
851,852,0.000378810873500002,40.6566489869036,-73.8775386975792,40.6559730013564,-73.8829374130479,0.07123431130329,0.07085550042979,2020.20945244596,2020.20983125683,434000000
854,855,0.000236120979899973,40.6760807214421,-73.9375800614169,40.6771086168051,-73.9380868283073,0.06272431130369,0.06248819032379,2020.20108513585,2020.20132125683,434000000
857,858,0.0174,40.6702953159425,-73.9501810217541,40.6103704981241,-73.9301143713069,0.07108431130319,0.05368431130319,2020.19228125683,2020.20968125683,434000000
859,864,0.01796109703,40.6722935729776,-73.9557391484572,40.6447997478831,-73.9792863439754,0.07138858374856,0.05342748671856,2020.19202443225,2020.20998552928,434000000
859,860,0.000256824584599996,40.6722935729776,-73.9557391484572,40.6721886634652,-73.9557621633457,0.05368431130316,0.05342748671856,2020.19202443225,2020.19228125683,434000000
860,861,0.01710808665,40.6721886634652,-73.9557621633457,40.7133306027314,-73.9576604134416,0.07079239795316,0.05368431130316,2020.19228125683,2020.20938934348,434000000
861,863,0.03581191335,40.7133306027314,-73.9576604134416,40.6884311827692,-73.9561247427548,0.10660431130316,0.07079239795316,2020.20938934348,2020.24520125683,434000000
861,862,0.000291913345299988,40.7133306027314,-73.9576604134416,40.7141260734425,-73.9604644336013,0.07108431129846,0.07079239795316,2020.20938934348,2020.20968125683,434000000
864,865,1.57275554200087e-05,40.6447997478831,-73.9792863439754,40.6449928686721,-73.9801470488217,0.07140431130398,0.07138858374856,2020.20998552928,2020.21000125683,434000000
866,867,9.22750079299095e-06,40.6575313400712,-73.9525903151101,40.6639003680628,-73.9523278302036,0.053248634318953,0.05323940681816,2020.19183635235,2020.19184557985,434000000
866,878,4.40995564600088e-05,40.6575313400712,-73.9525903151101,40.6565982504748,-73.9525682790957,0.05328350637462,0.05323940681816,2020.19183635235,2020.1918804519,434000000
867,875,7.84423902300269e-05,40.6639003680628,-73.9523278302036,40.6636921075016,-73.9528112164599,0.053327076709183,0.053248634318953,2020.19184557985,2020.19192402224,434000000
867,868,0.000271971093800005,40.6639003680628,-73.9523278302036,40.6650650564319,-73.9526333179873,0.053520605412753,0.053248634318953,2020.19184557985,2020.19211755094,434000000
868,869,6.88930329300064e-05,40.6650650564319,-73.9526333179873,40.6655508583935,-73.9545384794974,0.053589498445683,0.053520605412753,2020.19211755094,2020.19218644397,434000000
868,874,0.000163705890500021,40.6650650564319,-73.9526333179873,40.6623380336042,-73.9518777530306,0.053684311303253,0.053520605412753,2020.19211755094,2020.19228125683,434000000
869,870,0.01818481286,40.6655508583935,-73.9545384794974,40.7883878267748,-73.7974744118514,0.071774311305683,0.053589498445683,2020.19218644397,2020.21037125683,434000000
869,871,9.48128575500029e-05,40.6655508583935,-73.9545384794974,40.6645919161514,-73.9535149824862,0.053684311303233,0.053589498445683,2020.19218644397,2020.19228125683,434000000
871,872,0.0162,40.6645919161514,-73.9535149824862,40.6549804384955,-73.9495567067892,0.069884311303233,0.053684311303233,2020.19228125683,2020.20848125683,434000000
872,873,0.00189,40.6549804384955,-73.9495567067892,40.6828847403958,-73.7810178676003,0.071774311303233,0.069884311303233,2020.20848125683,2020.21037125683,434000000
875,876,0.000357234594,40.6636921075016,-73.9528112164599,40.6652442261594,-73.9523050757614,0.053684311303183,0.053327076709183,2020.19192402224,2020.19228125683,434000000
876,877,0.01496,40.6652442261594,-73.9523050757614,40.7329370721949,-73.9866680234407,0.068644311303183,0.053684311303183,2020.19228125683,2020.20724125683,434000000
878,882,0.000111554088800009,40.6565982504748,-73.9525682790957,40.6582295290473,-73.9525850706949,0.05339506046342,0.05328350637462,2020.1918804519,2020.19199200599,434000000
878,879,0.000130395805800015,40.6565982504748,-73.9525682790957,40.6800234292417,-73.6767608972882,0.05341390218042,0.05328350637462,2020.1918804519,2020.19201084771,434000000
879,880,0.01290040912,40.6800234292417,-73.6767608972882,40.7005880430639,-73.6856751308688,0.06631431130042,0.05341390218042,2020.19201084771,2020.20491125683,434000000
880,881,0.03825,40.7005880430639,-73.6856751308688,40.7736946526301,-73.4228431368499,0.10456431130042,0.06631431130042,2020.20491125683,2020.24316125683,434000000
882,884,0.000289250839799998,40.6582295290473,-73.9525850706949,40.6562600353635,-73.9497522510256,0.05368431130322,0.05339506046342,2020.19199200599,2020.19228125683,434000000
882,883,0.000289250839799998,40.6582295290473,-73.9525850706949,40.6562600353635,-73.9497522510256,0.05368431130322,0.05339506046342,2020.19199200599,2020.19228125683,434000000
885,886,0.01576,40.6846052499679,-73.9430150393309,40.7426007132972,-73.9429728859758,0.05436431130499,0.03860431130499,2020.17720125683,2020.19296125683,434000000
886,890,0.01369,40.7426007132972,-73.9429728859758,40.7408969261801,-73.9347304175511,0.06805431130499,0.05436431130499,2020.19296125683,2020.20665125683,434000000
886,887,0.01638,40.7426007132972,-73.9429728859758,40.7363074478835,-73.9460401712185,0.07074431130499,0.05436431130499,2020.19296125683,2020.20934125683,434000000
887,888,5e-04,40.7363074478835,-73.9460401712185,40.741033696007,-73.9382530965678,0.07124431130499,0.07074431130499,2020.20934125683,2020.20984125683,434000000
887,889,0.000549999999999995,40.7363074478835,-73.9460401712185,40.6896317346677,-73.9298834904033,0.07129431130499,0.07074431130499,2020.20934125683,2020.20989125683,434000000
890,894,0.00178,40.7408969261801,-73.9347304175511,40.7463889139254,-73.957778243888,0.06983431130499,0.06805431130499,2020.20665125683,2020.20843125683,434000000
890,891,0.0018,40.7408969261801,-73.9347304175511,40.7584027121433,-73.9388296636164,0.06985431130499,0.06805431130499,2020.20665125683,2020.20845125683,434000000
891,892,9.99999999998225e-06,40.7584027121433,-73.9388296636164,40.7582102126021,-73.9387631464442,0.06986431130499,0.06985431130499,2020.20845125683,2020.20846125683,434000000
892,893,0.0347,40.7582102126021,-73.9387631464442,40.5813309873055,-73.8254856100272,0.10456431130499,0.06986431130499,2020.20846125683,2020.24316125683,434000000
894,895,0.000855516910300003,40.7463889139254,-73.957778243888,40.7470625485245,-73.9584207282909,0.07068982821529,0.06983431130499,2020.20843125683,2020.20928677374,434000000
894,897,0.00119231750600002,40.7463889139254,-73.957778243888,40.7451270086854,-73.9627987892082,0.07102662881099,0.06983431130499,2020.20843125683,2020.20962357434,434000000
895,896,0.00104448308999999,40.7470625485245,-73.9584207282909,40.7578422589017,-73.9605696139687,0.07173431130529,0.07068982821529,2020.20928677374,2020.21033125683,434000000
897,898,0.03079768249,40.7451270086854,-73.9627987892082,40.7139892998599,-73.9839918065519,0.10182431130099,0.07102662881099,2020.20962357434,2020.24042125683,434000000
899,901,0.000215169900599999,40.6961774600099,-73.9234355934106,40.6980884331168,-73.9252474106406,0.03828214189839,0.03806697199779,2020.17666391753,2020.17687908743,434000000
899,900,0.000537339307300017,40.6961774600099,-73.9234355934106,40.687880661078,-73.9271508039112,0.03860431130509,0.03806697199779,2020.17666391753,2020.17720125683,434000000
901,902,0.000322169406700018,40.6980884331168,-73.9252474106406,40.6977280432173,-73.92573862111,0.03860431130509,0.03828214189839,2020.17687908743,2020.17720125683,434000000
902,903,0.03224,40.6977280432173,-73.92573862111,40.6785465245857,-73.8765870031396,0.07084431130509,0.03860431130509,2020.17720125683,2020.20944125683,434000000
904,905,0.000324905867000014,40.7405882680359,-73.9196559867743,40.7413995507738,-73.9230247138494,0.000718176813400001,0.000393270946399987,2020.13899021647,2020.13931512234,434000000
904,1301,0.00183740065900001,40.7405882680359,-73.9196559867743,40.7451489505849,-73.9153900409776,0.0022306716054,0.000393270946399987,2020.13899021647,2020.14082761713,434000000
905,1296,0.001667722742,40.7413995507738,-73.9230247138494,40.7321079923411,-73.9272031817756,0.0023858995554,0.000718176813400001,2020.13931512234,2020.14098284508,434000000
905,906,0.00035580510210001,40.7413995507738,-73.9230247138494,40.6535933697625,-73.987909851921,0.00107398191550001,0.000718176813400001,2020.13931512234,2020.13967092744,434000000
906,1290,0.00102376867099999,40.6535933697625,-73.987909851921,40.6861206629745,-73.9794820891628,0.0020977505865,0.00107398191550001,2020.13967092744,2020.14069469611,434000000
906,907,0.000253166838499991,40.6535933697625,-73.987909851921,40.6544550862067,-73.9913824213803,0.001327148754,0.00107398191550001,2020.13967092744,2020.13992409428,434000000
907,908,0.00135713026000001,40.6544550862067,-73.9913824213803,40.6557064808184,-73.9914629607174,0.00268427901400001,0.001327148754,2020.13992409428,2020.14128122454,434000000
907,916,0.000217636865600002,40.6544550862067,-73.9913824213803,40.6542744523402,-73.9905760435458,0.0015447856196,0.001327148754,2020.13992409428,2020.14014173115,434000000
908,912,0.05680339942,40.6557064808184,-73.9914629607174,40.6301660288963,-74.0004839683751,0.059487678434,0.00268427901400001,2020.14128122454,2020.19808462396,434000000
908,909,0.06458003229,40.6557064808184,-73.9914629607174,40.6564800394324,-73.7443217286266,0.067264311304,0.00268427901400001,2020.14128122454,2020.20586125683,434000000
909,910,0.00401999999999997,40.6564800394324,-73.7443217286266,40.6562854787858,-73.7445723648619,0.071284311304,0.067264311304,2020.20586125683,2020.20988125683,434000000
910,911,0.03328,40.6562854787858,-73.7445723648619,40.7220331687748,-73.9750904633921,0.104564311304,0.071284311304,2020.20988125683,2020.24316125683,434000000
912,913,0.0001066328655,40.6301660288963,-74.0004839683751,40.6286603172621,-73.996324577676,0.0595943112995,0.059487678434,2020.19808462396,2020.19819125683,434000000
913,914,0.007451788259,40.6286603172621,-73.996324577676,40.6205113372191,-73.9931261911573,0.0670460995585,0.0595943112995,2020.19819125683,2020.20564304509,434000000
914,915,0.002717622818,40.6205113372191,-73.9931261911573,40.6197083558658,-73.9964656686951,0.0697637223765,0.0670460995585,2020.20564304509,2020.2083606679,434000000
916,917,0.000976884170300008,40.6542744523402,-73.9905760435458,40.6610509937965,-74.003404084723,0.00252166978990001,0.0015447856196,2020.14014173115,2020.14111861532,434000000
916,919,0.000289706000100004,40.6542744523402,-73.9905760435458,40.6940381328047,-73.9704698966814,0.00183449161970001,0.0015447856196,2020.14014173115,2020.14043143715,434000000
917,918,0.000432641512399995,40.6610509937965,-74.003404084723,40.6596662057776,-74.007154755233,0.00295431130230001,0.00252166978990001,2020.14111861532,2020.14155125683,434000000
919,920,0.00111981968299998,40.6940381328047,-73.9704698966814,40.6740768001599,-73.9824089967332,0.00295431130269999,0.00183449161970001,2020.14043143715,2020.14155125683,434000000
919,921,5.99806551299931e-05,40.6940381328047,-73.9704698966814,40.6936363430114,-73.970229989048,0.00189447227483,0.00183449161970001,2020.14043143715,2020.1404914178,434000000
921,1260,0.000200182214700001,40.6936363430114,-73.970229989048,40.6924654460583,-73.9694830721414,0.00209465448953,0.00189447227483,2020.1404914178,2020.14069160002,434000000
921,922,0.000480184666799999,40.6936363430114,-73.970229989048,40.6949377745684,-73.9688083908498,0.00237465694163,0.00189447227483,2020.1404914178,2020.14097160247,434000000
922,926,0.01798965436,40.6949377745684,-73.9688083908498,40.7074124218588,-73.9750059529014,0.02036431130163,0.00237465694163,2020.14097160247,2020.15896125683,434000000
922,923,0.000175743398900002,40.6949377745684,-73.9688083908498,40.6979080962846,-73.941256425215,0.00255040034053,0.00237465694163,2020.14097160247,2020.14114734587,434000000
923,924,0.000242349167699996,40.6979080962846,-73.941256425215,40.6705064199226,-73.9529979273539,0.00279274950823,0.00255040034053,2020.14114734587,2020.14138969504,434000000
924,925,0.05442156179,40.6705064199226,-73.9529979273539,40.6502727397038,-73.9467796624914,0.05721431129823,0.00279274950823,2020.14138969504,2020.19581125683,434000000
926,927,0.02259,40.7074124218588,-73.9750059529014,40.6955023520878,-73.9762216320504,0.04295431130163,0.02036431130163,2020.15896125683,2020.18155125683,434000000
926,965,0.00191,40.7074124218588,-73.9750059529014,40.7067835680546,-73.9770405901007,0.02227431130163,0.02036431130163,2020.15896125683,2020.16087125683,434000000
927,949,0.003759523284,40.6955023520878,-73.9762216320504,40.6795104552918,-73.9719370078371,0.04671383458563,0.04295431130163,2020.18155125683,2020.18531078011,434000000
927,928,0.00234000000000001,40.6955023520878,-73.9762216320504,40.6973174257926,-73.9732236182418,0.04529431130163,0.04295431130163,2020.18155125683,2020.18389125683,434000000
928,938,0.00220186777,40.6973174257926,-73.9732236182418,40.6992067516604,-73.9761511819989,0.04749617907163,0.04529431130163,2020.18389125683,2020.1860931246,434000000
928,929,0.00170000000000001,40.6973174257926,-73.9732236182418,40.7109767418303,-73.950065256309,0.04699431130163,0.04529431130163,2020.18389125683,2020.18559125683,434000000
929,930,0.01982387659,40.7109767418303,-73.950065256309,40.6914314653598,-73.6063605936978,0.06681818789163,0.04699431130163,2020.18559125683,2020.20541513342,434000000
929,934,0.008504111461,40.7109767418303,-73.950065256309,40.7080646624414,-73.9514482755241,0.05549842276263,0.04699431130163,2020.18559125683,2020.19409536829,434000000
930,931,0.000356123406200004,40.6914314653598,-73.6063605936978,40.6952924928944,-73.6100366207726,0.06717431129783,0.06681818789163,2020.20541513342,2020.20577125683,434000000
930,932,0.00200612340600001,40.6914314653598,-73.6063605936978,40.7086859184982,-73.5799922630376,0.06882431129763,0.06681818789163,2020.20541513342,2020.20742125683,434000000
932,933,0.00141999999999998,40.7086859184982,-73.5799922630376,40.7228436429334,-73.6013352971739,0.07024431129763,0.06882431129763,2020.20742125683,2020.20884125682,434000000
934,935,0.00812588853899998,40.7080646624414,-73.9514482755241,40.7319489399245,-73.9796777824957,0.06362431130163,0.05549842276263,2020.19409536829,2020.20222125683,434000000
935,936,0.00181000000000001,40.7319489399245,-73.9796777824957,40.7148507824213,-73.9384083523794,0.06543431130163,0.06362431130163,2020.20222125683,2020.20403125683,434000000
936,937,0.00360000000000002,40.7148507824213,-73.9384083523794,40.7635276022574,-73.9744528115957,0.06903431130163,0.06543431130163,2020.20403125683,2020.20763125683,434000000
938,940,0.00247813222999999,40.6992067516604,-73.9761511819989,40.6989619219321,-73.9703843551966,0.04997431130163,0.04749617907163,2020.1860931246,2020.18857125683,434000000
938,939,0.01830813223,40.6992067516604,-73.9761511819989,40.7046356037511,-73.9913455654703,0.06580431130163,0.04749617907163,2020.1860931246,2020.20440125683,434000000
940,943,0.00219,40.6989619219321,-73.9703843551966,40.7312925262622,-73.8870286935929,0.05216431130163,0.04997431130163,2020.18857125683,2020.19076125683,434000000
940,941,0.00899,40.6989619219321,-73.9703843551966,40.703655136371,-73.9810610505132,0.05896431130163,0.04997431130163,2020.18857125683,2020.19756125683,434000000
941,942,0.01158,40.703655136371,-73.9810610505132,40.6340113834158,-73.9355257191257,0.07054431130163,0.05896431130163,2020.19756125683,2020.20914125683,434000000
943,944,0.00733,40.7312925262622,-73.8870286935929,40.7423335985886,-73.8760982058054,0.05949431130163,0.05216431130163,2020.19076125683,2020.19809125683,434000000
943,947,0.0181,40.7312925262622,-73.8870286935929,40.7319975274498,-73.8871205824847,0.07026431130163,0.05216431130163,2020.19076125683,2020.20886125683,434000000
944,946,0.04767,40.7423335985886,-73.8760982058054,40.7420012567834,-73.8578638079106,0.10716431130163,0.05949431130163,2020.19809125683,2020.24576125683,434000000
944,945,0.01111,40.7423335985886,-73.8760982058054,40.7424630769778,-73.890366093102,0.07060431130163,0.05949431130163,2020.19809125683,2020.20920125683,434000000
947,948,0.00931999999999999,40.7319975274498,-73.8871205824847,40.5899842880606,-73.9291693383367,0.07958431130163,0.07026431130163,2020.20886125683,2020.21818125683,434000000
949,950,0.00759252870999999,40.6795104552918,-73.9719370078371,40.7086259435742,-73.9894579663872,0.05430636329563,0.04671383458563,2020.18531078011,2020.19290330882,434000000
950,951,0.000369022102700012,40.7086259435742,-73.9894579663872,40.7779425290453,-73.7668270794857,0.05467538539833,0.05430636329563,2020.19290330882,2020.19327233093,434000000
950,956,0.00264651315799999,40.7086259435742,-73.9894579663872,40.7314002855887,-73.9756983751679,0.05695287645363,0.05430636329563,2020.19290330882,2020.19554982198,434000000
951,954,0.0154889259,40.7779425290453,-73.7668270794857,40.7928223522845,-73.7422087170807,0.07016431129833,0.05467538539833,2020.19327233093,2020.20876125683,434000000
951,952,0.000108925903099993,40.7779425290453,-73.7668270794857,40.7770262208843,-73.767032564248,0.05478431130143,0.05467538539833,2020.19327233093,2020.19338125683,434000000
952,953,0.01024,40.7770262208843,-73.767032564248,40.7829548442625,-73.8261679063947,0.06502431130143,0.05478431130143,2020.19338125683,2020.20362125683,434000000
954,955,0.03843,40.7928223522845,-73.7422087170807,40.6150054036693,-74.0272868019842,0.10859431129833,0.07016431129833,2020.20876125683,2020.24719125683,434000000
956,959,0.000208307302900002,40.7314002855887,-73.9756983751679,40.7325099963412,-73.97634879463,0.05716118375653,0.05695287645363,2020.19554982198,2020.19575812928,434000000
956,957,0.03589143485,40.7314002855887,-73.9756983751679,40.696611302919,-73.9698374829156,0.09284431130363,0.05695287645363,2020.19554982198,2020.23144125683,434000000
957,958,0.0117,40.696611302919,-73.9698374829156,40.6866256321613,-73.9751309743151,0.10454431130363,0.09284431130363,2020.23144125683,2020.24314125683,434000000
959,964,0.01371312755,40.7325099963412,-73.97634879463,40.7546865727674,-73.9735494172127,0.07087431130653,0.05716118375653,2020.19575812928,2020.20947125683,434000000
959,960,0.00022312754540002,40.7325099963412,-73.97634879463,40.7322788072457,-73.9759391228149,0.05738431130193,0.05716118375653,2020.19575812928,2020.19598125683,434000000
960,962,0.01281390512,40.7322788072457,-73.9759391228149,40.7230810888749,-73.9541414594928,0.07019821642193,0.05738431130193,2020.19598125683,2020.20879516195,434000000
960,961,0.00925197944199999,40.7322788072457,-73.9759391228149,40.7326556494317,-73.9868324572703,0.06663629074393,0.05738431130193,2020.19598125683,2020.20523323627,434000000
962,963,0.000176094876100014,40.7230810888749,-73.9541414594928,40.7234074539691,-73.9532282504607,0.07037431129803,0.07019821642193,2020.20879516195,2020.20897125683,434000000
965,1093,0.00555,40.7067835680546,-73.9770405901007,40.7308939304605,-73.9642869151753,0.02782431130163,0.02227431130163,2020.16087125683,2020.16642125683,434000000
965,966,0.00198000000000001,40.7067835680546,-73.9770405901007,40.70457843124,-73.9766361837395,0.02425431130163,0.02227431130163,2020.16087125683,2020.16285125683,434000000
966,967,0.002,40.70457843124,-73.9766361837395,40.7167650525883,-73.9246384575947,0.02625431130163,0.02425431130163,2020.16285125683,2020.16485125683,434000000
966,988,0.02007,40.70457843124,-73.9766361837395,40.7070415864281,-73.9840455766159,0.04432431130163,0.02425431130163,2020.16285125683,2020.18292125683,434000000
967,973,0.02284,40.7167650525883,-73.9246384575947,40.7279111588884,-73.9221119097085,0.04909431130163,0.02625431130163,2020.16485125683,2020.18769125683,434000000
967,968,0.03410534237,40.7167650525883,-73.9246384575947,40.7159981394962,-73.7739441274509,0.06035965367163,0.02625431130163,2020.16485125683,2020.1989565992,434000000
968,972,0.000259680189099998,40.7159981394962,-73.7739441274509,40.7128244051496,-73.7707925260193,0.06061933386073,0.06035965367163,2020.1989565992,2020.19921627939,434000000
968,969,0.000619229285500011,40.7159981394962,-73.7739441274509,40.7157540606922,-73.7729018573265,0.06097888295713,0.06035965367163,2020.1989565992,2020.19957582848,434000000
969,970,8.54283444999826e-05,40.7157540606922,-73.7729018573265,40.7148384571014,-73.7726865374561,0.06106431130163,0.06097888295713,2020.19957582848,2020.19966125683,434000000
970,971,0.01071,40.7148384571014,-73.7726865374561,40.7083866979099,-73.6111995955543,0.07177431130163,0.06106431130163,2020.19966125683,2020.21037125683,434000000
973,974,0.00187999999999999,40.7279111588884,-73.9221119097085,40.7307741879971,-73.9211590407926,0.05097431130163,0.04909431130163,2020.18769125683,2020.18957125683,434000000
974,983,0.00152646231600001,40.7307741879971,-73.9211590407926,40.7293990170958,-73.9165849469244,0.05250077361763,0.05097431130163,2020.18957125683,2020.19109771914,434000000
974,975,0.01949,40.7307741879971,-73.9211590407926,40.6850745830977,-73.9520024690014,0.07046431130163,0.05097431130163,2020.18957125683,2020.20906125683,434000000
975,980,0.000215462627800006,40.6850745830977,-73.9520024690014,40.6803155459973,-73.9418113642286,0.07067977392943,0.07046431130163,2020.20906125683,2020.20927671946,434000000
975,976,0.000128473581600008,40.6850745830977,-73.9520024690014,40.6850101385869,-73.9530299010106,0.07059278488323,0.07046431130163,2020.20906125683,2020.20918973041,434000000
976,978,0.000151526418399994,40.6850101385869,-73.9530299010106,40.6842853629859,-73.9497431246885,0.07074431130163,0.07059278488323,2020.20918973041,2020.20934125683,434000000
976,977,0.000151526418399994,40.6850101385869,-73.9530299010106,40.6842853629859,-73.9497431246885,0.07074431130163,0.07059278488323,2020.20918973041,2020.20934125683,434000000
978,979,0.03381,40.6842853629859,-73.9497431246885,40.7867878320252,-73.839130172722,0.10455431130163,0.07074431130163,2020.20934125683,2020.24315125683,434000000
980,981,6.45373722099885e-05,40.6803155459973,-73.9418113642286,40.6817855946504,-73.9433627188585,0.07074431130164,0.07067977392943,2020.20927671946,2020.20934125683,434000000
980,982,0.03387453737,40.6803155459973,-73.9418113642286,40.8961830358558,-73.8489128650404,0.10455431129943,0.07067977392943,2020.20927671946,2020.24315125683,434000000
983,984,0.000313537684100001,40.7293990170958,-73.9165849469244,40.7310621295359,-73.9162611175678,0.05281431130173,0.05250077361763,2020.19109771914,2020.19141125683,434000000
983,986,0.01203724119,40.7293990170958,-73.9165849469244,40.7426930189654,-73.860974309715,0.06453801480763,0.05250077361763,2020.19109771914,2020.20313496033,434000000
984,985,0.01622,40.7310621295359,-73.9162611175678,40.7285473163615,-73.9010483312771,0.06903431130173,0.05281431130173,2020.19141125683,2020.20763125683,434000000
986,987,0.000121506573000002,40.7426930189654,-73.860974309715,40.7435848427972,-73.8623619441801,0.06465952138063,0.06453801480763,2020.20313496033,2020.20325646691,434000000
988,1005,0.00184000000000001,40.7070415864281,-73.9840455766159,40.6787080120457,-73.9659066662955,0.04616431130163,0.04432431130163,2020.18292125683,2020.18476125683,434000000
988,989,0.00774,40.7070415864281,-73.9840455766159,40.7076739422469,-73.9774655460103,0.05206431130163,0.04432431130163,2020.18292125683,2020.19066125683,434000000
989,990,0.00806182867899999,40.7076739422469,-73.9774655460103,40.7138457907401,-73.980155979698,0.06012613998063,0.05206431130163,2020.19066125683,2020.19872308551,434000000
989,1001,0.00980973863500001,40.7076739422469,-73.9774655460103,40.6974005204239,-73.9315258509204,0.06187404993663,0.05206431130163,2020.19066125683,2020.20047099546,434000000
990,996,0.000562033826100011,40.7138457907401,-73.980155979698,40.7112283210417,-73.9799948321814,0.06068817380673,0.06012613998063,2020.19872308551,2020.19928511933,434000000
990,991,0.000215614952100013,40.7138457907401,-73.980155979698,40.7120069569516,-73.9784967391784,0.06034175493273,0.06012613998063,2020.19872308551,2020.19893870046,434000000
991,992,0.000372394024200001,40.7120069569516,-73.9784967391784,40.6291930987676,-74.0989159320907,0.06071414895693,0.06034175493273,2020.19893870046,2020.19931109448,434000000
991,994,0.00044193154979999,40.7120069569516,-73.9784967391784,40.7115523564743,-73.9786944962504,0.06078368648253,0.06034175493273,2020.19893870046,2020.19938063201,434000000
992,993,0.000370162345100011,40.6291930987676,-74.0989159320907,40.6300399006714,-74.0985241491089,0.06108431130203,0.06071414895693,2020.19931109448,2020.19968125683,434000000
994,995,0.000300624819599998,40.7115523564743,-73.9786944962504,40.7137010991716,-73.9786393222777,0.06108431130213,0.06078368648253,2020.19938063201,2020.19968125683,434000000
996,1000,9.15920788800151e-05,40.7112283210417,-73.9799948321814,40.7113258762956,-73.9801798760717,0.06077976588561,0.06068817380673,2020.19928511933,2020.19937671141,434000000
996,997,0.000314425302299998,40.7112283210417,-73.9799948321814,40.7071341653618,-73.9777045850108,0.06100259910903,0.06068817380673,2020.19928511933,2020.19959954464,434000000
997,999,8.17121931500076e-05,40.7071341653618,-73.9777045850108,40.7090197875978,-73.9795958625199,0.06108431130218,0.06100259910903,2020.19959954464,2020.19968125683,434000000
997,998,8.17121931500076e-05,40.7071341653618,-73.9777045850108,40.7090197875978,-73.9795958625199,0.06108431130218,0.06100259910903,2020.19959954464,2020.19968125683,434000000
1001,1002,0.00019026136530001,40.6974005204239,-73.9315258509204,40.6879187472789,-73.9291244955476,0.06206431130193,0.06187404993663,2020.20047099546,2020.20066125683,434000000
1002,1003,0.00777035505699997,40.6879187472789,-73.9291244955476,40.7218894864756,-73.9123666605731,0.06983466635893,0.06206431130193,2020.20066125683,2020.20843161189,434000000
1003,1004,0.00125964494300002,40.7218894864756,-73.9123666605731,40.7210031321408,-73.9302106013318,0.07109431130193,0.06983466635893,2020.20843161189,2020.20969125683,434000000
1005,1006,0.00178999999999999,40.6787080120457,-73.9659066662955,40.6818975157394,-73.9627181107345,0.04795431130163,0.04616431130163,2020.18476125683,2020.18655125683,434000000
1006,1007,0.000927071103100002,40.6818975157394,-73.9627181107345,40.68263763308,-73.9620783110002,0.04888138240473,0.04795431130163,2020.18655125683,2020.18747832793,434000000
1006,1052,0.00554000000000002,40.6818975157394,-73.9627181107345,40.6877108110665,-73.9627742463133,0.05349431130163,0.04795431130163,2020.18655125683,2020.19209125683,434000000
1007,1008,0.00277292889700001,40.68263763308,-73.9620783110002,40.6800659954874,-73.9673374450313,0.05165431130173,0.04888138240473,2020.18747832793,2020.19025125683,434000000
1008,1009,0.01859,40.6800659954874,-73.9673374450313,40.6888594375868,-73.9950308025669,0.07024431130173,0.05165431130173,2020.19025125683,2020.20884125683,434000000
1008,1014,0.01833,40.6800659954874,-73.9673374450313,40.7371656762597,-73.9424176558969,0.06998431130173,0.05165431130173,2020.19025125683,2020.20858125683,434000000
1009,1012,0.000689999999999996,40.6888594375868,-73.9950308025669,40.6892204207145,-73.9978634962534,0.07093431130173,0.07024431130173,2020.20884125683,2020.20953125683,434000000
1009,1010,0.000340000000000007,40.6888594375868,-73.9950308025669,40.6919686414333,-73.9956330461373,0.07058431130173,0.07024431130173,2020.20884125683,2020.20918125683,434000000
1010,1011,0.00084999999999999,40.6919686414333,-73.9956330461373,40.6974118598983,-73.9976790992354,0.07143431130173,0.07058431130173,2020.20918125683,2020.21003125683,434000000
1012,1013,0.00048999999999999,40.6892204207145,-73.9978634962534,40.6881189286882,-73.9989338303999,0.07142431130173,0.07093431130173,2020.20953125683,2020.21002125683,434000000
1014,1016,0.000920000000000004,40.7371656762597,-73.9424176558969,40.7429646914051,-73.9482907078782,0.07090431130173,0.06998431130173,2020.20858125683,2020.20950125683,434000000
1014,1015,0.000450000000000006,40.7371656762597,-73.9424176558969,40.7356251998233,-73.9368936268248,0.07043431130173,0.06998431130173,2020.20858125683,2020.20903125683,434000000
1016,1017,3.00000000000022e-05,40.7429646914051,-73.9482907078782,40.7465415702344,-73.9444248471997,0.07093431130173,0.07090431130173,2020.20950125683,2020.20953125683,434000000
1016,1027,0.02516,40.7429646914051,-73.9482907078782,40.7293886227033,-73.9468366317556,0.09606431130173,0.07090431130173,2020.20950125683,2020.23466125683,434000000
1017,1018,0.03078,40.7465415702344,-73.9444248471997,40.6942444866571,-73.9130900639998,0.10171431130173,0.07093431130173,2020.20953125683,2020.24031125683,434000000
1018,1019,0.00494014863,40.6942444866571,-73.9130900639998,40.6965489644104,-73.9112734921443,0.10665445993173,0.10171431130173,2020.24031125683,2020.24525140546,434000000
1018,1023,0.00185,40.6942444866571,-73.9130900639998,40.6965012303503,-73.9135207253936,0.10356431130173,0.10171431130173,2020.24031125683,2020.24216125683,434000000
1019,1020,0.000319851369599999,40.6965489644104,-73.9112734921443,40.6995400184976,-73.9125961995695,0.10697431130133,0.10665445993173,2020.24525140546,2020.24557125683,434000000
1020,1021,0.00025,40.6995400184976,-73.9125961995695,40.7002891649167,-73.9123841506536,0.10722431130133,0.10697431130133,2020.24557125683,2020.24582125683,434000000
1020,1022,0.00018,40.6995400184976,-73.9125961995695,40.7008323910188,-73.9119584598705,0.10715431130133,0.10697431130133,2020.24557125683,2020.24575125683,434000000
1023,1025,0.000609999999999999,40.6965012303503,-73.9135207253936,40.6961633954129,-73.9123496048436,0.10417431130173,0.10356431130173,2020.24216125683,2020.24277125683,434000000
1023,1024,0.00408,40.6965012303503,-73.9135207253936,40.7309010334061,-73.9752316738135,0.10764431130173,0.10356431130173,2020.24216125683,2020.24624125683,434000000
1025,1026,0.00269529341700001,40.6961633954129,-73.9123496048436,40.7545952699853,-73.8562206649141,0.10686960471873,0.10417431130173,2020.24277125683,2020.24546655025,434000000
1027,1028,0.00677,40.7293886227033,-73.9468366317556,40.7251542899768,-73.9392118179158,0.10283431130173,0.09606431130173,2020.23466125683,2020.24143125683,434000000
1027,1040,0.00262,40.7293886227033,-73.9468366317556,40.7283148145295,-73.9567938777859,0.09868431130173,0.09606431130173,2020.23466125683,2020.23728125683,434000000
1028,1029,0.00322,40.7251542899768,-73.9392118179158,40.7391292489665,-73.944459649929,0.10605431130173,0.10283431130173,2020.24143125683,2020.24465125683,434000000
1028,1034,0.00183,40.7251542899768,-73.9392118179158,40.7644941797826,-73.9663081341733,0.10466431130173,0.10283431130173,2020.24143125683,2020.24326125683,434000000
1029,1032,0.000338332090099994,40.7391292489665,-73.944459649929,40.7396992078545,-73.9454778920369,0.10639264339183,0.10605431130173,2020.24465125683,2020.24498958892,434000000
1029,1030,0.000607820819000002,40.7391292489665,-73.944459649929,40.7133165674604,-73.9460520780407,0.10666213212073,0.10605431130173,2020.24465125683,2020.24525907765,434000000
1030,1031,2.21791810299937e-05,40.7133165674604,-73.9460520780407,40.7132062351633,-73.9456178108529,0.10668431130176,0.10666213212073,2020.24525907765,2020.24528125683,434000000
1032,1033,0.000291667909899998,40.7396992078545,-73.9454778920369,40.7596854476816,-73.9707954192599,0.10668431130173,0.10639264339183,2020.24498958892,2020.24528125683,434000000
1034,1037,0.00183,40.7644941797826,-73.9663081341733,40.7644941797826,-73.9663081341733,0.10649431130173,0.10466431130173,2020.24326125683,2020.24509125683,434000000
1034,1035,0.00173601298999999,40.7644941797826,-73.9663081341733,40.7380796580059,-73.9337848490249,0.10640032429173,0.10466431130173,2020.24326125683,2020.24499726982,434000000
1035,1036,0.000283987010199993,40.7380796580059,-73.9337848490249,40.7400504885471,-73.9344196029104,0.10668431130193,0.10640032429173,2020.24499726982,2020.24528125683,434000000
1037,1038,7.99999999999967e-05,40.7644941797826,-73.9663081341733,40.7647688776853,-73.9654643070005,0.10657431130173,0.10649431130173,2020.24509125683,2020.24517125683,434000000
1037,1039,0.000469999999999998,40.7644941797826,-73.9663081341733,40.7747165073791,-73.9438613295024,0.10696431130173,0.10649431130173,2020.24509125683,2020.24556125683,434000000
1040,1041,0.00201999999999999,40.7283148145295,-73.9567938777859,40.7156202488516,-73.9529542916181,0.10070431130173,0.09868431130173,2020.23728125683,2020.23930125683,434000000
1040,1045,0.00201999999999999,40.7283148145295,-73.9567938777859,40.7156202488516,-73.9529542916181,0.10070431130173,0.09868431130173,2020.23728125683,2020.23930125683,434000000
1041,1044,0.003838488546,40.7156202488516,-73.9529542916181,40.5796252618579,-73.9598165800006,0.10454279984773,0.10070431130173,2020.23930125683,2020.24313974537,434000000
1041,1042,0.00196,40.7156202488516,-73.9529542916181,40.71831047921,-73.947733990651,0.10266431130173,0.10070431130173,2020.23930125683,2020.24126125683,434000000
1042,1043,0.001856630712,40.71831047921,-73.947733990651,40.7219680730736,-73.9796142016227,0.10452094201373,0.10266431130173,2020.24126125683,2020.24311788754,434000000
1045,1046,0.00196,40.7156202488516,-73.9529542916181,40.71831047921,-73.947733990651,0.10266431130173,0.10070431130173,2020.23930125683,2020.24126125683,434000000
1045,1049,0.00196,40.7156202488516,-73.9529542916181,40.71831047921,-73.947733990651,0.10266431130173,0.10070431130173,2020.23930125683,2020.24126125683,434000000
1046,1048,0.00181222966,40.71831047921,-73.947733990651,40.6462869174056,-73.6413972132904,0.10447654096173,0.10266431130173,2020.24126125683,2020.24307348649,434000000
1046,1047,0.001750155263,40.71831047921,-73.947733990651,40.7300885447037,-73.9547062171605,0.10441446656473,0.10266431130173,2020.24126125683,2020.24301141209,434000000
1049,1050,0.00190708728,40.71831047921,-73.947733990651,40.7650454678369,-73.9118451930127,0.10457139858173,0.10266431130173,2020.24126125683,2020.24316834411,434000000
1049,1051,0.001532636918,40.71831047921,-73.947733990651,40.6989470617622,-73.9899902919081,0.10419694821973,0.10266431130173,2020.24126125683,2020.24279389375,434000000
1052,1062,0.00177999999999998,40.6877108110665,-73.9627742463133,40.6783638204596,-73.9496709802993,0.05527431130163,0.05349431130163,2020.19209125683,2020.19387125683,434000000
1052,1053,0.0111842899,40.6877108110665,-73.9627742463133,40.6484936167273,-73.9429982272761,0.06467860120163,0.05349431130163,2020.19209125683,2020.20327554673,434000000
1053,1054,0.00016571009800001,40.6484936167273,-73.9429982272761,40.6511908362749,-73.943518584798,0.06484431129963,0.06467860120163,2020.20327554673,2020.20344125683,434000000
1053,1055,0.00211845928900001,40.6484936167273,-73.9429982272761,40.6471747805849,-73.94149093385,0.06679706049063,0.06467860120163,2020.20327554673,2020.20539400602,434000000
1055,1056,0.00283439099499999,40.6471747805849,-73.94149093385,40.6455843551666,-73.9429470704985,0.06963145148563,0.06679706049063,2020.20539400602,2020.20822839701,434000000
1056,1057,0.00011285981380002,40.6455843551666,-73.9429470704985,40.6527958440076,-73.9532137758754,0.06974431129943,0.06963145148563,2020.20822839701,2020.20834125683,434000000
1057,1058,0.02116,40.6527958440076,-73.9532137758754,40.6060476458743,-74.0223844958915,0.09090431129943,0.06974431129943,2020.20834125683,2020.22950125683,434000000
1057,1060,0.02116,40.6527958440076,-73.9532137758754,40.6060476458743,-74.0223844958915,0.09090431129943,0.06974431129943,2020.20834125683,2020.22950125683,434000000
1058,1059,0.01839,40.6060476458743,-74.0223844958915,40.6123534346082,-74.0387445524614,0.10929431129943,0.09090431129943,2020.22950125683,2020.24789125683,434000000
1060,1061,0.01831,40.6060476458743,-74.0223844958915,40.6535244123206,-74.0029089873261,0.10921431129943,0.09090431129943,2020.22950125683,2020.24781125683,434000000
1062,1067,0.00190000000000001,40.6783638204596,-73.9496709802993,40.678174952928,-73.9482299073281,0.05717431130163,0.05527431130163,2020.19387125683,2020.19577125683,434000000
1062,1063,0.0055,40.6783638204596,-73.9496709802993,40.7424623164532,-73.9168183022131,0.06077431130163,0.05527431130163,2020.19387125683,2020.19937125683,434000000
1063,1065,0.00459000000000001,40.7424623164532,-73.9168183022131,40.7468767212006,-73.9181845673768,0.06536431130163,0.06077431130163,2020.19937125683,2020.20396125683,434000000
1063,1064,0.01063,40.7424623164532,-73.9168183022131,40.7437454049851,-73.8983408536607,0.07140431130163,0.06077431130163,2020.19937125683,2020.21000125683,434000000
1065,1066,0.00175999999999998,40.7468767212006,-73.9181845673768,40.7487132723743,-73.9200995733466,0.06712431130163,0.06536431130163,2020.20396125683,2020.20572125683,434000000
1067,1068,0.0139050976,40.678174952928,-73.9482299073281,40.6637614054624,-73.9573438766038,0.07107940890163,0.05717431130163,2020.19577125683,2020.20967635443,434000000
1068,1069,3.49024005600052e-05,40.6637614054624,-73.9573438766038,40.6682451490674,-73.9588317776088,0.07111431130219,0.07107940890163,2020.20967635443,2020.20971125683,434000000
1069,1070,0.02757,40.6682451490674,-73.9588317776088,40.6629235740244,-73.9447175732968,0.09868431130219,0.07111431130219,2020.20971125683,2020.23728125683,434000000
1069,1082,0.000459999999999988,40.6682451490674,-73.9588317776088,40.6665022676645,-73.9673712451092,0.07157431130219,0.07111431130219,2020.20971125683,2020.21017125683,434000000
1070,1076,0.002,40.6629235740244,-73.9447175732968,40.7167650525883,-73.9246384575947,0.10068431130219,0.09868431130219,2020.23728125683,2020.23928125683,434000000
1070,1071,0.00717,40.6629235740244,-73.9447175732968,40.6707395597138,-73.9431393151983,0.10585431130219,0.09868431130219,2020.23728125683,2020.24445125683,434000000
1071,1072,0.000820000000000001,40.6707395597138,-73.9431393151983,40.6709079975795,-73.940083609055,0.10667431130219,0.10585431130219,2020.24445125683,2020.24527125683,434000000
1071,1073,0.00192000000000001,40.6707395597138,-73.9431393151983,40.612138089249,-73.9447048133305,0.10777431130219,0.10585431130219,2020.24445125683,2020.24637125683,434000000
1073,1075,0.00201,40.612138089249,-73.9447048133305,40.634989552784,-74.0324063684552,0.10978431130219,0.10777431130219,2020.24637125683,2020.24838125683,434000000
1073,1074,0.000829999999999997,40.612138089249,-73.9447048133305,40.6469159923155,-73.9757230315412,0.10860431130219,0.10777431130219,2020.24637125683,2020.24720125683,434000000
1076,1079,0.00631,40.7167650525883,-73.9246384575947,40.6575038210283,-73.9396184113678,0.10699431130219,0.10068431130219,2020.23928125683,2020.24559125683,434000000
1076,1077,0.00196,40.7167650525883,-73.9246384575947,40.71831047921,-73.947733990651,0.10264431130219,0.10068431130219,2020.23928125683,2020.24124125683,434000000
1077,1078,0.00192000000000001,40.71831047921,-73.947733990651,40.612138089249,-73.9447048133305,0.10456431130219,0.10264431130219,2020.24124125683,2020.24316125683,434000000
1079,1080,0.000240000000000004,40.6575038210283,-73.9396184113678,40.6501040915752,-73.9337610849599,0.10723431130219,0.10699431130219,2020.24559125683,2020.24583125683,434000000
1080,1081,0.000710000000000002,40.6501040915752,-73.9337610849599,40.6490017174229,-73.9317303472513,0.10794431130219,0.10723431130219,2020.24583125683,2020.24654125683,434000000
1082,1085,0.03398,40.6665022676645,-73.9673712451092,40.629815518993,-73.9699877246221,0.10555431130219,0.07157431130219,2020.21017125683,2020.24415125683,434000000
1082,1083,0.03711054016,40.6665022676645,-73.9673712451092,40.7082543365492,-74.0004390010618,0.10868485146219,0.07157431130219,2020.21017125683,2020.24728179699,434000000
1083,1084,0.0003794598417,40.7082543365492,-74.0004390010618,40.795430843303,-73.9423998879483,0.10906431130389,0.10868485146219,2020.24728179699,2020.24766125683,434000000
1085,1086,0.00146,40.629815518993,-73.9699877246221,40.6468399507285,-73.9872635410352,0.10701431130219,0.10555431130219,2020.24415125683,2020.24561125683,434000000
1085,1088,0.002623656315,40.629815518993,-73.9699877246221,40.6397830583638,-73.9593166474,0.10817796761719,0.10555431130219,2020.24415125683,2020.24677491314,434000000
1086,1087,0.00233,40.6468399507285,-73.9872635410352,40.6371368613962,-73.9953297578336,0.10934431130219,0.10701431130219,2020.24561125683,2020.24794125683,434000000
1088,1089,0.000146343684599995,40.6397830583638,-73.9593166474,40.6814396386937,-73.5852707300556,0.10832431130179,0.10817796761719,2020.24677491314,2020.24692125683,434000000
1088,1092,3.49222091200058e-05,40.6397830583638,-73.9593166474,40.640325608877,-73.9594854339107,0.10821288982631,0.10817796761719,2020.24677491314,2020.24680983535,434000000
1089,1090,0.000229999999999994,40.6814396386937,-73.5852707300556,40.6833003751118,-73.5861640147133,0.10855431130179,0.10832431130179,2020.24692125683,2020.24715125683,434000000
1089,1091,0.000229999999999994,40.6814396386937,-73.5852707300556,40.6833003751118,-73.5861640147133,0.10855431130179,0.10832431130179,2020.24692125683,2020.24715125683,434000000
1093,1094,0.01925,40.7308939304605,-73.9642869151753,40.7191736836626,-73.9578459704168,0.04707431130163,0.02782431130163,2020.16642125683,2020.18567125683,434000000
1093,1135,0.00536,40.7308939304605,-73.9642869151753,40.6830529746274,-73.9791606880951,0.03318431130163,0.02782431130163,2020.16642125683,2020.17178125683,434000000
1094,1109,0.00180000000000002,40.7191736836626,-73.9578459704168,40.5967748658624,-73.9709658276536,0.04887431130163,0.04707431130163,2020.18567125683,2020.18747125683,434000000
1094,1095,0.0199068484,40.7191736836626,-73.9578459704168,40.7293248934801,-73.9631025394523,0.06698115970163,0.04707431130163,2020.18567125683,2020.20557810523,434000000
1095,1096,0.00426068290999998,40.7293248934801,-73.9631025394523,40.7269722080955,-73.9633426190854,0.07124184261163,0.06698115970163,2020.20557810523,2020.20983878814,434000000
1095,1098,0.002346190724,40.7293248934801,-73.9631025394523,40.7279261647712,-73.9612525040679,0.06932735042563,0.06698115970163,2020.20557810523,2020.20792429595,434000000
1096,1097,3.24686907900162e-05,40.7269722080955,-73.9633426190854,40.7266311340123,-73.9635372109287,0.07127431130242,0.07124184261163,2020.20983878814,2020.20987125683,434000000
1098,1104,0.000364464274100001,40.7279261647712,-73.9612525040679,40.7272095896045,-73.9619263914356,0.06969181469973,0.06932735042563,2020.20792429595,2020.20828876023,434000000
1098,1099,0.000856861353299987,40.7279261647712,-73.9612525040679,40.7267499580787,-73.9613051752916,0.07018421177893,0.06932735042563,2020.20792429595,2020.20878115731,434000000
1099,1100,0.000775731914199995,40.7267499580787,-73.9613051752916,40.726612152753,-73.9572781863532,0.07095994369313,0.07018421177893,2020.20878115731,2020.20955688922,434000000
1100,1101,4.47211548901261e-06,40.726612152753,-73.9572781863532,40.726479115818,-73.9572239454561,0.070964415808619,0.07095994369313,2020.20955688922,2020.20956136134,434000000
1100,1103,0.000104367609100015,40.726612152753,-73.9572781863532,40.6389314024903,-74.0165119198298,0.07106431130223,0.07095994369313,2020.20955688922,2020.20966125683,434000000
1101,1102,9.98954935799989e-05,40.726479115818,-73.9572239454561,40.7259100606677,-73.9582217924531,0.071064311302199,0.070964415808619,2020.20956136134,2020.20966125683,434000000
1104,1105,0.000343438560099996,40.7272095896045,-73.9619263914356,40.7306956079824,-73.9613963177641,0.07003525325983,0.06969181469973,2020.20828876023,2020.20863219879,434000000
1104,1108,0.00118249660200001,40.7272095896045,-73.9619263914356,40.7398410050569,-73.973435369446,0.07087431130173,0.06969181469973,2020.20828876023,2020.20947125683,434000000
1105,1106,0.000370840511000003,40.7306956079824,-73.9613963177641,40.722718424686,-73.9603479705848,0.07040609377083,0.07003525325983,2020.20863219879,2020.2090030393,434000000
1105,1107,0.00125905804199999,40.7306956079824,-73.9613963177641,40.7194550687645,-73.9593301531729,0.07129431130183,0.07003525325983,2020.20863219879,2020.20989125683,434000000
1109,1110,0.02111785671,40.5967748658624,-73.9709658276536,40.7672950008014,-73.9488205176791,0.06999216801163,0.04887431130163,2020.18747125683,2020.20858911354,434000000
1109,1115,0.01568,40.5967748658624,-73.9709658276536,40.7250444034288,-73.9666516963703,0.06455431130163,0.04887431130163,2020.18747125683,2020.20315125683,434000000
1110,1113,0.000362143292000017,40.7672950008014,-73.9488205176791,40.7675564029368,-73.9489122970583,0.07035431130363,0.06999216801163,2020.20858911354,2020.20895125683,434000000
1110,1111,0.000362143292000017,40.7672950008014,-73.9488205176791,40.7675564029368,-73.9489122970583,0.07035431130363,0.06999216801163,2020.20858911354,2020.20895125683,434000000
1111,1112,0.000769999999999993,40.7675564029368,-73.9489122970583,40.7704626299616,-73.9508066184885,0.07112431130363,0.07035431130363,2020.20895125683,2020.20972125683,434000000
1113,1114,0.000769999999999993,40.7675564029368,-73.9489122970583,40.7704626299616,-73.9508066184885,0.07112431130363,0.07035431130363,2020.20895125683,2020.20972125683,434000000
1115,1116,0.00175,40.7250444034288,-73.9666516963703,40.7111125650881,-73.9391604519554,0.06630431130163,0.06455431130163,2020.20315125683,2020.20490125683,434000000
1115,1124,0.00175,40.7250444034288,-73.9666516963703,40.7111125650881,-73.9391604519554,0.06630431130163,0.06455431130163,2020.20315125683,2020.20490125683,434000000
1116,1119,0.00175,40.7111125650881,-73.9391604519554,40.7111125650881,-73.9391604519554,0.06805431130163,0.06630431130163,2020.20490125683,2020.20665125683,434000000
1116,1117,0.00489000000000001,40.7111125650881,-73.9391604519554,40.7222244341844,-73.9469717636105,0.07119431130163,0.06630431130163,2020.20490125683,2020.20979125683,434000000
1117,1118,0.03285,40.7222244341844,-73.9469717636105,40.65469309175,-73.8816712569328,0.10404431130163,0.07119431130163,2020.20979125683,2020.24264125683,434000000
1119,1121,0.00181000000000001,40.7111125650881,-73.9391604519554,40.7148507824213,-73.9384083523794,0.06986431130163,0.06805431130163,2020.20665125683,2020.20846125683,434000000
1119,1120,0.00226999999999999,40.7111125650881,-73.9391604519554,40.6509229376979,-73.9977082134367,0.07032431130163,0.06805431130163,2020.20665125683,2020.20892125683,434000000
1121,1123,0.000640000000000002,40.7148507824213,-73.9384083523794,40.7619449458303,-73.9947039832062,0.07050431130163,0.06986431130163,2020.20846125683,2020.20910125683,434000000
1121,1122,0.00192000000000001,40.7148507824213,-73.9384083523794,40.612138089249,-73.9447048133305,0.07178431130163,0.06986431130163,2020.20846125683,2020.21038125683,434000000
1124,1130,0.00175,40.7111125650881,-73.9391604519554,40.7111125650881,-73.9391604519554,0.06805431130163,0.06630431130163,2020.20490125683,2020.20665125683,434000000
1124,1125,0.00175,40.7111125650881,-73.9391604519554,40.7111125650881,-73.9391604519554,0.06805431130163,0.06630431130163,2020.20490125683,2020.20665125683,434000000
1125,1126,0.00372999999999998,40.7111125650881,-73.9391604519554,40.7901392798671,-73.9782459847049,0.07178431130163,0.06805431130163,2020.20665125683,2020.21038125683,434000000
1125,1127,0.00181000000000001,40.7111125650881,-73.9391604519554,40.7148507824213,-73.9384083523794,0.06986431130163,0.06805431130163,2020.20665125683,2020.20846125683,434000000
1127,1128,0.00192000000000001,40.7148507824213,-73.9384083523794,40.612138089249,-73.9447048133305,0.07178431130163,0.06986431130163,2020.20846125683,2020.21038125683,434000000
1127,1129,0.00192000000000001,40.7148507824213,-73.9384083523794,40.612138089249,-73.9447048133305,0.07178431130163,0.06986431130163,2020.20846125683,2020.21038125683,434000000
1130,1132,0.00181000000000001,40.7111125650881,-73.9391604519554,40.7148507824213,-73.9384083523794,0.06986431130163,0.06805431130163,2020.20665125683,2020.20846125683,434000000
1130,1131,0.00372999999999998,40.7111125650881,-73.9391604519554,40.7901392798671,-73.9782459847049,0.07178431130163,0.06805431130163,2020.20665125683,2020.21038125683,434000000
1132,1134,0.00192000000000001,40.7148507824213,-73.9384083523794,40.612138089249,-73.9447048133305,0.07178431130163,0.06986431130163,2020.20846125683,2020.21038125683,434000000
1132,1133,0.00192000000000001,40.7148507824213,-73.9384083523794,40.612138089249,-73.9447048133305,0.07178431130163,0.06986431130163,2020.20846125683,2020.21038125683,434000000
1135,1136,0.00200999999999998,40.6830529746274,-73.9791606880951,40.6791126797686,-73.9762767455122,0.03519431130163,0.03318431130163,2020.17178125683,2020.17379125683,434000000
1135,1184,0.00957,40.6830529746274,-73.9791606880951,40.7014550014381,-73.9767781163131,0.04275431130163,0.03318431130163,2020.17178125683,2020.18135125683,434000000
1136,1137,0.01898216906,40.6791126797686,-73.9762767455122,40.6538617113317,-73.9800307762172,0.05417648036163,0.03519431130163,2020.17379125683,2020.19277342589,434000000
1136,1151,0.02379,40.6791126797686,-73.9762767455122,40.6695964228616,-73.9679492324829,0.05898431130163,0.03519431130163,2020.17379125683,2020.19758125683,434000000
1137,1138,0.00210783094,40.6538617113317,-73.9800307762172,40.6528552926967,-73.9803650037995,0.05628431130163,0.05417648036163,2020.19277342589,2020.19488125683,434000000
1137,1146,0.000186531202800017,40.6538617113317,-73.9800307762172,40.6532776859571,-73.9805337694558,0.05436301156443,0.05417648036163,2020.19277342589,2020.19295995709,434000000
1138,1139,0.0055,40.6528552926967,-73.9803650037995,40.7424623164532,-73.9168183022131,0.06178431130163,0.05628431130163,2020.19488125683,2020.20038125683,434000000
1139,1141,0.00179000000000001,40.7424623164532,-73.9168183022131,40.6606851261052,-73.9531733850509,0.06357431130163,0.06178431130163,2020.20038125683,2020.20217125683,434000000
1139,1140,0.00963,40.7424623164532,-73.9168183022131,40.6878553393411,-73.98084099227,0.07141431130163,0.06178431130163,2020.20038125683,2020.21001125683,434000000
1141,1142,0.00736999999999999,40.6606851261052,-73.9531733850509,40.6616615204829,-73.9547048634693,0.07094431130163,0.06357431130163,2020.20217125683,2020.20954125683,434000000
1142,1143,2.000000000002e-05,40.6616615204829,-73.9547048634693,40.6611639322555,-73.9536304173199,0.07096431130163,0.07094431130163,2020.20954125683,2020.20956125683,434000000
1143,1144,0.00047999999999998,40.6611639322555,-73.9536304173199,40.6599883852376,-73.9544597963453,0.07144431130163,0.07096431130163,2020.20956125683,2020.21004125683,434000000
1144,1145,0.02296,40.6599883852376,-73.9544597963453,40.8163632335057,-73.8327364548354,0.09440431130163,0.07144431130163,2020.21004125683,2020.23300125683,434000000
1146,1147,9.12997372100044e-05,40.6532776859571,-73.9805337694558,40.6534078438926,-73.980662821797,0.05445431130164,0.05436301156443,2020.19295995709,2020.19305125683,434000000
1146,1150,0.05450129974,40.6532776859571,-73.9805337694558,40.6396468154244,-73.990847509091,0.10886431130443,0.05436301156443,2020.19295995709,2020.24746125683,434000000
1147,1149,0.01616,40.6534078438926,-73.980662821797,40.6623717985876,-73.9692161812171,0.07061431130164,0.05445431130164,2020.19305125683,2020.20921125683,434000000
1147,1148,0.05414,40.6534078438926,-73.980662821797,40.6341763780421,-73.9976081382079,0.10859431130164,0.05445431130164,2020.19305125683,2020.24719125683,434000000
1151,1158,0.00993000000000002,40.6695964228616,-73.9679492324829,40.6731696978656,-73.9458682315106,0.06891431130163,0.05898431130163,2020.19758125683,2020.20751125683,434000000
1151,1152,0.01115445799,40.6695964228616,-73.9679492324829,40.7080986701919,-73.9675034976961,0.07013876929163,0.05898431130163,2020.19758125683,2020.20873571482,434000000
1152,1153,0.000708125228700007,40.7080986701919,-73.9675034976961,40.6936682856927,-73.965226991725,0.07084689452033,0.07013876929163,2020.20873571482,2020.20944384005,434000000
1153,1156,0.03792689904,40.6936682856927,-73.965226991725,40.7063518505956,-73.9553288275515,0.10877379356033,0.07084689452033,2020.20944384005,2020.24737073909,434000000
1153,1154,0.000257416780399977,40.6936682856927,-73.965226991725,40.6934717590261,-73.9665829002423,0.07110431130073,0.07084689452033,2020.20944384005,2020.20970125683,434000000
1154,1155,0.02525,40.6934717590261,-73.9665829002423,40.7008103085524,-73.8286199411835,0.09635431130073,0.07110431130073,2020.20970125683,2020.23495125683,434000000
1156,1157,0.000247399652999997,40.7063518505956,-73.9553288275515,40.7077072906693,-73.9552803258597,0.10902119321333,0.10877379356033,2020.24737073909,2020.24761813874,434000000
1158,1159,0.00102027246499997,40.6731696978656,-73.9458682315106,40.665486517694,-73.9471882813234,0.06993458376663,0.06891431130163,2020.20751125683,2020.20853152929,434000000
1158,1169,0.00156999999999999,40.6731696978656,-73.9458682315106,40.7058451610655,-73.9331403813833,0.07048431130163,0.06891431130163,2020.20751125683,2020.20908125683,434000000
1159,1160,0.00037784412230002,40.665486517694,-73.9471882813234,40.6632036905655,-73.9470680721222,0.07031242788893,0.06993458376663,2020.20853152929,2020.20890937342,434000000
1159,1162,0.00101569326200002,40.665486517694,-73.9471882813234,40.6681963571148,-73.9451698088022,0.07095027702863,0.06993458376663,2020.20853152929,2020.20954722256,434000000
1160,1161,0.00023188341289998,40.6632036905655,-73.9470680721222,40.6646534046914,-73.9461904834871,0.07054431130183,0.07031242788893,2020.20890937342,2020.20914125683,434000000
1162,1165,8.84831864100821e-06,40.6681963571148,-73.9451698088022,40.6672322648454,-73.9452218199118,0.070959125347271,0.07095027702863,2020.20954722256,2020.20955607087,434000000
1162,1163,2.8494887020003e-05,40.6681963571148,-73.9451698088022,40.6685881205796,-73.9453528316262,0.07097877191565,0.07095027702863,2020.20954722256,2020.20957571744,434000000
1163,1164,0.03630553939,40.6685881205796,-73.9453528316262,40.7064113123083,-73.6734028937212,0.10728431130565,0.07097877191565,2020.20957571744,2020.24588125683,434000000
1165,1166,0.000400624668999983,40.6672322648454,-73.9452218199118,40.6607063050266,-73.9394721774169,0.071359750016271,0.070959125347271,2020.20955607087,2020.20995669554,434000000
1166,1167,0.0001545612852,40.6607063050266,-73.9394721774169,40.6592752685779,-73.9382973101889,0.071514311301471,0.071359750016271,2020.20995669554,2020.21011125683,434000000
1166,1168,0.0001545612852,40.6607063050266,-73.9394721774169,40.6592752685779,-73.9382973101889,0.071514311301471,0.071359750016271,2020.20995669554,2020.21011125683,434000000
1169,1172,0.000316159441899999,40.7058451610655,-73.9331403813833,40.7033293156102,-73.9268564221408,0.07080047074353,0.07048431130163,2020.20908125683,2020.20939741627,434000000
1169,1170,0.00103,40.7058451610655,-73.9331403813833,40.7540144247756,-73.8835031763674,0.07151431130163,0.07048431130163,2020.20908125683,2020.21011125683,434000000
1170,1171,0.02211,40.7540144247756,-73.8835031763674,40.7399017792754,-73.8759610264496,0.09362431130163,0.07151431130163,2020.21011125683,2020.23222125683,434000000
1172,1173,0.000171775776600019,40.7033293156102,-73.9268564221408,40.7035297567393,-73.9257516963994,0.07097224652013,0.07080047074353,2020.20939741627,2020.20956919205,434000000
1172,1179,7.41767453399378e-06,40.7033293156102,-73.9268564221408,40.7034023818085,-73.9297366705042,0.070807888418064,0.07080047074353,2020.20939741627,2020.20940483395,434000000
1173,1176,6.20647814799924e-05,40.7035297567393,-73.9257516963994,40.7364019779885,-73.6270283795539,0.07103431130161,0.07097224652013,2020.20956919205,2020.20963125683,434000000
1173,1174,6.20647814799924e-05,40.7035297567393,-73.9257516963994,40.7364019779885,-73.6270283795539,0.07103431130161,0.07097224652013,2020.20956919205,2020.20963125683,434000000
1174,1175,0.02259,40.7364019779885,-73.6270283795539,40.6955023520878,-73.9762216320504,0.09362431130161,0.07103431130161,2020.20963125683,2020.23222125683,434000000
1176,1178,0.02259,40.7364019779885,-73.6270283795539,40.6955023520878,-73.9762216320504,0.09362431130161,0.07103431130161,2020.20963125683,2020.23222125683,434000000
1176,1177,0.02259,40.7364019779885,-73.6270283795539,40.6955023520878,-73.9762216320504,0.09362431130161,0.07103431130161,2020.20963125683,2020.23222125683,434000000
1179,1183,0.000226422883499999,40.7034023818085,-73.9297366705042,40.7034735004361,-73.9289698076423,0.071034311301564,0.070807888418064,2020.20940483395,2020.20963125683,434000000
1179,1180,0.000226422883499999,40.7034023818085,-73.9297366705042,40.7034735004361,-73.9289698076423,0.071034311301564,0.070807888418064,2020.20940483395,2020.20963125683,434000000
1180,1182,0.02259,40.7034735004361,-73.9289698076423,40.6955023520878,-73.9762216320504,0.093624311301564,0.071034311301564,2020.20963125683,2020.23222125683,434000000
1180,1181,0.02259,40.7034735004361,-73.9289698076423,40.6955023520878,-73.9762216320504,0.093624311301564,0.071034311301564,2020.20963125683,2020.23222125683,434000000
1184,1185,0.02156,40.7014550014381,-73.9767781163131,40.7050423751715,-73.9751936843799,0.06431431130163,0.04275431130163,2020.18135125683,2020.20291125683,434000000
1184,1190,0.00172,40.7014550014381,-73.9767781163131,40.7005343097373,-73.9772030747135,0.04447431130163,0.04275431130163,2020.18135125683,2020.18307125683,434000000
1185,1186,0.00176999999999999,40.7050423751715,-73.9751936843799,40.6094943144444,-73.9746902161995,0.06608431130163,0.06431431130163,2020.20291125683,2020.20468125683,434000000
1186,1187,0.00176999999999999,40.6094943144444,-73.9746902161995,40.6094943144444,-73.9746902161995,0.06785431130163,0.06608431130163,2020.20468125683,2020.20645125683,434000000
1187,1188,0.00180999999999998,40.6094943144444,-73.9746902161995,40.7586672808569,-73.5936957967757,0.06966431130163,0.06785431130163,2020.20645125683,2020.20826125683,434000000
1188,1189,0.00188000000000002,40.7586672808569,-73.5936957967757,40.7161072662809,-73.6877705349202,0.07154431130163,0.06966431130163,2020.20826125683,2020.21014125683,434000000
1190,1191,0.00175,40.7005343097373,-73.9772030747135,40.7111125650881,-73.9391604519554,0.04622431130163,0.04447431130163,2020.18307125683,2020.18482125683,434000000
1190,1219,0.02342,40.7005343097373,-73.9772030747135,40.6704616237666,-73.973828702329,0.06789431130163,0.04447431130163,2020.18307125683,2020.20649125683,434000000
1191,1192,0.015,40.7111125650881,-73.9391604519554,40.7311310505073,-73.9957580370073,0.06122431130163,0.04622431130163,2020.18482125683,2020.19982125683,434000000
1191,1200,0.01186,40.7111125650881,-73.9391604519554,40.69835754127,-73.9795591664354,0.05808431130163,0.04622431130163,2020.18482125683,2020.19668125683,434000000
1192,1195,0.00905999999999998,40.7311310505073,-73.9957580370073,40.7407095096439,-73.9947972627815,0.07028431130163,0.06122431130163,2020.19982125683,2020.20888125683,434000000
1192,1193,0.00161785317900001,40.7311310505073,-73.9957580370073,40.7403894524069,-73.9826133583222,0.06284216448063,0.06122431130163,2020.19982125683,2020.20143911001,434000000
1193,1194,0.04718214682,40.7403894524069,-73.9826133583222,40.6470591321752,-74.0147830587097,0.11002431130063,0.06284216448063,2020.20143911001,2020.24862125683,434000000
1195,1196,0.000620000000000009,40.7407095096439,-73.9947972627815,40.7384559456044,-73.9918122678462,0.07090431130163,0.07028431130163,2020.20888125683,2020.20950125683,434000000
1195,1198,0.000620000000000009,40.7407095096439,-73.9947972627815,40.7384559456044,-73.9918122678462,0.07090431130163,0.07028431130163,2020.20888125683,2020.20950125683,434000000
1196,1197,0.00048999999999999,40.7384559456044,-73.9918122678462,40.6881189286882,-73.9989338303999,0.07139431130163,0.07090431130163,2020.20950125683,2020.20999125683,434000000
1198,1199,0.00048999999999999,40.7384559456044,-73.9918122678462,40.6881189286882,-73.9989338303999,0.07139431130163,0.07090431130163,2020.20950125683,2020.20999125683,434000000
1200,1201,0.01237,40.69835754127,-73.9795591664354,40.6753415311891,-73.9193104551804,0.07045431130163,0.05808431130163,2020.19668125683,2020.20905125683,434000000
1200,1211,0.00175,40.69835754127,-73.9795591664354,40.7111125650881,-73.9391604519554,0.05983431130163,0.05808431130163,2020.19668125683,2020.19843125683,434000000
1201,1202,8.00000000000245e-05,40.6753415311891,-73.9193104551804,40.6301629226459,-73.9444667620086,0.07053431130163,0.07045431130163,2020.20905125683,2020.20913125683,434000000
1201,1206,0.000472714396700019,40.6753415311891,-73.9193104551804,40.6714717666249,-73.9181596517672,0.07092702569833,0.07045431130163,2020.20905125683,2020.20952397123,434000000
1202,1203,1.99999999999922e-05,40.6301629226459,-73.9444667620086,40.6765238190891,-73.917485083198,0.07055431130163,0.07053431130163,2020.20913125683,2020.20915125683,434000000
1203,1204,0.0321,40.6765238190891,-73.917485083198,40.6094049261338,-73.9534391292562,0.10265431130163,0.07055431130163,2020.20915125683,2020.24125125683,434000000
1204,1205,0.00163532405400001,40.6094049261338,-73.9534391292562,40.604286218764,-73.9524928111025,0.10428963535563,0.10265431130163,2020.24125125683,2020.24288658088,434000000
1206,1207,0.0383372856,40.6714717666249,-73.9181596517672,40.663076511864,-73.9021702213942,0.10926431129833,0.07092702569833,2020.20952397123,2020.24786125683,434000000
1206,1210,0.000797285603300002,40.6714717666249,-73.9181596517672,40.6694108355895,-73.9192612160712,0.07172431130163,0.07092702569833,2020.20952397123,2020.21032125683,434000000
1207,1209,0.000399999999999998,40.663076511864,-73.9021702213942,40.6707425129846,-73.8910880102026,0.10966431129833,0.10926431129833,2020.24786125683,2020.24826125683,434000000
1207,1208,0.000399999999999998,40.663076511864,-73.9021702213942,40.6707425129846,-73.8910880102026,0.10966431129833,0.10926431129833,2020.24786125683,2020.24826125683,434000000
1211,1213,0.00988999999999998,40.7111125650881,-73.9391604519554,40.7624196859208,-73.9536912674037,0.06972431130163,0.05983431130163,2020.19843125683,2020.20832125683,434000000
1211,1212,0.00146598771299999,40.7111125650881,-73.9391604519554,40.7095615586049,-73.9959018490713,0.06130029901463,0.05983431130163,2020.19843125683,2020.19989724454,434000000
1213,1214,0.00156000000000001,40.7624196859208,-73.9536912674037,40.756737031888,-73.9519272860662,0.07128431130163,0.06972431130163,2020.20832125683,2020.20988125683,434000000
1213,1215,0.02572,40.7624196859208,-73.9536912674037,40.9226752392305,-73.8879207119699,0.09544431130163,0.06972431130163,2020.20832125683,2020.23404125683,434000000
1215,1216,0.01210474492,40.9226752392305,-73.8879207119699,40.7398227981711,-73.5897245533724,0.10754905622163,0.09544431130163,2020.23404125683,2020.24614600175,434000000
1216,1218,0.000395255080199997,40.7398227981711,-73.5897245533724,40.7382228420628,-73.5882526355396,0.10794431130183,0.10754905622163,2020.24614600175,2020.24654125683,434000000
1216,1217,0.00148525508,40.7398227981711,-73.5897245533724,40.8849270425817,-73.0275372731017,0.10903431130163,0.10754905622163,2020.24614600175,2020.24763125683,434000000
1219,1220,0.00184000000000001,40.6704616237666,-73.973828702329,40.6787080120457,-73.9659066662955,0.06973431130163,0.06789431130163,2020.20649125683,2020.20833125683,434000000
1219,1239,0.00183240009900001,40.6704616237666,-73.973828702329,40.6730364583078,-73.9729801085333,0.06972671140063,0.06789431130163,2020.20649125683,2020.20832365693,434000000
1220,1221,8.5542293359997e-05,40.6787080120457,-73.9659066662955,40.6759334773127,-73.973348245463,0.06981985359499,0.06973431130163,2020.20833125683,2020.20841679912,434000000
1220,1231,0.000655521437399997,40.6787080120457,-73.9659066662955,40.6806383129087,-73.9725314132425,0.07038983273903,0.06973431130163,2020.20833125683,2020.20898677827,434000000
1221,1223,0.000160478964700006,40.6759334773127,-73.973348245463,40.6740364246714,-73.9720946458414,0.06998033255969,0.06981985359499,2020.20841679912,2020.20857727809,434000000
1221,1222,2.01816014900047e-05,40.6759334773127,-73.973348245463,40.6754690678921,-73.9731236640396,0.06984003519648,0.06981985359499,2020.20841679912,2020.20843698072,434000000
1223,1226,0.00104438149899999,40.6740364246714,-73.9720946458414,40.6608405305928,-73.9661732850305,0.07102471405869,0.06998033255969,2020.20857727809,2020.20962165959,434000000
1223,1224,0.000793978741900014,40.6740364246714,-73.9720946458414,40.6715997560808,-73.9677354551957,0.07077431130159,0.06998033255969,2020.20857727809,2020.20937125683,434000000
1224,1225,0.0384,40.6715997560808,-73.9677354551957,40.6849492070986,-73.9707318587382,0.10917431130159,0.07077431130159,2020.20937125683,2020.24777125683,434000000
1226,1228,0.000339597243300016,40.6608405305928,-73.9661732850305,40.6473237465144,-73.9529449862417,0.07136431130199,0.07102471405869,2020.20962165959,2020.20996125683,434000000
1226,1227,0.03622959724,40.6608405305928,-73.9661732850305,40.6255955411097,-74.0019680093878,0.10725431129869,0.07102471405869,2020.20962165959,2020.24585125683,434000000
1228,1229,0.03781,40.6473237465144,-73.9529449862417,40.7534283400278,-73.7546420639573,0.10917431130199,0.07136431130199,2020.20996125683,2020.24777125683,434000000
1229,1230,0.000689999999999996,40.7534283400278,-73.7546420639573,40.6892204207145,-73.9978634962534,0.10986431130199,0.10917431130199,2020.24777125683,2020.24846125683,434000000
1231,1232,3.41513831799978e-05,40.6806383129087,-73.9725314132425,40.6799233931556,-73.9722166858849,0.07042398412221,0.07038983273903,2020.20898677827,2020.20902092965,434000000
1231,1237,0.000315375966200016,40.6806383129087,-73.9725314132425,40.6803095604258,-73.9707298085624,0.07070520870523,0.07038983273903,2020.20898677827,2020.20930215423,434000000
1232,1236,0.000370327179399998,40.6799233931556,-73.9722166858849,40.685574883607,-73.9748360940319,0.07079431130161,0.07042398412221,2020.20902092965,2020.20939125683,434000000
1232,1233,0.03916800227,40.6799233931556,-73.9722166858849,40.7142935937702,-73.9409404312587,0.10959198639221,0.07042398412221,2020.20902092965,2020.24818893192,434000000
1233,1234,0.000162324911900005,40.7142935937702,-73.9409404312587,40.7165379081804,-73.9464050444642,0.10975431130411,0.10959198639221,2020.24818893192,2020.24835125683,434000000
1233,1235,0.000162324911900005,40.7142935937702,-73.9409404312587,40.7165379081804,-73.9464050444642,0.10975431130411,0.10959198639221,2020.24818893192,2020.24835125683,434000000
1237,1238,0.00103910259599999,40.6803095604258,-73.9707298085624,40.6785283733388,-73.9687048607812,0.07174431130123,0.07070520870523,2020.20930215423,2020.21034125683,434000000
1239,1240,0.000116200783800008,40.6730364583078,-73.9729801085333,40.7730109451487,-73.9470142399866,0.06984291218443,0.06972671140063,2020.20832365693,2020.20843985771,434000000
1239,1247,0.000537599900800018,40.6730364583078,-73.9729801085333,40.6723890189269,-73.9725067232698,0.07026431130143,0.06972671140063,2020.20832365693,2020.20886125683,434000000
1240,1244,3.44059128799812e-05,40.7730109451487,-73.9470142399866,40.7732137621554,-73.9455763951608,0.06987731809731,0.06984291218443,2020.20843985771,2020.20847426362,434000000
1240,1241,0.000511399116999989,40.7730109451487,-73.9470142399866,40.7645167560316,-73.6771952352047,0.07035431130143,0.06984291218443,2020.20843985771,2020.20895125683,434000000
1241,1243,0.000759999999999983,40.7645167560316,-73.6771952352047,40.7609743100169,-73.6692560070698,0.07111431130143,0.07035431130143,2020.20895125683,2020.20971125683,434000000
1241,1242,0.000759999999999983,40.7645167560316,-73.6771952352047,40.7609743100169,-73.6692560070698,0.07111431130143,0.07035431130143,2020.20895125683,2020.20971125683,434000000
1244,1246,0.000101650095400002,40.7732137621554,-73.9455763951608,40.7740135319823,-73.9456241160698,0.06997896819271,0.06987731809731,2020.20847426362,2020.20857591372,434000000
1244,1245,0.000786993204100001,40.7732137621554,-73.9455763951608,40.7643674411164,-73.8578159731622,0.07066431130141,0.06987731809731,2020.20847426362,2020.20926125683,434000000
1247,1248,0.000113575621799977,40.6723890189269,-73.9725067232698,40.6712902492734,-73.9716245712883,0.07037788692323,0.07026431130143,2020.20886125683,2020.20897483245,434000000
1247,1251,5.29782850700045e-05,40.6723890189269,-73.9725067232698,40.6689112395629,-73.9682266121431,0.0703172895865,0.07026431130143,2020.20886125683,2020.20891423511,434000000
1248,1249,0.000336424378200029,40.6712902492734,-73.9716245712883,40.6722577142378,-73.9745630194973,0.07071431130143,0.07037788692323,2020.20897483245,2020.20931125683,434000000
1249,1250,0.03789,40.6722577142378,-73.9745630194973,40.6391123172053,-74.0330144268252,0.10860431130143,0.07071431130143,2020.20931125683,2020.24720125683,434000000
1251,1252,3.32570819799871e-05,40.6689112395629,-73.9682266121431,40.6688011769055,-73.9681012999439,0.07035054666848,0.0703172895865,2020.20891423511,2020.2089474922,434000000
1252,1253,0.000903764632899984,40.6688011769055,-73.9681012999439,40.6704361109144,-73.963832723886,0.07125431130138,0.07035054666848,2020.2089474922,2020.20985125683,434000000
1253,1256,0.000190000000000023,40.6704361109144,-73.963832723886,40.6691524422235,-73.9621055830277,0.07144431130138,0.07125431130138,2020.20985125683,2020.21004125683,434000000
1253,1254,0.03306,40.6704361109144,-73.963832723886,40.6544088640232,-73.9385129221225,0.10431431130138,0.07125431130138,2020.20985125683,2020.24291125683,434000000
1254,1255,0.00275,40.6544088640232,-73.9385129221225,40.6535019465404,-73.9385506685734,0.10706431130138,0.10431431130138,2020.24291125683,2020.24566125683,434000000
1256,1259,0.02488485669,40.6691524422235,-73.9621055830277,40.6318581252589,-73.936836951811,0.09632916799138,0.07144431130138,2020.21004125683,2020.23492611352,434000000
1256,1257,0.00228999999999999,40.6691524422235,-73.9621055830277,40.6701168518074,-73.7783627843871,0.07373431130138,0.07144431130138,2020.21004125683,2020.21233125683,434000000
1257,1258,0.02238719215,40.6701168518074,-73.7783627843871,40.6689452606246,-73.7786821990772,0.09612150345138,0.07373431130138,2020.21233125683,2020.23471844898,434000000
1260,1261,0.000366441983800009,40.6924654460583,-73.9694830721414,40.6851321358916,-73.9669670525441,0.00246109647333001,0.00209465448953,2020.14069160002,2020.141058042,434000000
1260,1268,0.000257855652999989,40.6924654460583,-73.9694830721414,40.6950000255257,-73.9653695527688,0.00235251014252999,0.00209465448953,2020.14069160002,2020.14094945567,434000000
1261,1267,0.000493214828999999,40.6851321358916,-73.9669670525441,40.6964043911115,-73.9610434183742,0.00295431130233001,0.00246109647333001,2020.141058042,2020.14155125683,434000000
1261,1262,0.04935350401,40.6851321358916,-73.9669670525441,40.6991655259902,-73.9711633599074,0.05181460048333,0.00246109647333001,2020.141058042,2020.19041154601,434000000
1262,1263,0.000789710814100009,40.6991655259902,-73.9711633599074,40.6983775005597,-73.9693829123032,0.05260431129743,0.05181460048333,2020.19041154601,2020.19120125682,434000000
1262,1264,0.000426689832199983,40.6991655259902,-73.9711633599074,40.6927523098033,-73.9542080836976,0.05224129031553,0.05181460048333,2020.19041154601,2020.19083823584,434000000
1264,1265,0.01526302098,40.6927523098033,-73.9542080836976,40.7578480284537,-73.9426622086595,0.06750431129553,0.05224129031553,2020.19083823584,2020.20610125682,434000000
1265,1266,0.03705,40.7578480284537,-73.9426622086595,40.77856899633,-73.9558434734901,0.10455431129553,0.06750431129553,2020.20610125682,2020.24315125682,434000000
1268,1269,0.000304411240200003,40.6950000255257,-73.9653695527688,40.6947314981383,-73.9659925758735,0.00265692138272999,0.00235251014252999,2020.14094945567,2020.14125386691,434000000
1269,1271,0.03320647006,40.6947314981383,-73.9659925758735,40.7166267179402,-73.9539576270667,0.03586339144273,0.00265692138272999,2020.14125386691,2020.17446033697,434000000
1269,1270,0.06364738992,40.6947314981383,-73.9659925758735,40.7023376800639,-74.0108891900415,0.06630431130273,0.00265692138272999,2020.14125386691,2020.20490125683,434000000
1271,1272,0.02774091986,40.7166267179402,-73.9539576270667,40.7978122119045,-73.9239359194018,0.06360431130273,0.03586339144273,2020.17446033697,2020.20220125683,434000000
1271,1288,0.000285192622100028,40.7166267179402,-73.9539576270667,40.7199878161325,-73.9599422466002,0.03614858406483,0.03586339144273,2020.17446033697,2020.17474552959,434000000
1272,1273,0.00675000000000001,40.7978122119045,-73.9239359194018,40.8018502495895,-73.9241192465636,0.07035431130273,0.06360431130273,2020.20220125683,2020.20895125683,434000000
1272,1275,0.00176000000000001,40.7978122119045,-73.9239359194018,40.799948585029,-73.9251245996524,0.06536431130273,0.06360431130273,2020.20220125683,2020.20396125683,434000000
1273,1274,0.000769999999999993,40.8018502495895,-73.9241192465636,40.7704626299616,-73.9508066184885,0.07112431130273,0.07035431130273,2020.20895125683,2020.20972125683,434000000
1275,1279,0.00175999999999998,40.799948585029,-73.9251245996524,40.7487132723743,-73.9200995733466,0.06712431130273,0.06536431130273,2020.20396125683,2020.20572125683,434000000
1275,1276,0.00507999999999997,40.799948585029,-73.9251245996524,40.7920213814105,-73.9181016670182,0.07044431130273,0.06536431130273,2020.20396125683,2020.20904125683,434000000
1276,1277,0.00126999999999999,40.7920213814105,-73.9181016670182,40.7905213102848,-73.9198488444216,0.07171431130273,0.07044431130273,2020.20904125683,2020.21031125683,434000000
1276,1278,0.000780000000000003,40.7920213814105,-73.9181016670182,40.7942293907427,-73.9166436696634,0.07122431130273,0.07044431130273,2020.20904125683,2020.20982125683,434000000
1279,1280,0.00192000000000001,40.7487132723743,-73.9200995733466,40.612138089249,-73.9447048133305,0.06904431130273,0.06712431130273,2020.20572125683,2020.20764125683,434000000
1279,1281,0.00273000000000001,40.7487132723743,-73.9200995733466,40.7138758115654,-73.9332605702047,0.06985431130273,0.06712431130273,2020.20572125683,2020.20845125683,434000000
1281,1283,0.02448,40.7138758115654,-73.9332605702047,40.7562212802036,-73.7242921180341,0.09433431130273,0.06985431130273,2020.20845125683,2020.23293125683,434000000
1281,1282,0.000429999999999986,40.7138758115654,-73.9332605702047,40.6927192969877,-73.9354163819438,0.07028431130273,0.06985431130273,2020.20845125683,2020.20888125683,434000000
1283,1284,0.00201999999999999,40.7562212802036,-73.7242921180341,40.7156202488516,-73.9529542916181,0.09635431130273,0.09433431130273,2020.23293125683,2020.23495125683,434000000
1283,1285,0.01002,40.7562212802036,-73.7242921180341,40.7531284630258,-73.7248219755412,0.10435431130273,0.09433431130273,2020.23293125683,2020.24295125683,434000000
1285,1286,0.00229,40.7531284630258,-73.7248219755412,40.7486678078448,-73.7227267489726,0.10664431130273,0.10435431130273,2020.24295125683,2020.24524125683,434000000
1285,1287,0.00260000000000001,40.7531284630258,-73.7248219755412,40.6078365098578,-73.995892516091,0.10695431130273,0.10435431130273,2020.24295125683,2020.24555125683,434000000
1288,1289,0.000105727235899994,40.7199878161325,-73.9599422466002,40.7177963215056,-73.958592930966,0.03625431130073,0.03614858406483,2020.17474552959,2020.17485125683,434000000
1290,1291,0.000345255004100015,40.6861206629745,-73.9794820891628,40.7048567440729,-73.9819522684487,0.00244300559060001,0.0020977505865,2020.14069469611,2020.14103995112,434000000
1291,1293,0.000316613549799977,40.7048567440729,-73.9819522684487,40.6732668055064,-73.9907056897864,0.00275961914039999,0.00244300559060001,2020.14103995112,2020.14135656467,434000000
1291,1292,0.000322404724699993,40.7048567440729,-73.9819522684487,40.7040222879351,-73.9826532478789,0.0027654103153,0.00244300559060001,2020.14103995112,2020.14136235584,434000000
1293,1294,0.000159487889500015,40.6732668055064,-73.9907056897864,40.6796687039659,-73.9840442107773,0.0029191070299,0.00275961914039999,2020.14135656467,2020.14151605256,434000000
1294,1295,3.52042719599932e-05,40.6796687039659,-73.9840442107773,40.6797213257562,-73.9829900368089,0.00295431130186,0.0029191070299,2020.14151605256,2020.14155125683,434000000
1296,1297,0.00017786333719999,40.7321079923411,-73.9272031817756,40.7324020697826,-73.926296374385,0.00256376289259999,0.0023858995554,2020.14098284508,2020.14116070842,434000000
1297,1298,0.000117993864899996,40.7324020697826,-73.926296374385,40.6184323526697,-74.0745974402276,0.00268175675749999,0.00256376289259999,2020.14116070842,2020.14127870228,434000000
1297,1299,0.06295534128,40.7324020697826,-73.926296374385,40.7484190180094,-73.921159238996,0.0655191041726,0.00256376289259999,2020.14116070842,2020.2041160497,434000000
1299,1300,0.000355207131000013,40.7484190180094,-73.921159238996,40.7515734268311,-73.9938673715694,0.0658743113036,0.0655191041726,2020.2041160497,2020.20447125683,434000000
1301,1302,0.000723639696599998,40.7451489505849,-73.9153900409776,40.7398787509675,-73.9165760493583,0.002954311302,0.0022306716054,2020.14082761713,2020.14155125683,434000000
1301,1303,0.000141765052499992,40.7451489505849,-73.9153900409776,40.7440920793547,-73.9150436684853,0.00237243665789999,0.0022306716054,2020.14082761713,2020.14096938219,434000000
1303,1305,0.000480027559700003,40.7440920793547,-73.9150436684853,40.7438644620274,-73.9156698805409,0.00285246421759999,0.00237243665789999,2020.14096938219,2020.14144940974,434000000
1303,1304,0.05717187464,40.7440920793547,-73.9150436684853,40.7676219278289,-73.9322485944957,0.0595443112979,0.00237243665789999,2020.14096938219,2020.19814125683,434000000
1305,1306,0.06601184708,40.7438644620274,-73.9156698805409,40.727410571005,-73.8966601725195,0.0688643112976,0.00285246421759999,2020.14144940974,2020.20746125682,434000000
1306,1307,0.001686954544,40.727410571005,-73.8966601725195,40.7275664636743,-73.8959889406035,0.0705512658416,0.0688643112976,2020.20746125682,2020.20914821137,434000000
1307,1308,0.000253045456499984,40.7275664636743,-73.8959889406035,40.7241028051531,-73.8986530201522,0.0708043112981,0.0705512658416,2020.20914821137,2020.20940125683,434000000
1308,1311,0.000650000000000012,40.7241028051531,-73.8986530201522,40.7265525965077,-73.8986969692551,0.0714543112981,0.0708043112981,2020.20940125683,2020.21005125683,434000000
1308,1309,0.0370834728,40.7241028051531,-73.8986530201522,40.741940020055,-73.9240062732494,0.1078877840981,0.0708043112981,2020.20940125683,2020.24648472963,434000000
1309,1310,0.000276527202900001,40.741940020055,-73.9240062732494,40.7421239781476,-73.9234089141559,0.108164311301,0.1078877840981,2020.24648472963,2020.24676125683,434000000
1311,1312,0.03694,40.7265525965077,-73.8986969692551,40.7361169535437,-73.8951204144872,0.1083943112981,0.0714543112981,2020.21005125683,2020.24699125683,434000000
1311,1313,0.02294,40.7265525965077,-73.8986969692551,40.7380994901224,-73.890915206149,0.0943943112981,0.0714543112981,2020.21005125683,2020.23299125683,434000000
1313,1314,0.01425,40.7380994901224,-73.890915206149,40.7233921211504,-73.8868520783066,0.1086443112981,0.0943943112981,2020.23299125683,2020.24724125683,434000000
1313,1315,0.00197,40.7380994901224,-73.890915206149,40.6897001752392,-73.6246328729159,0.0963643112981,0.0943943112981,2020.23299125683,2020.23496125683,434000000
1315,1316,0.01102,40.6897001752392,-73.6246328729159,40.6053300299799,-73.972969163805,0.1073843112981,0.0963643112981,2020.23496125683,2020.24598125683,434000000
1316,1317,0.00176,40.6053300299799,-73.972969163805,40.8227635050447,-73.1792705827686,0.1091443112981,0.1073843112981,2020.24598125683,2020.24774125683,434000000
1321,1322,0.000275066850000005,40.7530688362698,-73.7587776458441,40.5637487412787,-73.3010577596036,0.000275066850000005,0,2020.20890618998,2020.20918125683,434000000
1327,1328,0.000202659493899998,40.5595824482595,-73.9423133379509,40.8104529145601,-73.8205139447223,0.000202659493899998,0,2020.24800859734,2020.24821125683,434000000
1327,1329,0.000442659493900002,40.5595824482595,-73.9423133379509,40.5892780116803,-73.9515614463785,0.000442659493900002,0,2020.24800859734,2020.24845125683,434000000
1333,1334,0.000294296266699995,40.5352731923116,-73.8803839656267,40.4508682904328,-74.025590977678,0.000294296266699995,0,2020.20903696057,2020.20933125684,434000000
1353,1354,7.73058536499976e-05,40.6912489698289,-73.9035989434831,40.6966980452553,-73.9075603982181,7.73058536499976e-05,0,2020.20818571385,2020.20826301971,434000000
1353,1361,0.000872420773600002,40.6912489698289,-73.9035989434831,40.7200516327242,-73.9266186659034,0.000872420773600002,0,2020.20818571385,2020.20905813463,434000000
1354,1358,0.000253706513200003,40.6966980452553,-73.9075603982181,40.702922398223,-73.9041633776649,0.00033101236685,7.73058536499976e-05,2020.20826301971,2020.20851672622,434000000
1354,1355,0.000998237124100007,40.6966980452553,-73.9075603982181,40.6949736613202,-73.8631600007119,0.00107554297775,7.73058536499976e-05,2020.20826301971,2020.20926125683,434000000
1355,1356,0.000129999999999991,40.6949736613202,-73.8631600007119,40.7008121769897,-73.8566503551522,0.00120554297775,0.00107554297775,2020.20926125683,2020.20939125683,434000000
1355,1357,0.000129999999999991,40.6949736613202,-73.8631600007119,40.7008121769897,-73.8566503551522,0.00120554297775,0.00107554297775,2020.20926125683,2020.20939125683,434000000
1358,1360,0.000514530611,40.702922398223,-73.9041633776649,40.7119518348918,-73.9008368536154,0.00084554297785,0.00033101236685,2020.20851672622,2020.20903125683,434000000
1358,1359,0.000344530610999996,40.702922398223,-73.9041633776649,40.7073249795936,-73.9351918349334,0.000675542977849997,0.00033101236685,2020.20851672622,2020.20886125683,434000000
1361,1362,0.000362168564600002,40.7200516327242,-73.9266186659034,40.7083953204849,-73.9204470915573,0.0012345893382,0.000872420773600002,2020.20905813463,2020.20942030319,434000000
1361,1364,6.64634036700029e-05,40.7200516327242,-73.9266186659034,40.7229436118037,-73.9268702684357,0.000938884177270005,0.000872420773600002,2020.20905813463,2020.20912459803,434000000
1362,1363,0.03309095364,40.7083953204849,-73.9204470915573,40.7403086604223,-73.9249780115032,0.0343255429782,0.0012345893382,2020.20942030319,2020.24251125683,434000000
1364,1366,0.000386658800600001,40.7229436118037,-73.9268702684357,40.6145395837584,-74.0233679125684,0.00132554297787001,0.000938884177270005,2020.20912459803,2020.20951125683,434000000
1364,1365,0.000386658800600001,40.7229436118037,-73.9268702684357,40.6145395837584,-74.0233679125684,0.00132554297787001,0.000938884177270005,2020.20912459803,2020.20951125683,434000000
1366,1367,0.0328944266,40.6145395837584,-74.0233679125684,40.7208268432301,-73.9315455966152,0.03421996957787,0.00132554297787001,2020.20951125683,2020.24240568343,434000000
1366,1368,0.0222,40.6145395837584,-74.0233679125684,40.7369680581064,-73.8883815061066,0.02352554297787,0.00132554297787001,2020.20951125683,2020.23171125683,434000000
1368,1369,0.0154,40.7369680581064,-73.8883815061066,40.778173060039,-73.6008775684829,0.03892554297787,0.02352554297787,2020.23171125683,2020.24711125683,434000000
1376,1377,0.00207,40.7335127748182,-73.8575085292765,40.6330754518308,-73.9876465997152,0.00207,0,2020.23016125683,2020.23223125683,434000000
1377,1378,0.00904,40.6330754518308,-73.9876465997152,40.6447753511223,-74.0653956348124,0.01111,0.00207,2020.23223125683,2020.24127125683,434000000
1378,1379,0.00189,40.6447753511223,-74.0653956348124,40.6252298311251,-74.0221754386727,0.013,0.01111,2020.24127125683,2020.24316125683,434000000
1379,1380,0.00269,40.6252298311251,-74.0221754386727,40.5829726494874,-73.9879762745045,0.01569,0.013,2020.24316125683,2020.24585125683,434000000
1389,1390,0.00192,40.8040889152577,-73.8977277467584,40.7505114095804,-73.7730811620757,0.00192,0,2020.20846125683,2020.21038125683,434000000
1389,1391,0.000919999999999997,40.8040889152577,-73.8977277467584,40.7806253840965,-73.9056002764817,0.000919999999999997,0,2020.20846125683,2020.20938125683,434000000
1391,1392,0.03378,40.7806253840965,-73.9056002764817,40.740490900837,-73.7240125813785,0.0347,0.000919999999999997,2020.20938125683,2020.24316125683,434000000
1391,1393,0.000900000000000005,40.7806253840965,-73.9056002764817,40.7389572658775,-73.8818623978256,0.00182,0.000919999999999997,2020.20938125683,2020.21028125683,434000000
1393,1394,0.02901,40.7389572658775,-73.8818623978256,40.67423022941,-73.9845880346912,0.03083,0.00182,2020.21028125683,2020.23929125683,434000000
1394,1395,0.00196,40.67423022941,-73.9845880346912,40.6923453237452,-73.9929280643065,0.03279,0.03083,2020.23929125683,2020.24125125683,434000000
1399,1400,0.01057,40.9505316325303,-73.9496183005431,40.773971297667,-73.8664979217824,0.01057,0,2020.19913125683,2020.20970125683,434000000
1404,1405,0.00402653792,42.0703080886355,-74.4933929515395,40.7736612744346,-73.9464357637971,0.00402653792,0,2020.20635471891,2020.21038125683,434000000
1410,1411,6.32505180999943e-05,40.824191851523,-73.8142148254836,40.8135236446226,-73.826222921782,6.32505180999943e-05,0,2020.20926800631,2020.20933125683,434000000
1411,1412,0.03381,40.8135236446226,-73.826222921782,40.7952601224927,-73.6802703645458,0.0338732505181,6.32505180999943e-05,2020.20933125683,2020.24314125683,434000000
1418,1419,0.009052564843,40.6439384689365,-73.8377091065182,40.7284788592856,-73.7817442126998,0.009052564843,0,2020.22945869199,2020.23851125683,434000000
1419,1420,0.001773942179,40.7284788592856,-73.7817442126998,40.6654102003151,-73.8240119171239,0.010826507022,0.009052564843,2020.23851125683,2020.24028519901,434000000
1420,1421,0.002587321933,40.6654102003151,-73.8240119171239,40.7651122357593,-73.6988583243076,0.013413828955,0.010826507022,2020.24028519901,2020.24287252094,434000000
1425,1426,0.0011,40.461973269581,-73.6858809412049,40.6336599607062,-73.5996334671196,0.0011,0,2020.20825125683,2020.20935125683,434000000
