node1,node2,length,startLat,startLon,endLat,endLon,endNodeL,startNodeL,startYear,endYear,treeID,tipLabel
116,210,0.0171413700630448,40.7206727630279,-73.8515233347199,40.722799257562,-73.9171954524267,0.0171413700630448,0,2020.13998553171,2020.15712690178,822900000,NA
116,117,0.000682717585780257,40.7206727630279,-73.8515233347199,40.7178698059978,-73.8643849773806,0.000682717585780257,0,2020.13998553171,2020.1406682493,822900000,NA
117,118,0.00762000933339205,40.7178698059978,-73.8643849773806,40.748096210822,-73.8817372727234,0.0083027269191723,0.000682717585780257,2020.1406682493,2020.14828825863,822900000,NA
117,185,0.0180394465981913,40.7178698059978,-73.8643849773806,40.7430406536621,-73.8641340395034,0.0187221641839716,0.000682717585780257,2020.1406682493,2020.1587076959,822900000,NA
118,119,0.00738044902035762,40.748096210822,-73.8817372727234,40.7529572222322,-73.8932783379632,0.0156831759395299,0.0083027269191723,2020.14828825863,2020.15566870765,822900000,NA
118,135,0.00168972292684735,40.748096210822,-73.8817372727234,40.7409864437917,-73.8790601170487,0.00999244984601966,0.0083027269191723,2020.14828825863,2020.14997798156,822900000,NA
119,120,0.0154022358644753,40.7529572222322,-73.8932783379632,40.7617053824783,-73.928880876187,0.0310854118040052,0.0156831759395299,2020.15566870765,2020.17107094352,822900000,NA
119,125,0.000895121554317202,40.7529572222322,-73.8932783379632,40.7561768036096,-73.8998494068681,0.0165782974938471,0.0156831759395299,2020.15566870765,2020.15656382921,822900000,NA
120,122,0.000812073520826045,40.7617053824783,-73.928880876187,40.756840383919,-73.9287927349509,0.0318974853248312,0.0310854118040052,2020.17107094352,2020.17188301704,822900000,NA
120,121,0.00194487233249482,40.7617053824783,-73.928880876187,40.7781429427306,-73.9225798639141,0.0330302841365,0.0310854118040052,2020.17107094352,2020.17301581585,822900000,NA
121,1,0.0701535830604506,40.7781429427306,-73.9225798639141,40.6423234463678,-73.9689886843759,0.103183867196951,0.0330302841365,2020.17301581585,2020.24316939891,822900000,hCoV-19/USA/NY-NYUMC533/2020
121,2,0.0701535830604506,40.7781429427306,-73.9225798639141,40.8819720108401,-73.866318883948,0.103183867196951,0.0330302841365,2020.17301581585,2020.24316939891,822900000,hCoV-19/USA/NY-NYUMC517/2020
122,123,0.00819867359971202,40.756840383919,-73.9287927349509,40.7274958909186,-73.9699490936324,0.0400961589245432,0.0318974853248312,2020.17188301704,2020.18008169064,822900000,NA
122,124,0.00541380318856505,40.756840383919,-73.9287927349509,40.7500060521563,-73.908112220879,0.0373112885133963,0.0318974853248312,2020.17188301704,2020.17729682023,822900000,NA
123,3,0.0303008230225733,40.7274958909186,-73.9699490936324,40.7475864907637,-73.9715309611186,0.0703969819471165,0.0400961589245432,2020.18008169064,2020.21038251366,822900000,hCoV-19/USA/NY-NYUMC672/2020
123,4,0.0931423530823868,40.7274958909186,-73.9699490936324,40.6124623647082,-74.1046311556629,0.13323851200693,0.0400961589245432,2020.18008169064,2020.27322404372,822900000,hCoV-19/USA/NY-NYUMC385/2020
124,5,0.0740692999935686,40.7500060521563,-73.908112220879,40.8549837905493,-73.9258289253539,0.111380588506965,0.0373112885133963,2020.17729682023,2020.25136612022,822900000,hCoV-19/USA/NY-NYUMC685/2020
124,6,0.0713370595537139,40.7500060521563,-73.908112220879,40.6374920734337,-74.0091464591969,0.10864834806711,0.0373112885133963,2020.17729682023,2020.24863387978,822900000,hCoV-19/USA/NY-NYUMC158/2020
125,126,0.0173346880208289,40.7561768036096,-73.8998494068681,40.799152691249,-73.845741148668,0.033912985514676,0.0165782974938471,2020.15656382921,2020.17389851723,822900000,NA
125,130,0.000249112600642615,40.7561768036096,-73.8998494068681,40.7624658226678,-73.8960524427144,0.0168274100944897,0.0165782974938471,2020.15656382921,2020.15681294181,822900000,NA
126,127,0.00243624150439828,40.799152691249,-73.845741148668,40.8340262411305,-73.8375379008368,0.0363492270190743,0.033912985514676,2020.17389851723,2020.17633475873,822900000,NA
126,129,0.00182979981977666,40.799152691249,-73.845741148668,40.8083244918558,-73.841259684738,0.0357427853344526,0.033912985514676,2020.17389851723,2020.17572831705,822900000,NA
127,7,0.124211689357981,40.8340262411305,-73.8375379008368,40.7669725010674,-73.8104108821342,0.160560916377055,0.0363492270190743,2020.17633475873,2020.30054644809,822900000,hCoV-19/USA/NY-NYUMC436/2020
127,128,0.00251702091638076,40.8340262411305,-73.8375379008368,40.834205814959,-73.8378584517933,0.038866247935455,0.0363492270190743,2020.17633475873,2020.17885177965,822900000,NA
128,9,0.0561208979514813,40.834205814959,-73.8378584517933,40.8177010134899,-73.8312716311785,0.0949871458869364,0.038866247935455,2020.17885177965,2020.2349726776,822900000,hCoV-19/USA/NY-NYUMC825/2020
128,8,0.0697821001316552,40.834205814959,-73.8378584517933,40.8299470562498,-73.9078920040658,0.10864834806711,0.038866247935455,2020.17885177965,2020.24863387978,822900000,hCoV-19/USA/NY-NYUMC199/2020
129,10,0.124818131042602,40.8083244918558,-73.841259684738,40.7625124536136,-73.8181364491275,0.160560916377055,0.0357427853344526,2020.17572831705,2020.30054644809,822900000,hCoV-19/USA/NY-NYUMC462/2020
129,11,0.053779879672547,40.8083244918558,-73.841259684738,40.69502454646,-73.9456854424974,0.0895226650069997,0.0357427853344526,2020.17572831705,2020.22950819672,822900000,hCoV-19/USA/NY-NYUMC810/2020
130,131,0.00291871168906016,40.7624658226678,-73.8960524427144,40.7364601036107,-73.8916910389923,0.0197461217835499,0.0168274100944897,2020.15681294181,2020.1597316535,822900000,NA
130,17,0.0890886975325385,40.7624658226678,-73.8960524427144,40.7790452494831,-73.9093402245291,0.105916107627028,0.0168274100944897,2020.15681294181,2020.24590163934,822900000,hCoV-19/USA/NY-NYUMC589/2020
131,132,0.0155034094320378,40.7364601036107,-73.8916910389923,40.6919118170769,-73.883923905448,0.0352495312155877,0.0197461217835499,2020.1597316535,2020.17523506293,822900000,NA
131,134,0.0162098069939584,40.7364601036107,-73.8916910389923,40.7418148019432,-73.8959863955037,0.0359559287775083,0.0197461217835499,2020.1597316535,2020.17594146049,822900000,NA
132,12,0.057005374231494,40.6919118170769,-73.883923905448,40.7214057032357,-73.7989507193224,0.0922549054470817,0.0352495312155877,2020.17523506293,2020.23224043716,822900000,hCoV-19/USA/NY-NYUMC706/2020
132,133,0.0305543751410076,40.6919118170769,-73.883923905448,40.7253804906509,-73.8381997040507,0.0658039063565953,0.0352495312155877,2020.17523506293,2020.20578943807,822900000,NA
133,14,0.0373799608403553,40.7253804906509,-73.8381997040507,40.8918671142442,-73.8595977191749,0.103183867196951,0.0658039063565953,2020.20578943807,2020.24316939891,822900000,hCoV-19/USA/NY-NYUMC524/2020
133,13,0.00459307559052119,40.7253804906509,-73.8381997040507,40.714721240987,-73.8383279981835,0.0703969819471165,0.0658039063565953,2020.20578943807,2020.21038251366,822900000,hCoV-19/USA/NY-NYUMC920/2020
134,15,0.0344410531696082,40.7418148019432,-73.8959863955037,40.7053329849345,-73.9808793873339,0.0703969819471165,0.0359559287775083,2020.17594146049,2020.21038251366,822900000,hCoV-19/USA/NY-NYUMC225/2020
134,16,0.0562989766695734,40.7418148019432,-73.8959863955037,40.7124989006906,-73.7788014686599,0.0922549054470817,0.0359559287775083,2020.17594146049,2020.23224043716,822900000,hCoV-19/USA/NY-NYUMC708/2020
135,136,0.00552295562170402,40.7409864437917,-73.8790601170487,40.7097578982992,-73.9051819944209,0.0155154054677237,0.00999244984601966,2020.14997798156,2020.15550093718,822900000,NA
135,68,0.131442783470925,40.7409864437917,-73.8790601170487,40.6259814331591,-73.9343347587688,0.141435233316944,0.00999244984601966,2020.14997798156,2020.28142076503,822900000,hCoV-19/USA/NY-NYUMC402/2020
136,148,1.00203550084665e-05,40.7097578982992,-73.9051819944209,40.7102230691082,-73.9057674773367,0.0155254258227321,0.0155154054677237,2020.15550093718,2020.15551095754,822900000,NA
136,137,0.0015267595764672,40.7097578982992,-73.9051819944209,40.7148456250788,-73.9066698246683,0.0170421650441909,0.0155154054677237,2020.15550093718,2020.15702769676,822900000,NA
137,147,0.0202779725930451,40.7148456250788,-73.9066698246683,40.7025301151905,-73.8398210842389,0.037320137637236,0.0170421650441909,2020.15702769676,2020.17730566935,822900000,NA
137,138,0.0020442548916613,40.7148456250788,-73.9066698246683,40.7027413685202,-73.8999746456078,0.0190864199358522,0.0170421650441909,2020.15702769676,2020.15907195165,822900000,NA
138,145,0.00213884333075307,40.7027413685202,-73.8999746456078,40.6913775925093,-73.9063419399091,0.0212252632666052,0.0190864199358522,2020.15907195165,2020.16121079498,822900000,NA
138,139,0.0144745414317188,40.7027413685202,-73.8999746456078,40.6658645446964,-73.8536178231682,0.0335609613675709,0.0190864199358522,2020.15907195165,2020.17354649308,822900000,NA
139,140,0.00185058192446838,40.6658645446964,-73.8536178231682,40.7043073589859,-73.842241610083,0.0354115432920393,0.0335609613675709,2020.17354649308,2020.17539707501,822900000,NA
139,144,0.0065479625262595,40.6658645446964,-73.8536178231682,40.6533020088088,-73.8621205766047,0.0401089238938304,0.0335609613675709,2020.17354649308,2020.18009445561,822900000,NA
140,22,0.0896302473950994,40.7043073589859,-73.842241610083,40.6094614079401,-73.9966250620818,0.125041790687139,0.0354115432920393,2020.17539707501,2020.2650273224,822900000,hCoV-19/USA/NY-NYUMC352/2020
140,141,0.00847063842238097,40.7043073589859,-73.842241610083,40.7202104497475,-73.8126116092405,0.0438821817144203,0.0354115432920393,2020.17539707501,2020.18386771343,822900000,NA
141,142,0.000873432579384131,40.7202104497475,-73.8126116092405,40.7209375024613,-73.8186986121597,0.0447556142938044,0.0438821817144203,2020.18386771343,2020.18474114601,822900000,NA
141,21,0.0702306472326266,40.7202104497475,-73.8126116092405,40.6090699278379,-73.9974431427721,0.114112828947047,0.0438821817144203,2020.18386771343,2020.25409836066,822900000,hCoV-19/USA/NY-NYUMC248/2020
142,18,0.050231531593132,40.7209375024613,-73.8186986121597,40.8479430292651,-73.9198629133241,0.0949871458869364,0.0447556142938044,2020.18474114601,2020.2349726776,822900000,hCoV-19/USA/NY-NYUMC792/2020
142,143,0.0220986588957372,40.7209375024613,-73.8186986121597,40.6350539174861,-73.8169755666,0.0668542731895416,0.0447556142938044,2020.18474114601,2020.2068398049,822900000,NA
143,19,0.0117394300675892,40.6350539174861,-73.8169755666,40.6110011019325,-73.7478724655276,0.0785937032571308,0.0668542731895416,2020.2068398049,2020.21857923497,822900000,hCoV-19/USA/NY-NYUMC721/2020
143,20,0.036329594007409,40.6350539174861,-73.8169755666,40.7183470731248,-73.7716401273386,0.103183867196951,0.0668542731895416,2020.2068398049,2020.24316939891,822900000,hCoV-19/USA/NY-NYUMC583/2020
144,24,0.131380954233321,40.6533020088088,-73.8621205766047,40.6710441547741,-73.8459461619124,0.171489878127151,0.0401089238938304,2020.18009445561,2020.31147540984,822900000,hCoV-19/USA/NY-NYUMC838/2020
144,23,0.090397347673245,40.6533020088088,-73.8621205766047,40.7437375091091,-73.8351008711859,0.130506271567075,0.0401089238938304,2020.18009445561,2020.27049180328,822900000,hCoV-19/USA/NY-NYUMC364/2020
145,146,0.0163779851566376,40.6913775925093,-73.9063419399091,40.7408176197342,-73.8588304397603,0.0376032484232429,0.0212252632666052,2020.16121079498,2020.17758878014,822900000,NA
145,27,0.0464394782404293,40.6913775925093,-73.9063419399091,40.7785762122093,-73.8201928720758,0.0676647415070345,0.0212252632666052,2020.16121079498,2020.20765027322,822900000,hCoV-19/USA/NY-NYUMC28/2020
146,25,0.0573838974636935,40.7408176197342,-73.8588304397603,40.6688046807674,-73.7778079124982,0.0949871458869364,0.0376032484232429,2020.17758878014,2020.2349726776,822900000,hCoV-19/USA/NY-NYUMC811/2020
146,26,0.103831984893701,40.7408176197342,-73.8588304397603,40.7463730381282,-73.9820105444655,0.141435233316944,0.0376032484232429,2020.17758878014,2020.28142076503,822900000,hCoV-19/USA/NY-NYUMC398/2020
147,29,0.0385413251898172,40.7025301151905,-73.8398210842389,40.6832144193083,-73.7406901212571,0.0758614628270532,0.037320137637236,2020.17730566935,2020.21584699454,822900000,hCoV-19/USA/NY-NYUMC830/2020
147,28,0.0740604508697288,40.7025301151905,-73.8398210842389,40.8597367133706,-73.886018871727,0.111380588506965,0.037320137637236,2020.17730566935,2020.25136612022,822900000,hCoV-19/USA/NY-NYUMC607/2020
148,177,0.00133847113729957,40.7102230691082,-73.9057674773367,40.7155403583827,-73.9099648325723,0.0168638969600317,0.0155254258227321,2020.15551095754,2020.15684942867,822900000,NA
148,149,0.0137034555146133,40.7102230691082,-73.9057674773367,40.7579506871752,-73.9153894694897,0.0292288813373454,0.0155254258227321,2020.15551095754,2020.16921441305,822900000,NA
149,176,0.00637716629076834,40.7579506871752,-73.9153894694897,40.8075114179137,-73.8760621597561,0.0356060476281138,0.0292288813373454,2020.16921441305,2020.17559157934,822900000,NA
149,150,0.000812896384545486,40.7579506871752,-73.9153894694897,40.7687904397062,-73.9094997262411,0.0300417777218909,0.0292288813373454,2020.16921441305,2020.17002730944,822900000,NA
150,151,0.000401031604694346,40.7687904397062,-73.9094997262411,40.7618360501981,-73.9171570919223,0.0304428093265853,0.0300417777218909,2020.17002730944,2020.17042834104,822900000,NA
150,155,0.00501933897657603,40.7687904397062,-73.9094997262411,40.7537957108574,-73.9096096373984,0.035061116698467,0.0300417777218909,2020.17002730944,2020.17504664841,822900000,NA
151,152,0.00474092796393313,40.7618360501981,-73.9171570919223,40.7664972610052,-73.9303502504517,0.0351837372905184,0.0304428093265853,2020.17042834104,2020.175169269,822900000,NA
151,34,0.0864022600505392,40.7618360501981,-73.9171570919223,40.6304412048745,-73.8854901849651,0.116845069377124,0.0304428093265853,2020.17042834104,2020.25683060109,822900000,hCoV-19/USA/NY-NYUMC294/2020
152,153,0.0037838305769041,40.7664972610052,-73.9303502504517,40.7642788546081,-73.9268400173873,0.0389675678674225,0.0351837372905184,2020.175169269,2020.17895309958,822900000,NA
152,154,0.00500967475569181,40.7664972610052,-73.9303502504517,40.7638511381381,-73.9190380341001,0.0401934120462102,0.0351837372905184,2020.175169269,2020.18017894376,822900000,NA
153,30,0.0696807801996877,40.7642788546081,-73.9268400173873,40.6401894472804,-74.134068014967,0.10864834806711,0.0389675678674225,2020.17895309958,2020.24863387978,822900000,hCoV-19/USA/NY-NYUMC179/2020
153,31,0.031429414079694,40.7642788546081,-73.9268400173873,40.7222633484931,-73.972712625832,0.0703969819471165,0.0389675678674225,2020.17895309958,2020.21038251366,822900000,hCoV-19/USA/NY-NYUMC73/2020
154,33,0.0302035699009063,40.7638511381381,-73.9190380341001,40.8181614505972,-73.9122826088561,0.0703969819471165,0.0401934120462102,2020.18017894376,2020.21038251366,822900000,hCoV-19/USA/NY-NYUMC98/2020
154,32,0.0302035699009063,40.7638511381381,-73.9190380341001,40.8382009170989,-73.9312211632961,0.0703969819471165,0.0401934120462102,2020.18017894376,2020.21038251366,822900000,hCoV-19/USA/NY-NYUMC58/2020
155,175,0.0359803417982386,40.7537957108574,-73.9096096373984,40.740647706298,-73.9877744193963,0.0710414584967056,0.035061116698467,2020.17504664841,2020.21102699021,822900000,NA
155,156,0.00291244110781663,40.7537957108574,-73.9096096373984,40.7530778227349,-73.881759731914,0.0379735578062836,0.035061116698467,2020.17504664841,2020.17795908952,822900000,NA
156,157,0.000573934126721298,40.7530778227349,-73.881759731914,40.7611047010804,-73.878115767859,0.0385474919330049,0.0379735578062836,2020.17795908952,2020.17853302365,822900000,NA
156,159,0.000326389592591375,40.7530778227349,-73.881759731914,40.7504790581558,-73.8891089037948,0.038299947398875,0.0379735578062836,2020.17795908952,2020.17828547911,822900000,NA
157,158,0.0349135931136416,40.7611047010804,-73.878115767859,40.6387242150877,-74.0038416618132,0.0734610850466465,0.0385474919330049,2020.17853302365,2020.21344661676,822900000,NA
157,37,0.0318494900141116,40.7611047010804,-73.878115767859,40.7128579562522,-73.8344621815468,0.0703969819471165,0.0385474919330049,2020.17853302365,2020.21038251366,822900000,hCoV-19/USA/NY-NYUMC62/2020
158,36,0.0570451865204289,40.6387242150877,-74.0038416618132,40.6989443086496,-73.9815135151593,0.130506271567075,0.0734610850466465,2020.21344661676,2020.27049180328,822900000,hCoV-19/USA/NY-NYUMC384/2020
158,35,0.00513261821048425,40.6387242150877,-74.0038416618132,40.6169504938103,-74.0016745372953,0.0785937032571308,0.0734610850466465,2020.21344661676,2020.21857923497,822900000,hCoV-19/USA/NY-NYUMC742/2020
159,161,4.99296974139085e-05,40.7504790581558,-73.8891089037948,40.7511336226669,-73.887042941209,0.0383498770962889,0.038299947398875,2020.17828547911,2020.17833540881,822900000,NA
159,160,0.00209069022969122,40.7504790581558,-73.8891089037948,40.7612348449324,-73.8785095106366,0.0403906376285662,0.038299947398875,2020.17828547911,2020.18037616934,822900000,NA
160,38,0.122902519178566,40.7612348449324,-73.8785095106366,40.723157636455,-73.7561637961299,0.163293156807132,0.0403906376285662,2020.18037616934,2020.30327868852,822900000,hCoV-19/USA/NY-NYUMC430/2020
160,39,0.068257710438544,40.7612348449324,-73.8785095106366,40.8099502799491,-73.9530703232715,0.10864834806711,0.0403906376285662,2020.18037616934,2020.24863387978,822900000,hCoV-19/USA/NY-NYUMC168/2020
161,162,0.00144997802499139,40.7511336226669,-73.887042941209,40.7583228264873,-73.8833357474963,0.0397998551212803,0.0383498770962889,2020.17833540881,2020.17978538683,822900000,NA
161,54,0.176855848020788,40.7511336226669,-73.887042941209,40.7366827861834,-73.8801627300032,0.215205725117077,0.0383498770962889,2020.17833540881,2020.35519125683,822900000,hCoV-19/USA/NY-NYUMC891/2020
162,163,0.000988091936183239,40.7583228264873,-73.8833357474963,40.7736579561209,-73.8783980621218,0.0407879470574635,0.0397998551212803,2020.17978538683,2020.18077347877,822900000,NA
162,167,4.5190146233165e-05,40.7583228264873,-73.8833357474963,40.7591724371372,-73.8868096363707,0.0398450452675134,0.0397998551212803,2020.17978538683,2020.17983057698,822900000,NA
163,164,0.000379504777441475,40.7736579561209,-73.8783980621218,40.7516301386168,-73.8829167663493,0.041167451834905,0.0407879470574635,2020.18077347877,2020.18115298355,822900000,NA
163,40,0.10611176712964,40.7736579561209,-73.8783980621218,40.7506692928476,-73.8318081134341,0.146899714187104,0.0407879470574635,2020.18077347877,2020.2868852459,822900000,hCoV-19/USA/NY-NYUMC445/2020
164,41,0.0292295301122115,40.7516301386168,-73.8829167663493,40.8253841614649,-73.8695040934939,0.0703969819471165,0.041167451834905,2020.18115298355,2020.21038251366,822900000,hCoV-19/USA/NY-NYUMC92/2020
164,165,0.00505262403296794,40.7516301386168,-73.8829167663493,40.7422860133167,-73.9349553982517,0.0462200758678729,0.041167451834905,2020.18115298355,2020.18620560758,822900000,NA
165,42,0.0569637913290777,40.7422860133167,-73.9349553982517,40.5370762301587,-74.1726486956308,0.103183867196951,0.0462200758678729,2020.18620560758,2020.24316939891,822900000,hCoV-19/USA/NY-NYUMC322/2020
165,166,0.0294134512015147,40.7422860133167,-73.9349553982517,40.6527587397046,-73.9482545308082,0.0756335270693876,0.0462200758678729,2020.18620560758,2020.21561905878,822900000,NA
166,44,0.0330148209977226,40.6527587397046,-73.9482545308082,40.8047637852378,-73.9033705317336,0.10864834806711,0.0756335270693876,2020.21561905878,2020.24863387978,822900000,hCoV-19/USA/NY-NYUMC160/2020
166,43,0.0166213783776941,40.6527587397046,-73.9482545308082,40.5947144602907,-73.9357058236911,0.0922549054470817,0.0756335270693876,2020.21561905878,2020.23224043716,822900000,hCoV-19/USA/NY-NYUMC698/2020
167,168,0.000175060250707681,40.7591724371372,-73.8868096363707,40.7541797357677,-73.8897776024286,0.0400201055182211,0.0398450452675134,2020.17983057698,2020.18000563723,822900000,NA
167,53,0.139841554169425,40.7591724371372,-73.8868096363707,40.8525809483289,-73.8824918548016,0.179686599436938,0.0398450452675134,2020.17983057698,2020.31967213115,822900000,hCoV-19/USA/NY-NYUMC904/2020
168,169,0.000353276054762874,40.7541797357677,-73.8897776024286,40.7601729145272,-73.8979305067502,0.040373381572984,0.0400201055182211,2020.18000563723,2020.18035891329,822900000,NA
168,52,0.0522347999288606,40.7541797357677,-73.8897776024286,40.8743030412893,-73.8244020667962,0.0922549054470817,0.0400201055182211,2020.18000563723,2020.23224043716,822900000,hCoV-19/USA/NY-NYUMC739/2020
169,174,0.00708966077012885,40.7601729145272,-73.8979305067502,40.7791811708613,-73.9229749099952,0.0474630423431128,0.040373381572984,2020.18035891329,2020.18744857406,822900000,NA
169,170,0.00188894226063085,40.7601729145272,-73.8979305067502,40.7371765000815,-73.9091760827559,0.0422623238336148,0.040373381572984,2020.18035891329,2020.18224785555,822900000,NA
170,172,0.0215793027639425,40.7371765000815,-73.9091760827559,40.7403468660321,-73.9727415927509,0.0638416265975573,0.0422623238336148,2020.18224785555,2020.20382715831,822900000,NA
170,171,0.00915641935556741,40.7371765000815,-73.9091760827559,40.7171519425289,-73.8913049644107,0.0514187431891822,0.0422623238336148,2020.18224785555,2020.1914042749,822900000,NA
171,46,0.0435684026977541,40.7171519425289,-73.8913049644107,40.7409084036884,-73.975026914831,0.0949871458869364,0.0514187431891822,2020.1914042749,2020.2349726776,822900000,hCoV-19/USA/NY-NYUMC794/2020
171,45,0.0189782387579343,40.7171519425289,-73.8913049644107,40.861592470062,-73.9039698337492,0.0703969819471165,0.0514187431891822,2020.1914042749,2020.21038251366,822900000,hCoV-19/USA/NY-NYUMC121/2020
172,49,0.00382311490947715,40.7403468660321,-73.9727415927509,40.7638571704065,-73.9767240482703,0.0676647415070345,0.0638416265975573,2020.20382715831,2020.20765027322,822900000,hCoV-19/USA/NY-NYUMC19/2020
172,173,0.0148418518980025,40.7403468660321,-73.9727415927509,40.7265501626645,-73.9974930228433,0.0786834784955599,0.0638416265975573,2020.20382715831,2020.21866901021,822900000,NA
173,47,0.0299648695715503,40.7265501626645,-73.9974930228433,40.7118241769841,-73.9584617719094,0.10864834806711,0.0786834784955599,2020.21866901021,2020.24863387978,822900000,hCoV-19/USA/NY-NYUMC194/2020
173,48,0.0245003887013907,40.7265501626645,-73.9974930228433,40.5883420183825,-74.0849556623747,0.103183867196951,0.0786834784955599,2020.21866901021,2020.24316939891,822900000,hCoV-19/USA/NY-NYUMC302/2020
174,51,0.0557208248538378,40.7791811708613,-73.9229749099952,40.5814922328351,-73.8259079163823,0.103183867196951,0.0474630423431128,2020.18744857406,2020.24316939891,822900000,hCoV-19/USA/NY-NYUMC511/2020
174,50,0.0611853057239974,40.7791811708613,-73.9229749099952,40.8752475410637,-73.8308761485969,0.10864834806711,0.0474630423431128,2020.18744857406,2020.24863387978,822900000,hCoV-19/USA/NY-NYUMC591/2020
175,56,0.0376068895704046,40.740647706298,-73.9877744193963,40.646831340791,-74.0150392714286,0.10864834806711,0.0710414584967056,2020.21102699021,2020.24863387978,822900000,hCoV-19/USA/NY-NYUMC206/2020
175,55,0.0895194578803493,40.740647706298,-73.9877744193963,40.5976835502581,-73.9591912565361,0.160560916377055,0.0710414584967056,2020.21102699021,2020.30054644809,822900000,hCoV-19/USA/NY-NYUMC459/2020
176,57,0.0566488578189679,40.8075114179137,-73.8760621597561,40.7411476384798,-73.8762826664071,0.0922549054470817,0.0356060476281138,2020.17559157934,2020.23224043716,822900000,hCoV-19/USA/NY-NYUMC718/2020
176,58,0.0785067813189331,40.8075114179137,-73.8760621597561,40.7434695735961,-73.979264658798,0.114112828947047,0.0356060476281138,2020.17559157934,2020.25409836066,822900000,hCoV-19/USA/NY-NYUMC211/2020
177,179,0.00797209525011239,40.7155403583827,-73.9099648325723,40.6794721760753,-73.9136989937598,0.0248359922101441,0.0168638969600317,2020.15684942867,2020.16482152392,822900000,NA
177,178,0.0346325365957273,40.7155403583827,-73.9099648325723,40.6414649648285,-73.9129956872464,0.051496433555759,0.0168638969600317,2020.15684942867,2020.19148196527,822900000,NA
178,60,0.0516874336411916,40.6414649648285,-73.9129956872464,40.5935968086758,-73.9473715921304,0.103183867196951,0.051496433555759,2020.19148196527,2020.24316939891,822900000,hCoV-19/USA/NY-NYUMC588/2020
178,59,0.0516874336411916,40.6414649648285,-73.9129956872464,40.6484592960247,-73.9665650271191,0.103183867196951,0.051496433555759,2020.19148196527,2020.24316939891,822900000,hCoV-19/USA/NY-NYUMC501/2020
179,184,0.0164007152134975,40.6794721760753,-73.9136989937598,40.6204139604914,-73.935139663856,0.0412367074236415,0.0248359922101441,2020.16482152392,2020.18122223914,822900000,NA
179,180,0.00982037880002506,40.6794721760753,-73.9136989937598,40.6835192948629,-73.9739538280161,0.0346563710101692,0.0248359922101441,2020.16482152392,2020.17464190272,822900000,NA
180,182,0.00174234047197036,40.6835192948629,-73.9739538280161,40.6898629059196,-73.9857649647542,0.0363987114821395,0.0346563710101692,2020.17464190272,2020.1763842432,822900000,NA
180,181,0.00469309104866164,40.6835192948629,-73.9739538280161,40.6542367482511,-74.0017135095953,0.0393494620588308,0.0346563710101692,2020.17464190272,2020.17933499377,822900000,NA
181,61,0.0638344051381198,40.6542367482511,-74.0017135095953,40.687431908858,-73.9472035785879,0.103183867196951,0.0393494620588308,2020.17933499377,2020.24316939891,822900000,hCoV-19/USA/NY-NYUMC314/2020
181,62,0.0310475198882857,40.6542367482511,-74.0017135095953,40.6286152604405,-73.9623811957793,0.0703969819471165,0.0393494620588308,2020.17933499377,2020.21038251366,822900000,hCoV-19/USA/NY-NYUMC117/2020
182,65,0.033998270464977,40.6898629059196,-73.9857649647542,40.6804981430629,-73.9138167166792,0.0703969819471165,0.0363987114821395,2020.1763842432,2020.21038251366,822900000,hCoV-19/USA/NY-NYUMC660/2020
182,183,0.00344270194360341,40.6898629059196,-73.9857649647542,40.6808055201927,-73.9793333134524,0.0398414134257429,0.0363987114821395,2020.1763842432,2020.17982694514,822900000,NA
183,64,0.074271415521304,40.6808055201927,-73.9793333134524,40.7920909037073,-73.9514547749646,0.114112828947047,0.0398414134257429,2020.17982694514,2020.25409836066,822900000,hCoV-19/USA/NY-NYUMC599/2020
183,63,0.0360200494013103,40.6808055201927,-73.9793333134524,40.6554703791528,-73.952488603372,0.0758614628270532,0.0398414134257429,2020.17982694514,2020.21584699454,822900000,hCoV-19/USA/NY-NYUMC764/2020
184,67,0.0346247554034116,40.6204139604914,-73.935139663856,40.6134927676058,-73.9495550631658,0.0758614628270532,0.0412367074236415,2020.18122223914,2020.21584699454,822900000,hCoV-19/USA/NY-NYUMC753/2020
184,66,0.168504536823503,40.6204139604914,-73.935139663856,40.7173091604636,-73.827997629047,0.209741244247145,0.0412367074236415,2020.18122223914,2020.34972677596,822900000,hCoV-19/USA/NY-NYUMC893/2020
185,186,0.00144580054241719,40.7430406536621,-73.8641340395034,40.7536812401587,-73.8579190414422,0.0201679647263888,0.0187221641839716,2020.1587076959,2020.16015349644,822900000,NA
185,94,0.0953906647630753,40.7430406536621,-73.8641340395034,40.6914123560652,-73.8232457742389,0.114112828947047,0.0187221641839716,2020.1587076959,2020.25409836066,822900000,hCoV-19/USA/NY-NYUMC598/2020
186,187,0.00401467169049255,40.7536812401587,-73.8579190414422,40.7376781209655,-73.8544322279509,0.0241826364168813,0.0201679647263888,2020.16015349644,2020.16416816813,822900000,NA
186,191,0.00539609856200149,40.7536812401587,-73.8579190414422,40.7499371737642,-73.8543203542713,0.0255640632883903,0.0201679647263888,2020.16015349644,2020.165549595,822900000,NA
187,73,0.0653400285901183,40.7376781209655,-73.8544322279509,40.7818537733707,-73.8995069468035,0.0895226650069997,0.0241826364168813,2020.16416816813,2020.22950819672,822900000,hCoV-19/USA/NY-NYUMC818/2020
187,188,0.0141247384781874,40.7376781209655,-73.8544322279509,40.764539879116,-73.9473269182404,0.0383073748950687,0.0241826364168813,2020.16416816813,2020.17829290661,822900000,NA
188,69,0.0648764923018819,40.764539879116,-73.9473269182404,40.8834703978805,-73.9117501296647,0.103183867196951,0.0383073748950687,2020.17829290661,2020.24316939891,822900000,hCoV-19/USA/NY-NYUMC519/2020
188,189,0.00291950183966427,40.764539879116,-73.9473269182404,40.7598872086948,-73.954481736789,0.041226876734733,0.0383073748950687,2020.17829290661,2020.18121240845,822900000,NA
189,72,0.0701537117722319,40.7598872086948,-73.954481736789,40.8501959648434,-73.9046874548666,0.111380588506965,0.041226876734733,2020.18121240845,2020.25136612022,822900000,hCoV-19/USA/NY-NYUMC613/2020
189,190,0.021389088456466,40.7598872086948,-73.954481736789,40.7240950882699,-73.976782815642,0.062615965191199,0.041226876734733,2020.18121240845,2020.2026014969,822900000,NA
190,71,0.00778101675591752,40.7240950882699,-73.976782815642,40.7666777381162,-73.9692001976305,0.0703969819471165,0.062615965191199,2020.2026014969,2020.21038251366,822900000,hCoV-19/USA/NY-NYUMC220/2020
190,70,0.0487646233157659,40.7240950882699,-73.976782815642,40.8316369096351,-73.9180837614849,0.111380588506965,0.062615965191199,2020.2026014969,2020.25136612022,822900000,hCoV-19/USA/NY-NYUMC621/2020
191,192,0.00470220249698561,40.7499371737642,-73.8543203542713,40.7524940633135,-73.8777184447184,0.0302662657853759,0.0255640632883903,2020.165549595,2020.1702517975,822900000,NA
191,200,0.00429285011925207,40.7499371737642,-73.8543203542713,40.716764526311,-73.8619211119919,0.0298569134076423,0.0255640632883903,2020.165549595,2020.16984244512,822900000,NA
192,198,0.00663599711175455,40.7524940633135,-73.8777184447184,40.7615358176598,-73.8671777837172,0.0369022628971304,0.0302662657853759,2020.1702517975,2020.17688779461,822900000,NA
192,193,0.00731117599075773,40.7524940633135,-73.8777184447184,40.7156512602725,-73.9008806158581,0.0375774417761336,0.0302662657853759,2020.1702517975,2020.17756297349,822900000,NA
193,197,0.0344914457414859,40.7156512602725,-73.9008806158581,40.7759782458745,-73.8277574848097,0.0720688875176196,0.0375774417761336,2020.17756297349,2020.21205441923,822900000,NA
193,194,0.00185907347518699,40.7156512602725,-73.9008806158581,40.7162412730241,-73.9297910963251,0.0394365152513206,0.0375774417761336,2020.17756297349,2020.17942204696,822900000,NA
194,195,0.0102053386646672,40.7162412730241,-73.9297910963251,40.7358487666207,-73.9535823853102,0.0496418539159878,0.0394365152513206,2020.17942204696,2020.18962738563,822900000,NA
194,74,0.0528183901957611,40.7162412730241,-73.9297910963251,40.6489716120887,-73.8504584581818,0.0922549054470817,0.0394365152513206,2020.17942204696,2020.23224043716,822900000,hCoV-19/USA/NY-NYUMC732/2020
195,196,0.00197858568435,40.7358487666207,-73.9535823853102,40.7190934087291,-73.9406531573996,0.0516204396003378,0.0496418539159878,2020.18962738563,2020.19160597131,822900000,NA
195,75,0.138241466830964,40.7358487666207,-73.9535823853102,40.7414800431726,-74.0017037104745,0.187883320746952,0.0496418539159878,2020.18962738563,2020.32786885246,822900000,hCoV-19/USA/NY-NYUMC908/2020
196,77,0.0406344658467439,40.7190934087291,-73.9406531573996,40.6878880133701,-73.9745991290114,0.0922549054470817,0.0516204396003378,2020.19160597131,2020.23224043716,822900000,hCoV-19/USA/NY-NYUMC917/2020
196,76,0.108940476776717,40.7190934087291,-73.9406531573996,40.8802618065014,-73.9136062455795,0.160560916377055,0.0516204396003378,2020.19160597131,2020.30054644809,822900000,hCoV-19/USA/NY-NYUMC457/2020
197,79,0.0420439414294273,40.7759782458745,-73.8277574848097,40.7378252930322,-73.8600873228515,0.114112828947047,0.0720688875176196,2020.21205441923,2020.25409836066,822900000,hCoV-19/USA/NY-NYUMC590/2020
197,78,0.0201860179294621,40.7759782458745,-73.8277574848097,40.7072313817539,-73.8251349169622,0.0922549054470817,0.0720688875176196,2020.21205441923,2020.23224043716,822900000,hCoV-19/USA/NY-NYUMC743/2020
198,82,0.0717460851699798,40.7615358176598,-73.8671777837172,40.6305063932442,-73.9879580312513,0.10864834806711,0.0369022628971304,2020.17688779461,2020.24863387978,822900000,hCoV-19/USA/NY-NYUMC201/2020
198,199,0.0333094820666609,40.7615358176598,-73.8671777837172,40.7747547544778,-73.8961379928897,0.0702117449637914,0.0369022628971304,2020.17688779461,2020.21019727668,822900000,NA
199,80,0.139529499283353,40.7747547544778,-73.8961379928897,40.8185649072773,-73.8731335848325,0.209741244247145,0.0702117449637914,2020.21019727668,2020.34972677596,822900000,hCoV-19/USA/NY-NYUMC914/2020
199,81,0.000185236983325149,40.7747547544778,-73.8961379928897,40.7743593408759,-73.8995054090954,0.0703969819471165,0.0702117449637914,2020.21019727668,2020.21038251366,822900000,hCoV-19/USA/NY-NYUMC72/2020
200,206,0.0108401308679707,40.716764526311,-73.8619211119919,40.6999387033627,-73.8601191754039,0.040697044275613,0.0298569134076423,2020.16984244512,2020.18068257599,822900000,NA
200,201,0.00378554905788331,40.716764526311,-73.8619211119919,40.7185576160957,-73.8619623320689,0.0336424624655257,0.0298569134076423,2020.16984244512,2020.17362799418,822900000,NA
201,205,0.00654435096495351,40.7185576160957,-73.8619623320689,40.6964089162878,-73.8764124575772,0.0401868134304792,0.0336424624655257,2020.17362799418,2020.18017234514,822900000,NA
201,202,0.00157591470552221,40.7185576160957,-73.8619623320689,40.717522624196,-73.8570574814932,0.0352183771710479,0.0336424624655257,2020.17362799418,2020.17520390888,822900000,NA
202,83,0.0351786047760687,40.717522624196,-73.8570574814932,40.7882338398297,-73.7974970231813,0.0703969819471165,0.0352183771710479,2020.17520390888,2020.21038251366,822900000,hCoV-19/USA/NY-NYUMC80/2020
202,203,0.00264538818486687,40.717522624196,-73.8570574814932,40.7278754702223,-73.8592885961575,0.0378637653559147,0.0352183771710479,2020.17520390888,2020.17784929707,822900000,NA
203,204,0.00213154461192902,40.7278754702223,-73.8592885961575,40.762885060729,-73.836035411099,0.0399953099678438,0.0378637653559147,2020.17784929707,2020.17998084168,822900000,NA
203,86,0.0735168231510501,40.7278754702223,-73.8592885961575,40.7372474897535,-73.8360832900241,0.111380588506965,0.0378637653559147,2020.17784929707,2020.25136612022,822900000,hCoV-19/USA/NY-NYUMC647/2020
204,84,0.0631885572291069,40.762885060729,-73.836035411099,40.8962883753214,-73.8488124646681,0.103183867196951,0.0399953099678438,2020.17998084168,2020.24316939891,822900000,hCoV-19/USA/NY-NYUMC681/2020
204,85,0.0987076829092459,40.762885060729,-73.836035411099,40.773980570208,-73.9005154527354,0.13870299287709,0.0399953099678438,2020.17998084168,2020.27868852459,822900000,hCoV-19/USA/NY-NYUMC407/2020
205,87,0.0274779280765553,40.6964089162878,-73.8764124575772,40.7089801120876,-74.0001597853612,0.0676647415070345,0.0401868134304792,2020.18017234514,2020.20765027322,822900000,hCoV-19/USA/NY-NYUMC13/2020
205,88,0.0548003324564572,40.6964089162878,-73.8764124575772,40.7475976717573,-73.9694062838136,0.0949871458869364,0.0401868134304792,2020.18017234514,2020.2349726776,822900000,hCoV-19/USA/NY-NYUMC781/2020
206,208,0.0196758343065139,40.6999387033627,-73.8601191754039,40.7213348327191,-73.9128039188209,0.060372878582127,0.040697044275613,2020.18068257599,2020.2003584103,822900000,NA
206,207,0.00101289376534405,40.6999387033627,-73.8601191754039,40.7004661962334,-73.8537935041901,0.0417099380409571,0.040697044275613,2020.18068257599,2020.18169546975,822900000,NA
207,90,0.0696706504660078,40.7004661962334,-73.8537935041901,40.6794533247556,-73.8623804544818,0.111380588506965,0.0417099380409571,2020.18169546975,2020.25136612022,822900000,hCoV-19/USA/NY-NYUMC323/2020
207,89,0.0368837652161737,40.7004661962334,-73.8537935041901,40.6163990421204,-73.9647743066083,0.0785937032571308,0.0417099380409571,2020.18169546975,2020.21857923497,822900000,hCoV-19/USA/NY-NYUMC710/2020
208,209,0.0049791093103097,40.7213348327191,-73.9128039188209,40.6969882259694,-73.9279921361725,0.0653519878924367,0.060372878582127,2020.2003584103,2020.20533751961,822900000,NA
208,91,0.0619366716749342,40.7213348327191,-73.9128039188209,40.5613580548334,-73.9190732861445,0.122309550257061,0.060372878582127,2020.2003584103,2020.26229508197,822900000,hCoV-19/USA/NY-NYUMC240/2020
209,93,0.026902917554645,40.6969882259694,-73.9279921361725,40.7498177869327,-73.8703546504848,0.0922549054470817,0.0653519878924367,2020.20533751961,2020.23224043716,822900000,hCoV-19/USA/NY-NYUMC688/2020
209,92,0.0624220432345567,40.6969882259694,-73.9279921361725,40.6290245473757,-74.012788839086,0.127774031126993,0.0653519878924367,2020.20533751961,2020.26775956284,822900000,hCoV-19/USA/NY-NYUMC358/2020
210,224,0.00100200268208187,40.722799257562,-73.9171954524267,40.7289021077129,-73.9175395601208,0.0181433727451266,0.0171413700630448,2020.15712690178,2020.15812890446,822900000,NA
210,211,0.00317399209378835,40.722799257562,-73.9171954524267,40.6944344802785,-73.9349013355202,0.0203153621568331,0.0171413700630448,2020.15712690178,2020.16030089387,822900000,NA
211,217,0.00776217768161411,40.6944344802785,-73.9349013355202,40.681703759621,-73.9292168979501,0.0280775398384472,0.0203153621568331,2020.16030089387,2020.16806307155,822900000,NA
211,212,0.000605241360149888,40.6944344802785,-73.9349013355202,40.6999904595794,-73.93484960682,0.020920603516983,0.0203153621568331,2020.16030089387,2020.16090613523,822900000,NA
212,213,0.00458573286990774,40.6999904595794,-73.93484960682,40.7421478671637,-73.9292162800563,0.0255063363868907,0.020920603516983,2020.16090613523,2020.1654918681,822900000,NA
212,215,9.41429335713784e-05,40.6999904595794,-73.93484960682,40.7020636802868,-73.9331485697801,0.0210147464505544,0.020920603516983,2020.16090613523,2020.16100027816,822900000,NA
213,95,0.0640163286201089,40.7421478671637,-73.9292162800563,40.6469987444172,-74.0188466019032,0.0895226650069997,0.0255063363868907,2020.1654918681,2020.22950819672,822900000,hCoV-19/USA/NY-NYUMC785/2020
213,214,0.052463703483347,40.7421478671637,-73.9292162800563,40.7593480609036,-73.9321404041053,0.0779700398702378,0.0255063363868907,2020.1654918681,2020.21795557158,822900000,NA
214,97,0.0224815868868582,40.7593480609036,-73.9321404041053,40.7147122733967,-73.9840697384067,0.100451626757096,0.0779700398702378,2020.21795557158,2020.24043715847,822900000,hCoV-19/USA/NY-NYUMC534/2020
214,96,0.0388750295068867,40.7593480609036,-73.9321404041053,40.654418851859,-73.898067873387,0.116845069377124,0.0779700398702378,2020.21795557158,2020.25683060109,822900000,hCoV-19/USA/NY-NYUMC293/2020
215,216,0.0199592094838374,40.7020636802868,-73.9331485697801,40.735970270549,-73.9654291581643,0.0409739559343918,0.0210147464505544,2020.16100027816,2020.18095948765,822900000,NA
215,100,0.0466499950564801,40.7020636802868,-73.9331485697801,40.5912749087691,-74.1122988613584,0.0676647415070345,0.0210147464505544,2020.16100027816,2020.20765027322,822900000,hCoV-19/USA/NY-NYUMC30/2020
216,99,0.0294230260127247,40.735970270549,-73.9654291581643,40.8281941179378,-73.9267616846938,0.0703969819471165,0.0409739559343918,2020.18095948765,2020.21038251366,822900000,hCoV-19/USA/NY-NYUMC78/2020
216,98,0.0485487090726079,40.735970270549,-73.9654291581643,40.7377512422397,-73.8996909571257,0.0895226650069997,0.0409739559343918,2020.18095948765,2020.22950819672,822900000,hCoV-19/USA/NY-NYUMC786/2020
217,218,0.00659428201242576,40.681703759621,-73.9292168979501,40.7015667819373,-73.9160616549974,0.034671821850873,0.0280775398384472,2020.16806307155,2020.17465735356,822900000,NA
217,220,0.00223769133927901,40.681703759621,-73.9292168979501,40.6837533366641,-73.8966285731021,0.0303152311777262,0.0280775398384472,2020.16806307155,2020.17030076289,822900000,NA
218,219,0.0388211017495937,40.7015667819373,-73.9160616549974,40.714819953921,-73.8940573259854,0.0734929236004667,0.034671821850873,2020.17465735356,2020.21347845531,822900000,NA
218,103,0.0329929196561615,40.7015667819373,-73.9160616549974,40.7302798560701,-74.0029744895201,0.0676647415070345,0.034671821850873,2020.17465735356,2020.20765027322,822900000,hCoV-19/USA/NY-NYUMC27/2020
219,102,0.0214942222864697,40.714819953921,-73.8940573259854,40.7649441556046,-73.867069336295,0.0949871458869364,0.0734929236004667,2020.21347845531,2020.2349726776,822900000,hCoV-19/USA/NY-NYUMC816/2020
219,101,0.0351554244666435,40.714819953921,-73.8940573259854,40.7656363422313,-73.8930705278426,0.10864834806711,0.0734929236004667,2020.21347845531,2020.24863387978,822900000,hCoV-19/USA/NY-NYUMC883/2020
220,221,0.00928157864173865,40.6837533366641,-73.8966285731021,40.6544604990485,-73.9193229366578,0.0395968098194649,0.0303152311777262,2020.17030076289,2020.17958234153,822900000,NA
220,222,0.00700678586945708,40.6837533366641,-73.8966285731021,40.7444126795234,-73.8727574382624,0.0373220170471833,0.0303152311777262,2020.17030076289,2020.17730754876,822900000,NA
221,105,0.0635870573774857,40.6544604990485,-73.9193229366578,40.8771773797914,-73.8691373798826,0.103183867196951,0.0395968098194649,2020.17958234153,2020.24316939891,822900000,hCoV-19/USA/NY-NYUMC549/2020
221,104,0.0499258551875348,40.6544604990485,-73.9193229366578,40.6342033311516,-73.996959150955,0.0895226650069997,0.0395968098194649,2020.17958234153,2020.22950819672,822900000,hCoV-19/USA/NY-NYUMC790/2020
222,223,0.00174179891917903,40.7444126795234,-73.8727574382624,40.7455993221382,-73.891089033706,0.0390638159663623,0.0373220170471833,2020.17730754876,2020.17904934768,822900000,NA
222,108,0.0740585714597816,40.7444126795234,-73.8727574382624,40.6032461844581,-73.9368390376192,0.111380588506965,0.0373220170471833,2020.17730754876,2020.25136612022,822900000,hCoV-19/USA/NY-NYUMC595/2020
223,106,0.0695845321007479,40.7455993221382,-73.891089033706,40.821853079012,-73.8728960823823,0.10864834806711,0.0390638159663623,2020.17904934768,2020.24863387978,822900000,hCoV-19/USA/NY-NYUMC161/2020
223,107,0.0313331659807542,40.7455993221382,-73.891089033706,40.7739424081579,-73.9454578195455,0.0703969819471165,0.0390638159663623,2020.17904934768,2020.21038251366,822900000,hCoV-19/USA/NY-NYUMC63/2020
224,225,0.0233108518929452,40.7289021077129,-73.9175395601208,40.8241464178027,-73.9232102183587,0.0414542246380719,0.0181433727451266,2020.15812890446,2020.18143975635,822900000,NA
224,226,0.0139189588938756,40.7289021077129,-73.9175395601208,40.7210471467182,-73.9346056455539,0.0320623316390022,0.0181433727451266,2020.15812890446,2020.17204786335,822900000,NA
225,109,0.0480684403689278,40.8241464178027,-73.9232102183587,40.6660285590097,-73.9423848882731,0.0895226650069997,0.0414542246380719,2020.18143975635,2020.22950819672,822900000,hCoV-19/USA/NY-NYUMC787/2020
225,110,0.069926363868893,40.8241464178027,-73.9232102183587,40.8419164991737,-73.902066652187,0.111380588506965,0.0414542246380719,2020.18143975635,2020.25136612022,822900000,hCoV-19/USA/NY-NYUMC637/2020
226,111,0.109372901677942,40.7210471467182,-73.9346056455539,40.8349009397891,-73.8696575822929,0.141435233316944,0.0320623316390022,2020.17204786335,2020.28142076503,822900000,hCoV-19/USA/NY-NYUMC403/2020
226,227,0.000550040820395753,40.7210471467182,-73.9346056455539,40.7198201766473,-73.9388319697041,0.0326123724593979,0.0320623316390022,2020.17204786335,2020.17259790417,822900000,NA
227,228,0.00734056537864264,40.7198201766473,-73.9388319697041,40.7493197174904,-73.9549133202881,0.0399529378380406,0.0326123724593979,2020.17259790417,2020.17993846955,822900000,NA
227,229,0.0430445511185689,40.7198201766473,-73.9388319697041,40.7674107583444,-73.931612045459,0.0756569235779669,0.0326123724593979,2020.17259790417,2020.21564245529,822900000,NA
228,113,0.0304440441090759,40.7493197174904,-73.9549133202881,40.8762876680981,-73.9026105215071,0.0703969819471165,0.0399529378380406,2020.17993846955,2020.21038251366,822900000,hCoV-19/USA/NY-NYUMC38/2020
228,112,0.0659631697889876,40.7493197174904,-73.9549133202881,40.7086396565438,-73.848961127929,0.105916107627028,0.0399529378380406,2020.17993846955,2020.24590163934,822900000,hCoV-19/USA/NY-NYUMC560/2020
229,115,0.0275269436189837,40.7674107583444,-73.931612045459,40.7215438533111,-74.0107212261745,0.103183867196951,0.0756569235779669,2020.21564245529,2020.24316939891,822900000,hCoV-19/USA/NY-NYUMC562/2020
229,114,0.03845590536908,40.7674107583444,-73.931612045459,40.5755737779487,-73.9729160623158,0.114112828947047,0.0756569235779669,2020.21564245529,2020.25409836066,822900000,hCoV-19/USA/NY-NYUMC890/2020
