node1,node2,length,startLat,startLon,endLat,endLon,endNodeL,startNodeL,startYear,endYear,treeID,tipLabel
111,1,0.193164618369575,40.8251479046516,-73.9185961061222,40.6194422551981,-73.9527982092418,0.193164618369575,0,2020.06093374229,2020.25409836066,633700000,hCoV-19/USA/NY-NYUMC208/2020
111,112,0.145709741883168,40.8251479046516,-73.9185961061222,40.7409774214589,-73.8933951208289,0.145709741883168,0,2020.06093374229,2020.20664348417,633700000,NA
112,116,0.000169329123087536,40.7409774214589,-73.8933951208289,40.7423794989745,-73.9013057141471,0.145879071006256,0.145709741883168,2020.20664348417,2020.2068128133,633700000,NA
112,113,1.80049788624237e-05,40.7409774214589,-73.8933951208289,40.7416076641866,-73.8931144127117,0.145727746862031,0.145709741883168,2020.20664348417,2020.20666148915,633700000,NA
113,5,0.0419723906276077,40.7416076641866,-73.8931144127117,40.7138627696353,-73.9329167203985,0.187700137489638,0.145727746862031,2020.20666148915,2020.24863387978,633700000,hCoV-19/USA/NY-NYUMC166/2020
113,114,0.00070653687720959,40.7416076641866,-73.8931144127117,40.7478164470124,-73.8876506181641,0.14643428373924,0.145727746862031,2020.20666148915,2020.20736802603,633700000,NA
114,2,0.000282247190322382,40.7478164470124,-73.8876506181641,40.6122332252007,-73.9447225653472,0.146716530929563,0.14643428373924,2020.20736802603,2020.20765027322,633700000,hCoV-19/USA/NY-NYUMC656/2020
114,115,0.00143063280739245,40.7478164470124,-73.8876506181641,40.7381079864449,-73.896883514183,0.147864916546633,0.14643428373924,2020.20736802603,2020.20879865884,633700000,NA
115,3,0.00158385482301196,40.7381079864449,-73.896883514183,40.714721240987,-73.8383279981835,0.149448771369645,0.147864916546633,2020.20879865884,2020.21038251366,633700000,hCoV-19/USA/NY-NYUMC920/2020
115,4,0.034370740072846,40.7381079864449,-73.896883514183,40.8918671142442,-73.8595977191749,0.182235656619479,0.147864916546633,2020.20879865884,2020.24316939891,633700000,hCoV-19/USA/NY-NYUMC524/2020
116,117,0.000122622175555726,40.7423794989745,-73.9013057141471,40.7476470975701,-73.9003097655755,0.146001693181812,0.145879071006256,2020.2068128133,2020.20693543547,633700000,NA
116,124,8.0775692931162e-05,40.7423794989745,-73.9013057141471,40.7441500718755,-73.9014611905748,0.145959846699187,0.145879071006256,2020.2068128133,2020.20689358899,633700000,NA
117,120,0.00190415463855634,40.7476470975701,-73.9003097655755,40.6957231268842,-73.8649422425866,0.147905847820368,0.146001693181812,2020.20693543547,2020.20883959011,633700000,NA
117,118,0.00165324568640154,40.7476470975701,-73.9003097655755,40.7564969055022,-73.8967621646162,0.147654938868213,0.146001693181812,2020.20693543547,2020.20858868116,633700000,NA
118,6,0.0209195155613148,40.7564969055022,-73.8967621646162,40.6063958264454,-74.0225481950543,0.168574454429528,0.147654938868213,2020.20858868116,2020.22950819672,633700000,hCoV-19/USA/NY-NYUMC783/2020
118,119,0.0199213612452705,40.7564969055022,-73.8967621646162,40.7581116269338,-73.8347547953705,0.167576300113484,0.147654938868213,2020.20858868116,2020.2285100424,633700000,NA
119,8,0.00373039475612633,40.7581116269338,-73.8347547953705,40.7124989006906,-73.7788014686599,0.17130669486961,0.167576300113484,2020.2285100424,2020.23224043716,633700000,hCoV-19/USA/NY-NYUMC708/2020
119,7,0.0720364056860995,40.7581116269338,-73.8347547953705,40.6798998050019,-73.8487577777653,0.239612705799583,0.167576300113484,2020.2285100424,2020.30054644809,633700000,hCoV-19/USA/NY-NYUMC432/2020
120,9,0.00154292354927682,40.6957231268842,-73.8649422425866,40.7267660640199,-73.8560862957384,0.149448771369645,0.147905847820368,2020.20883959011,2020.21038251366,633700000,hCoV-19/USA/NY-NYUMC922/2020
120,121,0.00807283469229159,40.6957231268842,-73.8649422425866,40.7055765529539,-73.8751488803061,0.15597868251266,0.147905847820368,2020.20883959011,2020.2169124248,633700000,NA
121,122,0.0108720487160339,40.7055765529539,-73.8751488803061,40.7321970872129,-73.8885712199666,0.166850731228693,0.15597868251266,2020.2169124248,2020.22778447352,633700000,NA
121,123,0.00269023634901602,40.7055765529539,-73.8751488803061,40.6747984135688,-73.8937815791561,0.158668918861676,0.15597868251266,2020.2169124248,2020.21960266115,633700000,NA
122,11,0.020849406260945,40.7321970872129,-73.8885712199666,40.8299470562498,-73.9078920040658,0.187700137489638,0.166850731228693,2020.22778447352,2020.24863387978,633700000,hCoV-19/USA/NY-NYUMC199/2020
122,10,0.0263138871408817,40.7321970872129,-73.8885712199666,40.6081078999332,-73.9834686626581,0.193164618369575,0.166850731228693,2020.22778447352,2020.25409836066,633700000,hCoV-19/USA/NY-NYUMC246/2020
123,13,0.015370016447789,40.6747984135688,-73.8937815791561,40.8177010134899,-73.8312716311785,0.174038935309465,0.158668918861676,2020.21960266115,2020.2349726776,633700000,hCoV-19/USA/NY-NYUMC825/2020
123,12,0.0290312186279629,40.6747984135688,-73.8937815791561,40.6112158224671,-73.9880540187003,0.187700137489638,0.158668918861676,2020.21960266115,2020.24863387978,633700000,hCoV-19/USA/NY-NYUMC326/2020
124,125,1.90647952533207e-05,40.7441500718755,-73.9014611905748,40.746479337524,-73.9011535556538,0.14597891149444,0.145959846699187,2020.20689358899,2020.20691265379,633700000,NA
124,215,0.00436545305245192,40.7441500718755,-73.9014611905748,40.7776794129453,-73.9122729109618,0.150325299751639,0.145959846699187,2020.20689358899,2020.21125904204,633700000,NA
125,126,0.000399342538245945,40.746479337524,-73.9011535556538,40.6971295766156,-73.9427006856364,0.146378254032686,0.14597891149444,2020.20691265379,2020.20731199632,633700000,NA
125,139,6.36942802249296e-05,40.746479337524,-73.9011535556538,40.7470298677827,-73.8998925660349,0.146042605774665,0.14597891149444,2020.20691265379,2020.20697634807,633700000,NA
126,14,0.000338276896876433,40.6971295766156,-73.9427006856364,40.7302798560701,-74.0029744895201,0.146716530929563,0.146378254032686,2020.20731199632,2020.20765027322,633700000,hCoV-19/USA/NY-NYUMC27/2020
126,127,0.0019152525498253,40.6971295766156,-73.9427006856364,40.6987853844467,-73.9398396999572,0.148293506582512,0.146378254032686,2020.20731199632,2020.20922724887,633700000,NA
127,129,0.00210641750723006,40.6987853844467,-73.9398396999572,40.6419259199807,-73.9654110531655,0.150399924089742,0.148293506582512,2020.20922724887,2020.21133366638,633700000,NA
127,128,0.00732490041652128,40.6987853844467,-73.9398396999572,40.744725147426,-73.884672619993,0.155618406999033,0.148293506582512,2020.20922724887,2020.21655214929,633700000,NA
128,15,0.0348139709304602,40.744725147426,-73.884672619993,40.6794533247556,-73.8623804544818,0.190432377929493,0.155618406999033,2020.21655214929,2020.25136612022,633700000,hCoV-19/USA/NY-NYUMC323/2020
128,16,0.012956047430495,40.744725147426,-73.884672619993,40.7377512422397,-73.8996909571257,0.168574454429528,0.155618406999033,2020.21655214929,2020.22950819672,633700000,hCoV-19/USA/NY-NYUMC786/2020
129,130,0.00110360616864943,40.6419259199807,-73.9654110531655,40.6449483748884,-73.9654815228477,0.151503530258391,0.150399924089742,2020.21133366638,2020.21243727255,633700000,NA
129,133,0.0150661006591185,40.6419259199807,-73.9654110531655,40.7227834518501,-73.970421026356,0.16546602474886,0.150399924089742,2020.21133366638,2020.22639976704,633700000,NA
130,131,0.00641432898411951,40.6449483748884,-73.9654815228477,40.6106084773714,-73.990904072573,0.157917859242511,0.151503530258391,2020.21243727255,2020.21885160153,633700000,NA
130,20,0.00614196242126791,40.6449483748884,-73.9654815228477,40.6460449011183,-73.9794741267207,0.157645492679659,0.151503530258391,2020.21243727255,2020.21857923497,633700000,hCoV-19/USA/NY-NYUMC750/2020
131,132,0.0291145926745719,40.6106084773714,-73.990904072573,40.6083046036241,-73.9609881238607,0.187032451917083,0.157917859242511,2020.21885160153,2020.24796619421,633700000,NA
131,17,0.0243177973769682,40.6106084773714,-73.990904072573,40.6484592960247,-73.9665650271191,0.182235656619479,0.157917859242511,2020.21885160153,2020.24316939891,633700000,hCoV-19/USA/NY-NYUMC501/2020
132,19,0.0197933686324391,40.6083046036241,-73.9609881238607,40.6272091441597,-73.9409420000894,0.206825820549522,0.187032451917083,2020.24796619421,2020.26775956284,633700000,hCoV-19/USA/NY-NYUMC348/2020
132,18,0.0389190516925496,40.6083046036241,-73.9609881238607,40.6942875495834,-73.9495779390877,0.225951503609632,0.187032451917083,2020.24796619421,2020.2868852459,633700000,hCoV-19/USA/NY-NYUMC464/2020
133,134,0.0234729048200039,40.7227834518501,-73.970421026356,40.5792295935062,-73.9833792007881,0.188938929568864,0.16546602474886,2020.22639976704,2020.24987267186,633700000,NA
133,135,0.00603930712503699,40.7227834518501,-73.970421026356,40.6737588646138,-73.9805409448055,0.171505331873897,0.16546602474886,2020.22639976704,2020.23243907416,633700000,NA
134,22,0.0315480931706085,40.5792295935062,-73.9833792007881,40.8349009397891,-73.8696575822929,0.220487022739473,0.188938929568864,2020.24987267186,2020.28142076503,633700000,hCoV-19/USA/NY-NYUMC403/2020
134,21,0.0178868909806575,40.5792295935062,-73.9833792007881,40.6290245473757,-74.012788839086,0.206825820549522,0.188938929568864,2020.24987267186,2020.26775956284,633700000,hCoV-19/USA/NY-NYUMC358/2020
135,136,0.00739171800513526,40.6737588646138,-73.9805409448055,40.7160941790507,-73.9805577449637,0.178897049879032,0.171505331873897,2020.23243907416,2020.23983079217,633700000,NA
135,137,3.87764078930292e-05,40.6737588646138,-73.9805409448055,40.6901345698429,-73.9667919386988,0.17154410828179,0.171505331873897,2020.23243907416,2020.23247785057,633700000,NA
136,23,0.000606366300591743,40.7160941790507,-73.9805577449637,40.7147122733967,-73.9840697384067,0.179503416179624,0.178897049879032,2020.23983079217,2020.24043715847,633700000,hCoV-19/USA/NY-NYUMC534/2020
136,24,0.00333860674044639,40.7160941790507,-73.9805577449637,40.7407527402034,-73.9842708105642,0.182235656619479,0.178897049879032,2020.23983079217,2020.24316939891,633700000,hCoV-19/USA/NY-NYUMC677/2020
137,138,0.00680506368267905,40.6901345698429,-73.9667919386988,40.7343284374978,-73.9556718646658,0.178349171964469,0.17154410828179,2020.23247785057,2020.23928291426,633700000,NA
137,25,0.0106915483376886,40.6901345698429,-73.9667919386988,40.7323412371713,-73.9765548106413,0.182235656619479,0.17154410828179,2020.23247785057,2020.24316939891,633700000,hCoV-19/USA/NY-NYUMC415/2020
138,27,0.0120832059650238,40.7343284374978,-73.9556718646658,40.8026048319007,-73.9691946324256,0.190432377929493,0.178349171964469,2020.23928291426,2020.25136612022,633700000,hCoV-19/USA/NY-NYUMC609/2020
138,26,0.00388648465500957,40.7343284374978,-73.9556718646658,40.7402771763343,-73.9742431983071,0.182235656619479,0.178349171964469,2020.23928291426,2020.24316939891,633700000,hCoV-19/USA/NY-NYUMC304/2020
139,140,4.41475832163585e-05,40.7470298677827,-73.8998925660349,40.7535521604273,-73.9016886416024,0.146086753357882,0.146042605774665,2020.20697634807,2020.20702049565,633700000,NA
139,192,0.000130736262325792,40.7470298677827,-73.8998925660349,40.7389626821283,-73.905141243962,0.146173342036991,0.146042605774665,2020.20697634807,2020.20710708433,633700000,NA
140,171,4.46756614382038e-05,40.7535521604273,-73.9016886416024,40.7542196061717,-73.9005300839067,0.14613142901932,0.146086753357882,2020.20702049565,2020.20706517131,633700000,NA
140,141,0.000206706313656851,40.7535521604273,-73.9016886416024,40.757863797,-73.9068068120871,0.146293459671539,0.146086753357882,2020.20702049565,2020.20722720196,633700000,NA
141,160,0.000187839067158635,40.757863797,-73.9068068120871,40.7603195303316,-73.9062833321102,0.146481298738697,0.146293459671539,2020.20722720196,2020.20741504103,633700000,NA
141,142,0.00010621728228466,40.757863797,-73.9068068120871,40.7746261331052,-73.9019099590562,0.146399676953823,0.146293459671539,2020.20722720196,2020.20733341924,633700000,NA
142,144,0.000458489925178385,40.7746261331052,-73.9019099590562,40.7709510950627,-73.9024125732709,0.146858166879002,0.146399676953823,2020.20733341924,2020.20779190917,633700000,NA
142,143,0.0111362650961406,40.7746261331052,-73.9019099590562,40.79554085319,-73.9304412278346,0.157535942049964,0.146399676953823,2020.20733341924,2020.21846968434,633700000,NA
143,28,0.0246997145695151,40.79554085319,-73.9304412278346,40.8771773797914,-73.8691373798826,0.182235656619479,0.157535942049964,2020.21846968434,2020.24316939891,633700000,hCoV-19/USA/NY-NYUMC549/2020
143,29,0.0328964358795293,40.79554085319,-73.9304412278346,40.8419164991737,-73.902066652187,0.190432377929493,0.157535942049964,2020.21846968434,2020.25136612022,633700000,hCoV-19/USA/NY-NYUMC637/2020
144,46,0.00259060449064322,40.7709510950627,-73.9024125732709,40.7762420546567,-73.9067702741432,0.149448771369645,0.146858166879002,2020.20779190917,2020.21038251366,633700000,hCoV-19/USA/NY-NYUMC64/2020
144,145,0.00134335359769905,40.7709510950627,-73.9024125732709,40.7433241259918,-73.9071111244753,0.148201520476701,0.146858166879002,2020.20779190917,2020.20913526277,633700000,NA
145,146,0.00533502227609181,40.7433241259918,-73.9071111244753,40.7234543673271,-73.9312060197221,0.153536542752792,0.148201520476701,2020.20913526277,2020.21447028504,633700000,NA
145,159,0.00107001350280131,40.7433241259918,-73.9071111244753,40.7460624127551,-73.9143498091313,0.149271533979502,0.148201520476701,2020.20913526277,2020.21020527627,633700000,NA
146,147,0.0188085141075123,40.7234543673271,-73.9312060197221,40.8362079378591,-73.9144631302032,0.172345056860305,0.153536542752792,2020.21447028504,2020.23327879915,633700000,NA
146,150,0.000736082657132181,40.7234543673271,-73.9312060197221,40.7249753176701,-73.9209852992653,0.154272625409925,0.153536542752792,2020.21447028504,2020.2152063677,633700000,NA
147,149,0.0053705473725319,40.8362079378591,-73.9144631302032,40.8534366076607,-73.9221181523715,0.177715604232837,0.172345056860305,2020.23327879915,2020.23864934652,633700000,NA
147,148,0.0176078999468515,40.8362079378591,-73.9144631302032,40.8483461538723,-73.9098963918559,0.189952956807156,0.172345056860305,2020.23327879915,2020.2508866991,633700000,NA
148,31,0.0223373446223021,40.8483461538723,-73.9098963918559,40.6890020138941,-73.9017511709742,0.212290301429458,0.189952956807156,2020.2508866991,2020.27322404372,633700000,hCoV-19/USA/NY-NYUMC655/2020
148,30,0.000479421122336926,40.8483461538723,-73.9098963918559,40.8501959648434,-73.9046874548666,0.190432377929493,0.189952956807156,2020.2508866991,2020.25136612022,633700000,hCoV-19/USA/NY-NYUMC613/2020
149,33,0.0127167736966565,40.8534366076607,-73.9221181523715,40.8316369096351,-73.9180837614849,0.190432377929493,0.177715604232837,2020.23864934652,2020.25136612022,633700000,hCoV-19/USA/NY-NYUMC621/2020
149,32,0.00452005238664223,40.8534366076607,-73.9221181523715,40.8834703978805,-73.9117501296647,0.182235656619479,0.177715604232837,2020.23864934652,2020.24316939891,633700000,hCoV-19/USA/NY-NYUMC519/2020
150,34,0.0334275120797139,40.7249753176701,-73.9209852992653,40.6775143432447,-73.9567086629512,0.187700137489638,0.154272625409925,2020.2152063677,2020.24863387978,633700000,hCoV-19/USA/NY-NYUMC186/2020
150,151,0.00188553433361843,40.7249753176701,-73.9209852992653,40.7152840023286,-73.9194109018449,0.156158159743543,0.154272625409925,2020.2152063677,2020.21709190203,633700000,NA
151,35,0.0260774968759358,40.7152840023286,-73.9194109018449,40.687431908858,-73.9472035785879,0.182235656619479,0.156158159743543,2020.21709190203,2020.24316939891,633700000,hCoV-19/USA/NY-NYUMC314/2020
151,152,0.0080429197094154,40.7152840023286,-73.9194109018449,40.6366263379348,-73.9517874214048,0.164201079452958,0.156158159743543,2020.21709190203,2020.22513482174,633700000,NA
152,36,0.0289635389166167,40.6366263379348,-73.9517874214048,40.6289370538392,-73.960782288976,0.193164618369575,0.164201079452958,2020.22513482174,2020.25409836066,633700000,hCoV-19/USA/NY-NYUMC207/2020
152,153,0.00678598370498355,40.6366263379348,-73.9517874214048,40.7387220709245,-73.9775515653005,0.170987063157942,0.164201079452958,2020.22513482174,2020.23192080545,633700000,NA
153,154,0.00397506116229508,40.7387220709245,-73.9775515653005,40.7423641931936,-73.9650180237518,0.174962124320237,0.170987063157942,2020.23192080545,2020.23589586661,633700000,NA
153,43,0.0249097956417107,40.7387220709245,-73.9775515653005,40.6083150762306,-74.0300277484271,0.195896858799653,0.170987063157942,2020.23192080545,2020.25683060109,633700000,hCoV-19/USA/NY-NYUMC277/2020
154,37,0.0263992153593523,40.7423641931936,-73.9650180237518,40.636247995607,-74.0074798248526,0.201361339679589,0.174962124320237,2020.23589586661,2020.26229508197,633700000,hCoV-19/USA/NY-NYUMC266/2020
154,155,0.0039672757320688,40.7423641931936,-73.9650180237518,40.7435368608812,-73.9677641594994,0.178929400052306,0.174962124320237,2020.23589586661,2020.23986314234,633700000,NA
155,156,0.0272022411869014,40.7435368608812,-73.9677641594994,40.7460139402,-73.9715861225657,0.206131641239207,0.178929400052306,2020.23986314234,2020.26706538353,633700000,NA
155,158,0.00266259849351978,40.7435368608812,-73.9677641594994,40.7591257615096,-73.966476318103,0.181591998545826,0.178929400052306,2020.23986314234,2020.24252574084,633700000,NA
156,40,0.0143553815002653,40.7460139402,-73.9715861225657,40.7810731493629,-73.9775037412263,0.220487022739473,0.206131641239207,2020.26706538353,2020.28142076503,633700000,hCoV-19/USA/NY-NYUMC331/2020
156,157,0.00785201091837379,40.7460139402,-73.9715861225657,40.7298501055949,-73.911336034626,0.213983652157581,0.206131641239207,2020.26706538353,2020.27491739445,633700000,NA
157,39,0.0529514580118995,40.7298501055949,-73.911336034626,40.6527417933624,-73.9069421598065,0.266935110169481,0.213983652157581,2020.27491739445,2020.32786885246,633700000,hCoV-19/USA/NY-NYUMC887/2020
157,38,0.025629053642002,40.7298501055949,-73.911336034626,40.8802618065014,-73.9136062455795,0.239612705799583,0.213983652157581,2020.27491739445,2020.30054644809,633700000,hCoV-19/USA/NY-NYUMC457/2020
158,42,0.000643658073653214,40.7591257615096,-73.966476318103,40.8962883753214,-73.8488124646681,0.182235656619479,0.181591998545826,2020.24252574084,2020.24316939891,633700000,hCoV-19/USA/NY-NYUMC681/2020
158,41,0.00884037938366747,40.7591257615096,-73.966476318103,40.7619534591867,-73.9257877196577,0.190432377929493,0.181591998545826,2020.24252574084,2020.25136612022,633700000,hCoV-19/USA/NY-NYUMC594/2020
159,45,0.0247674013299627,40.7460624127551,-73.9143498091313,40.6810491288933,-73.762050467689,0.174038935309465,0.149271533979502,2020.21020527627,2020.2349726776,633700000,hCoV-19/USA/NY-NYUMC767/2020
159,44,0.0438930843900732,40.7460624127551,-73.9143498091313,40.5755737779487,-73.9729160623158,0.193164618369575,0.149271533979502,2020.21020527627,2020.25409836066,633700000,hCoV-19/USA/NY-NYUMC890/2020
160,47,0.00296747263094763,40.7603195303316,-73.9062833321102,40.6307546617416,-74.0148062896867,0.149448771369645,0.146481298738697,2020.20741504103,2020.21038251366,633700000,hCoV-19/USA/NY-NYUMC79/2020
160,161,0.000741053535036978,40.7603195303316,-73.9062833321102,40.7742962843513,-73.903612092515,0.147222352273734,0.146481298738697,2020.20741504103,2020.20815609456,633700000,NA
161,162,0.0186758718133474,40.7742962843513,-73.903612092515,40.730900196818,-73.8576503667691,0.165898224087082,0.147222352273734,2020.20815609456,2020.22683196638,633700000,NA
161,163,0.00367009467556295,40.7742962843513,-73.903612092515,40.7673789089071,-73.9052022221409,0.150892446949297,0.147222352273734,2020.20815609456,2020.21182618924,633700000,NA
162,49,0.00540847078252846,40.730900196818,-73.8576503667691,40.7072313817539,-73.8251349169622,0.17130669486961,0.165898224087082,2020.22683196638,2020.23224043716,633700000,hCoV-19/USA/NY-NYUMC743/2020
162,48,0.0163374325323974,40.730900196818,-73.8576503667691,40.6680304230839,-73.7756889246019,0.182235656619479,0.165898224087082,2020.22683196638,2020.24316939891,633700000,hCoV-19/USA/NY-NYUMC315/2020
163,50,0.039539930980196,40.7673789089071,-73.9052022221409,40.7372474897535,-73.8360832900241,0.190432377929493,0.150892446949297,2020.21182618924,2020.25136612022,633700000,hCoV-19/USA/NY-NYUMC647/2020
163,164,0.00122879510703516,40.7673789089071,-73.9052022221409,40.7610563315673,-73.9002717312218,0.152121242056332,0.150892446949297,2020.21182618924,2020.21305498435,633700000,NA
164,165,0.00197981320979063,40.7610563315673,-73.9002717312218,40.7559058453184,-73.9157291150695,0.154101055266123,0.152121242056332,2020.21305498435,2020.21503479756,633700000,NA
164,58,0.0355788954333062,40.7610563315673,-73.9002717312218,40.821853079012,-73.8728960823823,0.187700137489638,0.152121242056332,2020.21305498435,2020.24863387978,633700000,hCoV-19/USA/NY-NYUMC161/2020
165,166,0.0109513999805376,40.7559058453184,-73.9157291150695,40.7550748976535,-73.8891784426225,0.16505245524666,0.154101055266123,2020.21503479756,2020.22598619754,633700000,NA
165,169,0.00753292767168348,40.7559058453184,-73.9157291150695,40.7710536038617,-73.8947671928344,0.161633982937806,0.154101055266123,2020.21503479756,2020.22256772523,633700000,NA
166,167,0.0137619029633343,40.7550748976535,-73.8891784426225,40.7493501202048,-73.9388336097616,0.178814358209995,0.16505245524666,2020.22598619754,2020.2397481005,633700000,NA
166,168,0.0070895819369616,40.7550748976535,-73.8891784426225,40.7289051620544,-73.933949042699,0.172142037183622,0.16505245524666,2020.22598619754,2020.23307577947,633700000,NA
167,52,0.0198147410295126,40.7493501202048,-73.9388336097616,40.648831232947,-74.0233942017207,0.198629099239507,0.178814358209995,2020.2397481005,2020.25956284153,633700000,hCoV-19/USA/NY-NYUMC262/2020
167,51,0.00888577927964371,40.7493501202048,-73.9388336097616,40.7466786442837,-73.9776006671521,0.187700137489638,0.178814358209995,2020.2397481005,2020.24863387978,633700000,hCoV-19/USA/NY-NYUMC183/2020
168,54,0.067470668615961,40.7289051620544,-73.933949042699,40.6494437092484,-73.9454775269545,0.239612705799583,0.172142037183622,2020.23307577947,2020.30054644809,633700000,hCoV-19/USA/NY-NYUMC460/2020
168,53,0.00189689812584254,40.7289051620544,-73.933949042699,40.8479430292651,-73.9198629133241,0.174038935309465,0.172142037183622,2020.23307577947,2020.2349726776,633700000,hCoV-19/USA/NY-NYUMC792/2020
169,55,0.0807109632918543,40.7710536038617,-73.8947671928344,40.7774060764558,-73.9894444473099,0.242344946229661,0.161633982937806,2020.22256772523,2020.30327868852,633700000,hCoV-19/USA/NY-NYUMC895/2020
169,170,0.0162953783841813,40.7710536038617,-73.8947671928344,40.7781906392305,-73.8616797345154,0.177929361321988,0.161633982937806,2020.22256772523,2020.23886310361,633700000,NA
170,57,0.0753445466575419,40.7781906392305,-73.8616797345154,40.6735324669866,-73.8195186841184,0.25327390797953,0.177929361321988,2020.23886310361,2020.31420765027,633700000,hCoV-19/USA/NY-NYUMC885/2020
170,56,0.0343609401074706,40.7781906392305,-73.8616797345154,40.7479434080812,-73.8901530180701,0.212290301429458,0.177929361321988,2020.23886310361,2020.27322404372,633700000,hCoV-19/USA/NY-NYUMC296/2020
171,187,4.36994347291497e-05,40.7542196061717,-73.9005300839067,40.7557309142053,-73.9015149459615,0.146175128454049,0.14613142901932,2020.20706517131,2020.20710887074,633700000,NA
171,172,0.000136733101728737,40.7542196061717,-73.9005300839067,40.752979267323,-73.8986833313107,0.146268162121049,0.14613142901932,2020.20706517131,2020.20720190441,633700000,NA
172,173,0.00287133072824008,40.752979267323,-73.8986833313107,40.7796307486248,-73.8950568573989,0.149139492849289,0.146268162121049,2020.20720190441,2020.21007323514,633700000,NA
172,174,0.000100489619693639,40.752979267323,-73.8986833313107,40.7476037995373,-73.9125749227293,0.146368651740742,0.146268162121049,2020.20720190441,2020.20730239403,633700000,NA
173,60,0.000309278520356088,40.7796307486248,-73.8950568573989,40.7743593408759,-73.8995054090954,0.149448771369645,0.149139492849289,2020.21007323514,2020.21038251366,633700000,hCoV-19/USA/NY-NYUMC72/2020
173,59,0.139653540820384,40.7796307486248,-73.8950568573989,40.8185649072773,-73.8731335848325,0.288793033669673,0.149139492849289,2020.21007323514,2020.34972677596,633700000,hCoV-19/USA/NY-NYUMC914/2020
174,175,0.000185839270619881,40.7476037995373,-73.9125749227293,40.7503565906979,-73.9252310334276,0.146554491011362,0.146368651740742,2020.20730239403,2020.2074882333,633700000,NA
174,180,0.0024132378539061,40.7476037995373,-73.9125749227293,40.7647334943647,-73.90498372311,0.148781889594648,0.146368651740742,2020.20730239403,2020.20971563189,633700000,NA
175,61,0.0110910016682969,40.7503565906979,-73.9252310334276,40.7641501850388,-73.9126555323891,0.157645492679659,0.146554491011362,2020.2074882333,2020.21857923497,633700000,hCoV-19/USA/NY-NYUMC765/2020
175,176,0.000175898619788867,40.7503565906979,-73.9252310334276,40.8225991372841,-73.921812696028,0.146730389631151,0.146554491011362,2020.2074882333,2020.20766413192,633700000,NA
176,62,0.00271838173849379,40.8225991372841,-73.921812696028,40.8281941179378,-73.9267616846938,0.149448771369645,0.146730389631151,2020.20766413192,2020.21038251366,633700000,hCoV-19/USA/NY-NYUMC78/2020
176,177,0.00131638465084374,40.8225991372841,-73.921812696028,40.8099068894607,-73.905476674754,0.148046774281995,0.146730389631151,2020.20766413192,2020.20898051657,633700000,NA
177,178,0.00443210522082946,40.8099068894607,-73.905476674754,40.7698064691805,-73.918689322013,0.152478879502824,0.148046774281995,2020.20898051657,2020.21341262179,633700000,NA
177,63,0.00140199708765004,40.8099068894607,-73.905476674754,40.8762876680981,-73.9026105215071,0.149448771369645,0.148046774281995,2020.20898051657,2020.21038251366,633700000,hCoV-19/USA/NY-NYUMC38/2020
178,66,0.0980627880468552,40.7698064691805,-73.918689322013,40.6710441547741,-73.8459461619124,0.250541667549679,0.152478879502824,2020.21341262179,2020.31147540984,633700000,hCoV-19/USA/NY-NYUMC838/2020
178,179,0.00512023135039064,40.7698064691805,-73.918689322013,40.7423748778137,-73.9268588787413,0.157599110853215,0.152478879502824,2020.21341262179,2020.21853285314,633700000,NA
179,65,0.0109753435763131,40.7423748778137,-73.9268588787413,40.7250498538332,-73.9944254085499,0.168574454429528,0.157599110853215,2020.21853285314,2020.22950819672,633700000,hCoV-19/USA/NY-NYUMC823/2020
179,64,0.0273687861963416,40.7423748778137,-73.9268588787413,40.7086396565438,-73.848961127929,0.184967897049556,0.157599110853215,2020.21853285314,2020.24590163934,633700000,hCoV-19/USA/NY-NYUMC560/2020
180,183,0.000968417023603951,40.7647334943647,-73.90498372311,40.7719101053069,-73.8839344926584,0.149750306618252,0.148781889594648,2020.20971563189,2020.21068404891,633700000,NA
180,181,0.0134091994354956,40.7647334943647,-73.90498372311,40.7233169962665,-73.9034246468932,0.162191089030144,0.148781889594648,2020.20971563189,2020.22312483132,633700000,NA
181,69,0.00911560583946605,40.7233169962665,-73.9034246468932,40.7498177869327,-73.8703546504848,0.17130669486961,0.162191089030144,2020.22312483132,2020.23224043716,633700000,hCoV-19/USA/NY-NYUMC688/2020
181,182,0.000808497254753682,40.7233169962665,-73.9034246468932,40.7340467474212,-73.8746888997617,0.162999586284898,0.162191089030144,2020.22312483132,2020.22393332858,633700000,NA
182,67,0.0192360703345813,40.7340467474212,-73.8746888997617,40.7455704678325,-73.8352579843952,0.182235656619479,0.162999586284898,2020.22393332858,2020.24316939891,633700000,hCoV-19/USA/NY-NYUMC521/2020
182,68,0.011039349024567,40.7340467474212,-73.8746888997617,40.7649441556046,-73.867069336295,0.174038935309465,0.162999586284898,2020.22393332858,2020.2349726776,633700000,hCoV-19/USA/NY-NYUMC816/2020
183,184,0.0154620979280624,40.7719101053069,-73.8839344926584,40.6910587549827,-73.7913479671271,0.165212404546315,0.149750306618252,2020.21068404891,2020.22614614684,633700000,NA
183,74,0.0188241478112756,40.7719101053069,-73.8839344926584,40.7818537733707,-73.8995069468035,0.168574454429528,0.149750306618252,2020.21068404891,2020.22950819672,633700000,hCoV-19/USA/NY-NYUMC818/2020
184,70,0.00882653076314996,40.6910587549827,-73.7913479671271,40.6909318207711,-73.8196724602627,0.174038935309465,0.165212404546315,2020.22614614684,2020.2349726776,633700000,hCoV-19/USA/NY-NYUMC788/2020
184,185,0.0157075299815154,40.6910587549827,-73.7913479671271,40.6899163108929,-73.764135845125,0.18091993452783,0.165212404546315,2020.22614614684,2020.24185367682,633700000,NA
185,71,0.00678020296180845,40.6899163108929,-73.764135845125,40.6985628579873,-73.7485403481327,0.187700137489638,0.18091993452783,2020.24185367682,2020.24863387978,633700000,hCoV-19/USA/NY-NYUMC184/2020
185,186,0.00814520156556289,40.6899163108929,-73.764135845125,40.6945518928292,-73.757872378847,0.189065136093393,0.18091993452783,2020.24185367682,2020.24999887838,633700000,NA
186,73,0.00136724183610021,40.6945518928292,-73.757872378847,40.6939227168328,-73.7538659411165,0.190432377929493,0.189065136093393,2020.24999887838,2020.25136612022,633700000,hCoV-19/USA/NY-NYUMC617/2020
186,72,0.00409948227618223,40.6945518928292,-73.757872378847,40.5931745303049,-73.7726750441845,0.193164618369575,0.189065136093393,2020.24999887838,2020.25409836066,633700000,hCoV-19/USA/NY-NYUMC603/2020
187,188,0.000557050152202143,40.7557309142053,-73.9015149459615,40.7623104228738,-73.8936752392681,0.146732178606251,0.146175128454049,2020.20710887074,2020.2076659209,633700000,NA
187,75,0.000541402475513736,40.7557309142053,-73.9015149459615,40.7785762122093,-73.8201928720758,0.146716530929563,0.146175128454049,2020.20710887074,2020.20765027322,633700000,hCoV-19/USA/NY-NYUMC28/2020
188,189,0.000330588991235087,40.7623104228738,-73.8936752392681,40.7598491324562,-73.8968980771473,0.147062767597486,0.146732178606251,2020.2076659209,2020.20799650989,633700000,NA
188,191,0.00183766510524,40.7623104228738,-73.8936752392681,40.7574393684823,-73.8860901589101,0.148569843711491,0.146732178606251,2020.2076659209,2020.209503586,633700000,NA
189,78,0.0078504846520952,40.7598491324562,-73.8968980771473,40.6554703791528,-73.952488603372,0.154913252249581,0.147062767597486,2020.20799650989,2020.21584699454,633700000,hCoV-19/USA/NY-NYUMC764/2020
189,190,0.00134769888395228,40.7598491324562,-73.8968980771473,40.748903317708,-73.9678504686318,0.148410466481439,0.147062767597486,2020.20799650989,2020.20934420877,633700000,NA
190,77,0.00103830488820625,40.748903317708,-73.9678504686318,40.6770410083045,-74.0050478501503,0.149448771369645,0.148410466481439,2020.20934420877,2020.21038251366,633700000,hCoV-19/USA/NY-NYUMC85/2020
190,76,0.00103830488820625,40.748903317708,-73.9678504686318,40.7559116309146,-73.9697831534962,0.149448771369645,0.148410466481439,2020.20934420877,2020.21038251366,633700000,hCoV-19/USA/NY-NYUMC39/2020
191,80,0.041862534218002,40.7574393684823,-73.8860901589101,40.8597367133706,-73.886018871727,0.190432377929493,0.148569843711491,2020.209503586,2020.25136612022,633700000,hCoV-19/USA/NY-NYUMC607/2020
191,79,0.00634340853809029,40.7574393684823,-73.8860901589101,40.6832144193083,-73.7406901212571,0.154913252249581,0.148569843711491,2020.209503586,2020.21584699454,633700000,hCoV-19/USA/NY-NYUMC830/2020
192,193,0.00304317833204659,40.7389626821283,-73.905141243962,40.7254282966187,-73.9710838566459,0.149216520369038,0.146173342036991,2020.20710708433,2020.21015026266,633700000,NA
192,195,0.000156080487032445,40.7389626821283,-73.905141243962,40.7343011987294,-73.9134526699227,0.146329422524024,0.146173342036991,2020.20710708433,2020.20726316482,633700000,NA
193,81,0.000232251000607087,40.7254282966187,-73.9710838566459,40.7222633484931,-73.972712625832,0.149448771369645,0.149216520369038,2020.21015026266,2020.21038251366,633700000,hCoV-19/USA/NY-NYUMC73/2020
193,194,0.0163543888709468,40.7254282966187,-73.9710838566459,40.7054293618853,-74.0099905637764,0.165570909239984,0.149216520369038,2020.21015026266,2020.22650465153,633700000,NA
194,82,0.0330581899995229,40.7054293618853,-74.0099905637764,40.6343467371844,-74.036630688177,0.198629099239507,0.165570909239984,2020.22650465153,2020.25956284153,633700000,hCoV-19/USA/NY-NYUMC259/2020
194,83,0.123222124429689,40.7054293618853,-74.0099905637764,40.6208501173686,-73.9776428942691,0.288793033669673,0.165570909239984,2020.22650465153,2020.34972677596,633700000,hCoV-19/USA/NY-NYUMC886/2020
195,214,0.00108204013339963,40.7343011987294,-73.9134526699227,40.7654995622051,-73.9051591111657,0.147411462657423,0.146329422524024,2020.20726316482,2020.20834520495,633700000,NA
195,196,0.00031055506161709,40.7343011987294,-73.9134526699227,40.7225678093046,-73.9187452388126,0.146639977585641,0.146329422524024,2020.20726316482,2020.20757371988,633700000,NA
196,197,0.000540604611127898,40.7225678093046,-73.9187452388126,40.7193022324705,-73.9268047487943,0.147180582196769,0.146639977585641,2020.20757371988,2020.20811432449,633700000,NA
196,213,0.00178947917083674,40.7225678093046,-73.9187452388126,40.8369858951959,-73.9236154814879,0.148429456756477,0.146639977585641,2020.20757371988,2020.20936319905,633700000,NA
197,198,0.000370491407085172,40.7193022324705,-73.9268047487943,40.7422445029946,-73.9337742524103,0.147551073603854,0.147180582196769,2020.20811432449,2020.20848481589,633700000,NA
197,200,1.88083211204171e-05,40.7193022324705,-73.9268047487943,40.7246159137498,-73.9294083610319,0.147199390517889,0.147180582196769,2020.20811432449,2020.20813313281,633700000,NA
198,199,0.000359906169546786,40.7422445029946,-73.9337742524103,40.8797168080688,-73.8881740535574,0.147910979773401,0.147551073603854,2020.20848481589,2020.20884472206,633700000,NA
198,84,0.00189769776579107,40.7422445029946,-73.9337742524103,40.7138180805203,-73.9371772108089,0.149448771369645,0.147551073603854,2020.20848481589,2020.21038251366,633700000,hCoV-19/USA/NY-NYUMC104/2020
199,85,0.00153779159624429,40.8797168080688,-73.8881740535574,40.8253841614649,-73.8695040934939,0.149448771369645,0.147910979773401,2020.20884472206,2020.21038251366,633700000,hCoV-19/USA/NY-NYUMC92/2020
199,86,0.00153779159624429,40.8797168080688,-73.8881740535574,40.861592470062,-73.9039698337492,0.149448771369645,0.147910979773401,2020.20884472206,2020.21038251366,633700000,hCoV-19/USA/NY-NYUMC121/2020
200,211,0.0103665748117984,40.7246159137498,-73.9294083610319,40.7463422280504,-73.925975010366,0.157565965329687,0.147199390517889,2020.20813313281,2020.21849970762,633700000,NA
200,201,0.00130527124048341,40.7246159137498,-73.9294083610319,40.714652471913,-73.9462326037331,0.148504661758372,0.147199390517889,2020.20813313281,2020.20943840405,633700000,NA
201,202,0.0011616028615396,40.714652471913,-73.9462326037331,40.7059563192444,-73.957926876416,0.149666264619912,0.148504661758372,2020.20943840405,2020.21060000691,633700000,NA
201,210,0.0141266980095203,40.714652471913,-73.9462326037331,40.7174610986122,-73.8948670478023,0.162631359767893,0.148504661758372,2020.20943840405,2020.22356510206,633700000,NA
202,87,0.0434983537496632,40.7059563192444,-73.957926876416,40.6423879009788,-74.0130621635315,0.193164618369575,0.149666264619912,2020.21060000691,2020.25409836066,633700000,hCoV-19/USA/NY-NYUMC216/2020
202,203,0.000211165235635302,40.7059563192444,-73.957926876416,40.7164763837668,-73.9675675189457,0.149877429855547,0.149666264619912,2020.21060000691,2020.21081117215,633700000,NA
203,204,0.0244468109685679,40.7164763837668,-73.9675675189457,40.7537448003921,-73.9052733396158,0.174324240824115,0.149877429855547,2020.21081117215,2020.23525798311,633700000,NA
203,206,0.00136367188865516,40.7164763837668,-73.9675675189457,40.7161233434777,-73.9822517421522,0.151241101744202,0.149877429855547,2020.21081117215,2020.21217484404,633700000,NA
204,205,0.0724782813101862,40.7537448003921,-73.9052733396158,40.8119374362472,-73.8963881656676,0.246802522134301,0.174324240824115,2020.23525798311,2020.30773626443,633700000,NA
204,88,0.0133758966655233,40.7537448003921,-73.9052733396158,40.8752475410637,-73.8308761485969,0.187700137489638,0.174324240824115,2020.23525798311,2020.24863387978,633700000,hCoV-19/USA/NY-NYUMC591/2020
205,90,0.047454992405304,40.8119374362472,-73.8963881656676,40.7366827861834,-73.8801627300032,0.294257514539605,0.246802522134301,2020.30773626443,2020.35519125683,633700000,hCoV-19/USA/NY-NYUMC891/2020
205,89,0.0119358667251649,40.8119374362472,-73.8963881656676,40.8525809483289,-73.8824918548016,0.258738388859466,0.246802522134301,2020.30773626443,2020.31967213115,633700000,hCoV-19/USA/NY-NYUMC904/2020
206,95,0.0747104018654297,40.7161233434777,-73.9822517421522,40.7506692928476,-73.8318081134341,0.225951503609632,0.151241101744202,2020.21217484404,2020.2868852459,633700000,hCoV-19/USA/NY-NYUMC445/2020
206,207,0.000479859289896883,40.7161233434777,-73.9822517421522,40.7086360373523,-73.9830416847387,0.151720961034099,0.151241101744202,2020.21217484404,2020.21265470332,633700000,NA
207,208,0.00772470676578449,40.7086360373523,-73.9830416847387,40.732686271639,-73.994678702708,0.159445667799884,0.151720961034099,2020.21265470332,2020.22037941009,633700000,NA
207,91,0.00319229121548215,40.7086360373523,-73.9830416847387,40.6370248050965,-73.9780962296249,0.154913252249581,0.151720961034099,2020.21265470332,2020.21584699454,633700000,hCoV-19/USA/NY-NYUMC762/2020
208,209,0.0108648424322044,40.732686271639,-73.994678702708,40.7555323489773,-74.0184808581473,0.170310510232088,0.159445667799884,2020.22037941009,2020.23124425252,633700000,NA
208,92,0.0282544696897547,40.732686271639,-73.994678702708,40.8166973057371,-73.9597082318423,0.187700137489638,0.159445667799884,2020.22037941009,2020.24863387978,633700000,hCoV-19/USA/NY-NYUMC142/2020
209,93,0.0173896272575502,40.7555323489773,-74.0184808581473,40.7368623093924,-74.005762552901,0.187700137489638,0.170310510232088,2020.23124425252,2020.24863387978,633700000,hCoV-19/USA/NY-NYUMC204/2020
209,94,0.0228541081374869,40.7555323489773,-74.0184808581473,40.6360286212019,-74.0203378996871,0.193164618369575,0.170310510232088,2020.23124425252,2020.25409836066,633700000,hCoV-19/USA/NY-NYUMC219/2020
210,97,0.00867533510171734,40.7174610986122,-73.8948670478023,40.6013802360967,-73.7464622700957,0.17130669486961,0.162631359767893,2020.22356510206,2020.23224043716,633700000,hCoV-19/USA/NY-NYUMC699/2020
210,96,0.0250687777217458,40.7174610986122,-73.8948670478023,40.8047637852378,-73.9033705317336,0.187700137489638,0.162631359767893,2020.22356510206,2020.24863387978,633700000,hCoV-19/USA/NY-NYUMC160/2020
211,100,0.0301341721599511,40.7463422280504,-73.925975010366,40.7116130231664,-73.9768349973209,0.187700137489638,0.157565965329687,2020.21849970762,2020.24863387978,633700000,hCoV-19/USA/NY-NYUMC151/2020
211,212,0.00668045558758967,40.7463422280504,-73.925975010366,40.7619447640547,-73.905309326164,0.164246420917277,0.157565965329687,2020.21849970762,2020.22518016321,633700000,NA
212,99,0.00706027395233291,40.7619447640547,-73.905309326164,40.8743030412893,-73.8244020667962,0.17130669486961,0.164246420917277,2020.22518016321,2020.23224043716,633700000,hCoV-19/USA/NY-NYUMC739/2020
212,98,0.0179892357022018,40.7619447640547,-73.905309326164,40.7650854401131,-73.9119679895446,0.182235656619479,0.164246420917277,2020.22518016321,2020.24316939891,633700000,hCoV-19/USA/NY-NYUMC504/2020
213,101,0.0010193146131674,40.8369858951959,-73.9236154814879,40.8181614505972,-73.9122826088561,0.149448771369645,0.148429456756477,2020.20936319905,2020.21038251366,633700000,hCoV-19/USA/NY-NYUMC98/2020
213,102,0.0010193146131674,40.8369858951959,-73.9236154814879,40.8382009170989,-73.9312211632961,0.149448771369645,0.148429456756477,2020.20936319905,2020.21038251366,633700000,hCoV-19/USA/NY-NYUMC58/2020
214,103,0.0020373087122216,40.7654995622051,-73.9051591111657,40.6327996331228,-74.0212977418014,0.149448771369645,0.147411462657423,2020.20834520495,2020.21038251366,633700000,hCoV-19/USA/NY-NYUMC115/2020
214,104,0.0238952322121868,40.7654995622051,-73.9051591111657,40.7411476384798,-73.8762826664071,0.17130669486961,0.147411462657423,2020.20834520495,2020.23224043716,633700000,hCoV-19/USA/NY-NYUMC718/2020
215,110,0.00458795249794247,40.7776794129453,-73.9122729109618,40.7346805563875,-73.9226783846122,0.154913252249581,0.150325299751639,2020.21125904204,2020.21584699454,633700000,hCoV-19/USA/NY-NYUMC748/2020
215,216,0.000587444386999092,40.7776794129453,-73.9122729109618,40.7944581772262,-73.9034538153884,0.150912744138638,0.150325299751639,2020.21125904204,2020.21184648643,633700000,NA
216,109,0.00946498898087561,40.7944581772262,-73.9034538153884,40.7494710771492,-73.9794219506736,0.160377733119514,0.150912744138638,2020.21184648643,2020.22131147541,633700000,hCoV-19/USA/NY-NYUMC738/2020
216,217,0.0010343810211719,40.7944581772262,-73.9034538153884,40.8242565553334,-73.8810777912473,0.15194712515981,0.150912744138638,2020.21184648643,2020.21288086745,633700000,NA
217,105,0.0302885314596689,40.8242565553334,-73.8810777912473,40.8819720108401,-73.866318883948,0.182235656619479,0.15194712515981,2020.21288086745,2020.24316939891,633700000,hCoV-19/USA/NY-NYUMC517/2020
217,218,0.0074405365355403,40.8242565553334,-73.8810777912473,40.8329621750435,-73.8627593252134,0.15938766169535,0.15194712515981,2020.21288086745,2020.22032140399,633700000,NA
218,106,0.0228479949241286,40.8329621750435,-73.8627593252134,40.6816690112425,-73.800780147207,0.182235656619479,0.15938766169535,2020.22032140399,2020.24316939891,633700000,hCoV-19/USA/NY-NYUMC567/2020
218,219,0.0245092215413463,40.8329621750435,-73.8627593252134,40.8053862715923,-73.8876910566331,0.183896883236697,0.15938766169535,2020.22032140399,2020.24483062553,633700000,NA
219,108,0.00653549469279652,40.8053862715923,-73.8876910566331,40.8711540442832,-73.9180528692027,0.190432377929493,0.183896883236697,2020.24483062553,2020.25136612022,633700000,hCoV-19/USA/NY-NYUMC620/2020
219,107,0.00380325425294187,40.8053862715923,-73.8876910566331,40.7685584239299,-73.8784796049089,0.187700137489638,0.183896883236697,2020.24483062553,2020.24863387978,633700000,hCoV-19/USA/NY-NYUMC193/2020
