node1,node2,length,startLat,startLon,endLat,endLon,endNodeL,startNodeL,startYear,endYear,treeID,tipLabel
111,1,0.193998701479544,40.9726828730807,-73.8908125376041,40.6194422551981,-73.9527982092418,0.193998701479544,0,2020.06009965918,2020.25409836066,358300000,hCoV-19/USA/NY-NYUMC208/2020
111,112,0.146079555112811,40.9726828730807,-73.8908125376041,40.7722756232461,-73.8790744175018,0.146079555112811,0,2020.06009965918,2020.20617921429,358300000,NA
112,113,0.000287444024723221,40.7722756232461,-73.8790744175018,40.7650276804434,-73.8771069691234,0.146366999137534,0.146079555112811,2020.20617921429,2020.20646665832,358300000,NA
112,116,8.45895679502939e-05,40.7722756232461,-73.8790744175018,40.7765815302021,-73.8801190975843,0.146164144680761,0.146079555112811,2020.20617921429,2020.20626380386,358300000,NA
113,5,0.0421672214620731,40.7650276804434,-73.8771069691234,40.7138627696353,-73.9329167203985,0.188534220599607,0.146366999137534,2020.20646665832,2020.24863387978,358300000,hCoV-19/USA/NY-NYUMC166/2020
113,114,0.000740843703349786,40.7650276804434,-73.8771069691234,40.6774841983981,-73.7794787180077,0.147107842840884,0.146366999137534,2020.20646665832,2020.20720750202,358300000,NA
114,4,0.000442771198647607,40.6774841983981,-73.7794787180077,40.6122332252007,-73.9447225653472,0.147550614039531,0.147107842840884,2020.20720750202,2020.20765027322,358300000,hCoV-19/USA/NY-NYUMC656/2020
114,115,0.00178326221780473,40.6774841983981,-73.7794787180077,40.7589695083238,-73.8127797864993,0.148891105058688,0.147107842840884,2020.20720750202,2020.20899076424,358300000,NA
115,2,0.034178634670759,40.7589695083238,-73.8127797864993,40.8918671142442,-73.8595977191749,0.183069739729447,0.148891105058688,2020.20899076424,2020.24316939891,358300000,hCoV-19/USA/NY-NYUMC524/2020
115,3,0.0013917494209249,40.7589695083238,-73.8127797864993,40.714721240987,-73.8383279981835,0.150282854479613,0.148891105058688,2020.20899076424,2020.21038251366,358300000,hCoV-19/USA/NY-NYUMC920/2020
116,117,0.000499226250885498,40.7765815302021,-73.8801190975843,40.7583603643597,-73.8811008020999,0.146663370931646,0.146164144680761,2020.20626380386,2020.20676303011,358300000,NA
116,124,4.15612203168159e-05,40.7765815302021,-73.8801190975843,40.7744708541893,-73.8812459067612,0.146205705901078,0.146164144680761,2020.20626380386,2020.20630536508,358300000,NA
117,118,0.00177803145328218,40.7583603643597,-73.8811008020999,40.7477229358579,-73.8554791015333,0.148441402384929,0.146663370931646,2020.20676303011,2020.20854106157,358300000,NA
117,122,2.45156961825588e-05,40.7583603643597,-73.8811008020999,40.7601823923433,-73.8798057425734,0.146687886627829,0.146663370931646,2020.20676303011,2020.20678754581,358300000,NA
118,10,0.00184145209468467,40.7477229358579,-73.8554791015333,40.7267660640199,-73.8560862957384,0.150282854479613,0.148441402384929,2020.20854106157,2020.21038251366,358300000,hCoV-19/USA/NY-NYUMC922/2020
118,119,0.00329144671002787,40.7477229358579,-73.8554791015333,40.7539831572994,-73.9097870739236,0.151732849094956,0.148441402384929,2020.20854106157,2020.21183250828,358300000,NA
119,120,0.00560836983698021,40.7539831572994,-73.9097870739236,40.7531895238242,-73.9104810832063,0.157341218931937,0.151732849094956,2020.21183250828,2020.21744087811,358300000,NA
119,121,0.0215253720002593,40.7539831572994,-73.9097870739236,40.6465998938833,-73.9931646999454,0.173258221095216,0.151732849094956,2020.21183250828,2020.23335788028,358300000,NA
120,6,0.0311930016676703,40.7531895238242,-73.9104810832063,40.8299470562498,-73.9078920040658,0.188534220599607,0.157341218931937,2020.21744087811,2020.24863387978,358300000,hCoV-19/USA/NY-NYUMC199/2020
120,7,0.0175317994874964,40.7531895238242,-73.9104810832063,40.8177010134899,-73.8312716311785,0.174873018419433,0.157341218931937,2020.21744087811,2020.2349726776,358300000,hCoV-19/USA/NY-NYUMC825/2020
121,9,0.0207404803843279,40.6465998938833,-73.9931646999454,40.6081078999332,-73.9834686626581,0.193998701479544,0.173258221095216,2020.23335788028,2020.25409836066,358300000,hCoV-19/USA/NY-NYUMC246/2020
121,8,0.0152759995043912,40.6465998938833,-73.9931646999454,40.6112158224671,-73.9880540187003,0.188534220599607,0.173258221095216,2020.23335788028,2020.24863387978,358300000,hCoV-19/USA/NY-NYUMC326/2020
122,123,0.0186048728954356,40.7601823923433,-73.8798057425734,40.7484706713771,-73.7555067493817,0.165292759523265,0.146687886627829,2020.20678754581,2020.2253924187,358300000,NA
122,13,0.0227206509116674,40.7601823923433,-73.8798057425734,40.6063958264454,-74.0225481950543,0.169408537539496,0.146687886627829,2020.20678754581,2020.22950819672,358300000,hCoV-19/USA/NY-NYUMC783/2020
123,11,0.075154029386287,40.7484706713771,-73.7555067493817,40.6798998050019,-73.8487577777653,0.240446788909552,0.165292759523265,2020.2253924187,2020.30054644809,358300000,hCoV-19/USA/NY-NYUMC432/2020
123,12,0.00684801845631383,40.7484706713771,-73.7555067493817,40.7124989006906,-73.7788014686599,0.172140777979578,0.165292759523265,2020.2253924187,2020.23224043716,358300000,hCoV-19/USA/NY-NYUMC708/2020
124,215,0.00181919331611488,40.7744708541893,-73.8812459067612,40.7450047004484,-73.899191257352,0.148024899217193,0.146205705901078,2020.20630536508,2020.2081245584,358300000,NA
124,125,6.00488010722433e-05,40.7744708541893,-73.8812459067612,40.7757212876485,-73.8828773493223,0.14626575470215,0.146205705901078,2020.20630536508,2020.20636541388,358300000,NA
125,185,0.000244978276286667,40.7757212876485,-73.8828773493223,40.7829632496865,-73.8821874917208,0.146510732978437,0.14626575470215,2020.20636541388,2020.20661039216,358300000,NA
125,126,6.86629233217773e-05,40.7757212876485,-73.8828773493223,40.7774981019452,-73.8776762519983,0.146334417625472,0.14626575470215,2020.20636541388,2020.20643407681,358300000,NA
126,127,0.000486507792208268,40.7774981019452,-73.8776762519983,40.7557842270956,-73.8840681365894,0.14682092541768,0.146334417625472,2020.20643407681,2020.2069205846,358300000,NA
126,128,7.04096924206699e-05,40.7774981019452,-73.8776762519983,40.6850497808306,-73.998537908163,0.146404827317892,0.146334417625472,2020.20643407681,2020.2065044865,358300000,NA
127,15,0.00892640994186991,40.7557842270956,-73.8840681365894,40.6554703791528,-73.952488603372,0.15574733535955,0.14682092541768,2020.2069205846,2020.21584699454,358300000,hCoV-19/USA/NY-NYUMC764/2020
127,14,0.000729688621851216,40.7557842270956,-73.8840681365894,40.7785762122093,-73.8201928720758,0.147550614039531,0.14682092541768,2020.2069205846,2020.20765027322,358300000,hCoV-19/USA/NY-NYUMC28/2020
128,129,0.000294972273104432,40.6850497808306,-73.998537908163,40.6896672943334,-74.0023558689068,0.146699799590997,0.146404827317892,2020.2065044865,2020.20679945877,358300000,NA
128,130,0.000116973317731667,40.6850497808306,-73.998537908163,40.6817053436918,-74.0006132917712,0.146521800635624,0.146404827317892,2020.2065044865,2020.20662145982,358300000,NA
129,17,0.000850814448534382,40.6896672943334,-74.0023558689068,40.7302798560701,-74.0029744895201,0.147550614039531,0.146699799590997,2020.20679945877,2020.20765027322,358300000,hCoV-19/USA/NY-NYUMC27/2020
129,16,0.0035830548886164,40.6896672943334,-74.0023558689068,40.6770410083045,-74.0050478501503,0.150282854479613,0.146699799590997,2020.20679945877,2020.21038251366,358300000,hCoV-19/USA/NY-NYUMC85/2020
130,131,0.000827874661729983,40.6817053436918,-74.0006132917712,40.6757108556969,-73.9949579358163,0.147349675297354,0.146521800635624,2020.20662145982,2020.20744933448,358300000,NA
130,150,0.000139308589031384,40.6817053436918,-74.0006132917712,40.6845482606547,-74.0007893582159,0.146661109224655,0.146521800635624,2020.20662145982,2020.20676076841,358300000,NA
131,132,0.00204350341730725,40.6757108556969,-73.9949579358163,40.6552883314619,-73.9595344244874,0.149393178714661,0.147349675297354,2020.20744933448,2020.2094928379,358300000,NA
131,37,0.00293317918225919,40.6757108556969,-73.9949579358163,40.6307546617416,-74.0148062896867,0.150282854479613,0.147349675297354,2020.20744933448,2020.21038251366,358300000,hCoV-19/USA/NY-NYUMC79/2020
132,133,0.00704169581622338,40.6552883314619,-73.9595344244874,40.6489472842382,-73.9794650233719,0.156434874530885,0.149393178714661,2020.2094928379,2020.21653453371,358300000,NA
132,136,0.00712325470741881,40.6552883314619,-73.9595344244874,40.6830314994374,-73.9486967750627,0.15651643342208,0.149393178714661,2020.2094928379,2020.2166160926,358300000,NA
133,134,0.022013399981089,40.6489472842382,-73.9794650233719,40.7342445377203,-73.9642397707691,0.178448274511974,0.156434874530885,2020.21653453371,2020.23854793369,358300000,NA
133,135,0.00339656405932179,40.6489472842382,-73.9794650233719,40.6325262825594,-73.9905951515055,0.159831438590206,0.156434874530885,2020.21653453371,2020.21993109777,358300000,NA
134,19,0.00462146521747367,40.7342445377203,-73.9642397707691,40.7402771763343,-73.9742431983071,0.183069739729447,0.178448274511974,2020.23854793369,2020.24316939891,358300000,hCoV-19/USA/NY-NYUMC304/2020
134,18,0.0128181865274879,40.7342445377203,-73.9642397707691,40.8026048319007,-73.9691946324256,0.191266461039462,0.178448274511974,2020.23854793369,2020.25136612022,358300000,hCoV-19/USA/NY-NYUMC609/2020
135,21,0.0833475907494227,40.6325262825594,-73.9905951515055,40.7774060764558,-73.9894444473099,0.243179029339629,0.159831438590206,2020.21993109777,2020.30327868852,358300000,hCoV-19/USA/NY-NYUMC895/2020
135,20,0.0205060606993862,40.6325262825594,-73.9905951515055,40.7147122733967,-73.9840697384067,0.180337499289593,0.159831438590206,2020.21993109777,2020.24043715847,358300000,hCoV-19/USA/NY-NYUMC534/2020
136,144,0.000595639119088526,40.6830314994374,-73.9486967750627,40.6890355282396,-73.9441536620952,0.157112072541169,0.15651643342208,2020.2166160926,2020.21721173172,358300000,NA
136,137,0.00223945249504567,40.6830314994374,-73.9486967750627,40.6922994274543,-73.9119598322157,0.158755885917126,0.15651643342208,2020.2166160926,2020.2188555451,358300000,NA
137,138,0.00280110342708662,40.6922994274543,-73.9119598322157,40.6980097982916,-73.9132659409984,0.161556989344212,0.158755885917126,2020.2188555451,2020.22165664853,358300000,NA
137,22,0.0325105751223358,40.6922994274543,-73.9119598322157,40.7372474897535,-73.8360832900241,0.191266461039462,0.158755885917126,2020.2188555451,2020.25136612022,358300000,hCoV-19/USA/NY-NYUMC647/2020
138,142,0.00346756465792386,40.6980097982916,-73.9132659409984,40.7000777559261,-73.9437510349773,0.165024554002136,0.161556989344212,2020.22165664853,2020.22512421318,358300000,NA
138,139,0.00136244345000464,40.6980097982916,-73.9132659409984,40.6961161061604,-73.9428552804831,0.162919432794217,0.161556989344212,2020.22165664853,2020.22301909198,358300000,NA
139,23,0.0283470282452445,40.6961161061604,-73.9428552804831,40.6939227168328,-73.7538659411165,0.191266461039462,0.162919432794217,2020.22301909198,2020.25136612022,358300000,hCoV-19/USA/NY-NYUMC617/2020
139,140,0.00602765365206692,40.6961161061604,-73.9428552804831,40.7400080001896,-73.9000932392766,0.168947086446284,0.162919432794217,2020.22301909198,2020.22904674563,358300000,NA
140,141,0.00149384982853953,40.7400080001896,-73.9000932392766,40.7540993010948,-73.8941453120744,0.170440936274823,0.168947086446284,2020.22904674563,2020.23054059546,358300000,NA
140,26,0.000461451093212439,40.7400080001896,-73.9000932392766,40.7377512422397,-73.8996909571257,0.169408537539496,0.168947086446284,2020.22904674563,2020.22950819672,358300000,hCoV-19/USA/NY-NYUMC786/2020
141,24,0.0126288034546238,40.7540993010948,-73.8941453120744,40.687431908858,-73.9472035785879,0.183069739729447,0.170440936274823,2020.23054059546,2020.24316939891,358300000,hCoV-19/USA/NY-NYUMC314/2020
141,25,0.0563446504447771,40.7540993010948,-73.8941453120744,40.6942875495834,-73.9495779390877,0.226785586719601,0.170440936274823,2020.23054059546,2020.2868852459,358300000,hCoV-19/USA/NY-NYUMC464/2020
142,143,0.0165723887504306,40.7000777559261,-73.9437510349773,40.6652962678039,-74.0241208978321,0.181596942752567,0.165024554002136,2020.22512421318,2020.24169660193,358300000,NA
142,29,0.0235096665974707,40.7000777559261,-73.9437510349773,40.6775143432447,-73.9567086629512,0.188534220599607,0.165024554002136,2020.22512421318,2020.24863387978,358300000,hCoV-19/USA/NY-NYUMC186/2020
143,28,0.017866239596909,40.6652962678039,-74.0241208978321,40.648831232947,-74.0233942017207,0.199463182349476,0.181596942752567,2020.24169660193,2020.25956284153,358300000,hCoV-19/USA/NY-NYUMC262/2020
143,27,0.00693727784704005,40.6652962678039,-74.0241208978321,40.7466786442837,-73.9776006671521,0.188534220599607,0.181596942752567,2020.24169660193,2020.24863387978,358300000,hCoV-19/USA/NY-NYUMC183/2020
144,145,0.0026899132944449,40.6890355282396,-73.9441536620952,40.664013244705,-73.9516630890588,0.159801985835614,0.157112072541169,2020.21721173172,2020.21990164502,358300000,NA
144,149,0.0124732515925466,40.6890355282396,-73.9441536620952,40.7969383742808,-73.8537704819981,0.169585324133715,0.157112072541169,2020.21721173172,2020.22968498331,358300000,NA
145,146,0.00297460953297277,40.664013244705,-73.9516630890588,40.6873275660585,-73.9761670454653,0.162776595368586,0.159801985835614,2020.21990164502,2020.22287625455,358300000,NA
145,30,0.0232677538938338,40.664013244705,-73.9516630890588,40.6484592960247,-73.9665650271191,0.183069739729447,0.159801985835614,2020.21990164502,2020.24316939891,358300000,hCoV-19/USA/NY-NYUMC501/2020
146,34,0.0284898656708753,40.6873275660585,-73.9761670454653,40.7619534591867,-73.9257877196577,0.191266461039462,0.162776595368586,2020.22287625455,2020.25136612022,358300000,hCoV-19/USA/NY-NYUMC594/2020
146,147,0.00513089832166547,40.6873275660585,-73.9761670454653,40.7526082717218,-73.8695388242201,0.167907493690252,0.162776595368586,2020.22287625455,2020.22800715287,358300000,NA
147,148,0.00558926946604586,40.7526082717218,-73.8695388242201,40.7652315941696,-73.8552914408026,0.173496763156298,0.167907493690252,2020.22800715287,2020.23359642234,358300000,NA
147,33,0.0151622460391956,40.7526082717218,-73.8695388242201,40.8962883753214,-73.8488124646681,0.183069739729447,0.167907493690252,2020.22800715287,2020.24316939891,358300000,hCoV-19/USA/NY-NYUMC681/2020
148,31,0.00137625526313544,40.7652315941696,-73.8552914408026,40.7649441556046,-73.867069336295,0.174873018419433,0.173496763156298,2020.23359642234,2020.2349726776,358300000,hCoV-19/USA/NY-NYUMC816/2020
148,32,0.0177696978831639,40.7652315941696,-73.8552914408026,40.6794533247556,-73.8623804544818,0.191266461039462,0.173496763156298,2020.23359642234,2020.25136612022,358300000,hCoV-19/USA/NY-NYUMC323/2020
149,36,0.0134844155957321,40.7969383742808,-73.8537704819981,40.8771773797914,-73.8691373798826,0.183069739729447,0.169585324133715,2020.22968498331,2020.24316939891,358300000,hCoV-19/USA/NY-NYUMC549/2020
149,35,0.0845226669557828,40.7969383742808,-73.8537704819981,40.6735324669866,-73.8195186841184,0.254107991089498,0.169585324133715,2020.22968498331,2020.31420765027,358300000,hCoV-19/USA/NY-NYUMC885/2020
150,162,0.000609472098534042,40.6845482606547,-74.0007893582159,40.7004824169998,-73.9723011922978,0.147270581323189,0.146661109224655,2020.20676076841,2020.2073702405,358300000,NA
150,151,0.00523239904088013,40.6845482606547,-74.0007893582159,40.6989370887862,-73.9796594990441,0.151893508265536,0.146661109224655,2020.20676076841,2020.21199316745,358300000,NA
151,152,0.00458930369960947,40.6989370887862,-73.9796594990441,40.6962610646358,-73.9681843864715,0.156482811965145,0.151893508265536,2020.21199316745,2020.21658247115,358300000,NA
151,38,0.00658606752409191,40.6989370887862,-73.9796594990441,40.6460449011183,-73.9794741267207,0.158479575789627,0.151893508265536,2020.21199316745,2020.21857923497,358300000,hCoV-19/USA/NY-NYUMC750/2020
152,39,0.0265869277643023,40.6962610646358,-73.9681843864715,40.7323412371713,-73.9765548106413,0.183069739729447,0.156482811965145,2020.21658247115,2020.24316939891,358300000,hCoV-19/USA/NY-NYUMC415/2020
152,153,0.00468505820248738,40.6962610646358,-73.9681843864715,40.6794552498404,-73.9653234652157,0.161167870167632,0.156482811965145,2020.21658247115,2020.22126752935,358300000,NA
153,155,0.00732112273377361,40.6794552498404,-73.9653234652157,40.7036909574263,-73.9721226820538,0.168488992901406,0.161167870167632,2020.22126752935,2020.22858865208,358300000,NA
153,154,0.0198145720636666,40.6794552498404,-73.9653234652157,40.7287349757299,-73.9855897940891,0.180982442231299,0.161167870167632,2020.22126752935,2020.24108210141,358300000,NA
154,41,0.0157484996783221,40.7287349757299,-73.9855897940891,40.6083150762306,-74.0300277484271,0.196730941909621,0.180982442231299,2020.24108210141,2020.25683060109,358300000,hCoV-19/USA/NY-NYUMC277/2020
154,40,0.00208729749814826,40.7287349757299,-73.9855897940891,40.7407527402034,-73.9842708105642,0.183069739729447,0.180982442231299,2020.24108210141,2020.24316939891,358300000,hCoV-19/USA/NY-NYUMC677/2020
155,49,0.0255097085781376,40.7036909574263,-73.9721226820538,40.6289370538392,-73.960782288976,0.193998701479544,0.168488992901406,2020.22858865208,2020.25409836066,358300000,hCoV-19/USA/NY-NYUMC207/2020
155,156,0.00158975540943188,40.7036909574263,-73.9721226820538,40.6936008804768,-73.9707145364502,0.170078748310838,0.168488992901406,2020.22858865208,2020.23017840749,358300000,NA
156,159,0.00748750893960573,40.6936008804768,-73.9707145364502,40.6897624761304,-73.9511826608597,0.177566257250444,0.170078748310838,2020.23017840749,2020.23766591643,358300000,NA
156,157,0.0412268970710651,40.6936008804768,-73.9707145364502,40.7492193454992,-73.9051819158516,0.211305645381903,0.170078748310838,2020.23017840749,2020.27140530456,358300000,NA
157,44,0.00181873915752376,40.7492193454992,-73.9051819158516,40.7479434080812,-73.8901530180701,0.213124384539427,0.211305645381903,2020.27140530456,2020.27322404372,358300000,hCoV-19/USA/NY-NYUMC296/2020
157,158,0.0159292380588067,40.7492193454992,-73.9051819158516,40.755797239594,-73.9021523090814,0.22723488344071,0.211305645381903,2020.27140530456,2020.28733454262,358300000,NA
158,43,0.0623922333389318,40.755797239594,-73.9021523090814,40.8185649072773,-73.8731335848325,0.289627116779641,0.22723488344071,2020.28733454262,2020.34972677596,358300000,hCoV-19/USA/NY-NYUMC914/2020
158,42,0.0132119054688419,40.755797239594,-73.9021523090814,40.8802618065014,-73.9136062455795,0.240446788909552,0.22723488344071,2020.28733454262,2020.30054644809,358300000,hCoV-19/USA/NY-NYUMC457/2020
159,160,0.00525733114663972,40.6897624761304,-73.9511826608597,40.6400395911762,-74.0102111683529,0.182823588397083,0.177566257250444,2020.23766591643,2020.24292324758,358300000,NA
159,161,0.0286800723437985,40.6897624761304,-73.9511826608597,40.6296692808703,-73.9432939003377,0.206246329594242,0.177566257250444,2020.23766591643,2020.26634598878,358300000,NA
160,45,0.0384975174523576,40.6400395911762,-74.0102111683529,40.8349009397891,-73.8696575822929,0.221321105849441,0.182823588397083,2020.24292324758,2020.28142076503,358300000,hCoV-19/USA/NY-NYUMC403/2020
160,46,0.0248363152624067,40.6400395911762,-74.0102111683529,40.6290245473757,-74.012788839086,0.20765990365949,0.182823588397083,2020.24292324758,2020.26775956284,358300000,hCoV-19/USA/NY-NYUMC358/2020
161,48,0.00141357406524796,40.6296692808703,-73.9432939003377,40.6272091441597,-73.9409420000894,0.20765990365949,0.206246329594242,2020.26634598878,2020.26775956284,358300000,hCoV-19/USA/NY-NYUMC348/2020
161,47,0.0615228636852068,40.6296692808703,-73.9432939003377,40.6527417933624,-73.9069421598065,0.267769193279449,0.206246329594242,2020.26634598878,2020.32786885246,358300000,hCoV-19/USA/NY-NYUMC887/2020
162,73,0.00301227315642374,40.7004824169998,-73.9723011922978,40.6327996331228,-74.0212977418014,0.150282854479613,0.147270581323189,2020.2073702405,2020.21038251366,358300000,hCoV-19/USA/NY-NYUMC115/2020
162,163,3.12948338180019e-05,40.7004824169998,-73.9723011922978,40.701443881668,-73.9709184416258,0.147301876157007,0.147270581323189,2020.2073702405,2020.20740153534,358300000,NA
163,164,0.000733734699632033,40.701443881668,-73.9709184416258,40.7529861099066,-73.926151404966,0.148035610856639,0.147301876157007,2020.20740153534,2020.20813527004,358300000,NA
163,180,2.59083231222978e-05,40.701443881668,-73.9709184416258,40.7011335134145,-73.96981310713,0.14732778448013,0.147301876157007,2020.20740153534,2020.20742744366,358300000,NA
164,166,0.00113060341008556,40.7529861099066,-73.926151404966,40.7854835543685,-73.9475995467538,0.149166214266725,0.148035610856639,2020.20813527004,2020.20926587345,358300000,NA
164,165,0.000510836924864116,40.7529861099066,-73.926151404966,40.7330720660316,-73.9238321370121,0.148546447781504,0.148035610856639,2020.20813527004,2020.20864610696,358300000,NA
165,50,0.00173640669810959,40.7330720660316,-73.9238321370121,40.7138180805203,-73.9371772108089,0.150282854479613,0.148546447781504,2020.20864610696,2020.21038251366,358300000,hCoV-19/USA/NY-NYUMC104/2020
165,51,0.00173640669810959,40.7330720660316,-73.9238321370121,40.8253841614649,-73.8695040934939,0.150282854479613,0.148546447781504,2020.20864610696,2020.21038251366,358300000,hCoV-19/USA/NY-NYUMC92/2020
166,167,0.000326109381578954,40.7854835543685,-73.9475995467538,40.7928244824389,-73.9441827367706,0.149492323648304,0.149166214266725,2020.20926587345,2020.20959198283,358300000,NA
166,177,0.000473590022533582,40.7854835543685,-73.9475995467538,40.8138966587042,-73.9402854935216,0.149639804289259,0.149166214266725,2020.20926587345,2020.20973946347,358300000,NA
167,62,0.0445063778312396,40.7928244824389,-73.9441827367706,40.6360286212019,-74.0203378996871,0.193998701479544,0.149492323648304,2020.20959198283,2020.25409836066,358300000,hCoV-19/USA/NY-NYUMC219/2020
167,168,0.00151438577322674,40.7928244824389,-73.9441827367706,40.789075498458,-73.929502613572,0.151006709421531,0.149492323648304,2020.20959198283,2020.2111063686,358300000,NA
168,169,0.0036536084504219,40.789075498458,-73.929502613572,40.7673297167031,-73.9436561302447,0.154660317871953,0.151006709421531,2020.2111063686,2020.21475997705,358300000,NA
168,172,0.00118039011529786,40.789075498458,-73.929502613572,40.7745985137426,-73.9261726093865,0.152187099536829,0.151006709421531,2020.2111063686,2020.21228675872,358300000,NA
169,55,0.0338739027276543,40.7673297167031,-73.9436561302447,40.7368623093924,-74.005762552901,0.188534220599607,0.154660317871953,2020.21475997705,2020.24863387978,358300000,hCoV-19/USA/NY-NYUMC204/2020
169,170,0.0144247290851969,40.7673297167031,-73.9436561302447,40.6923471310738,-73.9207005211289,0.16908504695715,0.154660317871953,2020.21475997705,2020.22918470614,358300000,NA
170,52,0.024913654522394,40.6923471310738,-73.9207005211289,40.6423879009788,-74.0130621635315,0.193998701479544,0.16908504695715,2020.22918470614,2020.25409836066,358300000,hCoV-19/USA/NY-NYUMC216/2020
170,171,0.000915726425650104,40.6923471310738,-73.9207005211289,40.6910436570605,-73.9314222098123,0.1700007733828,0.16908504695715,2020.22918470614,2020.23010043256,358300000,NA
171,54,0.0130689663466476,40.6910436570605,-73.9314222098123,40.7650854401131,-73.9119679895446,0.183069739729447,0.1700007733828,2020.23010043256,2020.24316939891,358300000,hCoV-19/USA/NY-NYUMC504/2020
171,53,0.0185334472168072,40.6910436570605,-73.9314222098123,40.7116130231664,-73.9768349973209,0.188534220599607,0.1700007733828,2020.23010043256,2020.24863387978,358300000,hCoV-19/USA/NY-NYUMC151/2020
172,173,0.00149322720816997,40.7745985137426,-73.9261726093865,40.7667691951161,-73.9321345856879,0.153680326744999,0.152187099536829,2020.21228675872,2020.21377998593,358300000,NA
172,175,0.000694842490546577,40.7745985137426,-73.9261726093865,40.7612296629553,-73.9218001080356,0.152881942027375,0.152187099536829,2020.21228675872,2020.21298160121,358300000,NA
173,174,0.0273549952874513,40.7667691951161,-73.9321345856879,40.8609736731432,-73.8888672228052,0.18103532203245,0.153680326744999,2020.21377998593,2020.24113498121,358300000,NA
173,56,0.073105259974602,40.7667691951161,-73.9321345856879,40.7506692928476,-73.8318081134341,0.226785586719601,0.153680326744999,2020.21377998593,2020.2868852459,358300000,hCoV-19/USA/NY-NYUMC445/2020
174,57,0.00749889856715698,40.8609736731432,-73.8888672228052,40.8752475410637,-73.8308761485969,0.188534220599607,0.18103532203245,2020.24113498121,2020.24863387978,358300000,hCoV-19/USA/NY-NYUMC591/2020
174,58,0.0785371499369848,40.8609736731432,-73.8888672228052,40.8525809483289,-73.8824918548016,0.259572471969435,0.18103532203245,2020.24113498121,2020.31967213115,358300000,hCoV-19/USA/NY-NYUMC904/2020
175,176,0.0161865292561129,40.7612296629553,-73.9218001080356,40.834490476185,-73.9247828466097,0.169068471283488,0.152881942027375,2020.21298160121,2020.22916813046,358300000,NA
175,59,0.142209655622199,40.7612296629553,-73.9218001080356,40.7366827861834,-73.8801627300032,0.295091597649574,0.152881942027375,2020.21298160121,2020.35519125683,358300000,hCoV-19/USA/NY-NYUMC891/2020
176,61,0.00307230669609035,40.834490476185,-73.9247828466097,40.6013802360967,-73.7464622700957,0.172140777979578,0.169068471283488,2020.22916813046,2020.23224043716,358300000,hCoV-19/USA/NY-NYUMC699/2020
176,60,0.0194657493161189,40.834490476185,-73.9247828466097,40.8047637852378,-73.9033705317336,0.188534220599607,0.169068471283488,2020.22916813046,2020.24863387978,358300000,hCoV-19/USA/NY-NYUMC160/2020
177,179,0.00111609814359759,40.8138966587042,-73.9402854935216,40.820794918839,-73.8984557936417,0.150755902432856,0.149639804289259,2020.20973946347,2020.21085556161,358300000,NA
177,178,0.000353749402263986,40.8138966587042,-73.9402854935216,40.8270806574208,-73.9200114055739,0.149993553691523,0.149639804289259,2020.20973946347,2020.21009321287,358300000,NA
178,63,0.0385406669080843,40.8270806574208,-73.9200114055739,40.8166973057371,-73.9597082318423,0.188534220599607,0.149993553691523,2020.21009321287,2020.24863387978,358300000,hCoV-19/USA/NY-NYUMC142/2020
178,64,0.000289300788090585,40.8270806574208,-73.9200114055739,40.861592470062,-73.9039698337492,0.150282854479613,0.149993553691523,2020.21009321287,2020.21038251366,358300000,hCoV-19/USA/NY-NYUMC121/2020
179,65,0.0213848755467222,40.820794918839,-73.8984557936417,40.8743030412893,-73.8244020667962,0.172140777979578,0.150755902432856,2020.21085556161,2020.23224043716,358300000,hCoV-19/USA/NY-NYUMC739/2020
179,66,0.00499143292669366,40.820794918839,-73.8984557936417,40.6370248050965,-73.9780962296249,0.15574733535955,0.150755902432856,2020.21085556161,2020.21584699454,358300000,hCoV-19/USA/NY-NYUMC762/2020
180,183,0.000104871081574226,40.7011335134145,-73.96981310713,40.6818209392868,-73.9748123880959,0.147432655561704,0.14732778448013,2020.20742744366,2020.20753231474,358300000,NA
180,181,0.00148704585741527,40.7011335134145,-73.96981310713,40.7051487980152,-73.9783576089393,0.148814830337545,0.14732778448013,2020.20742744366,2020.20891448952,358300000,NA
181,69,0.0233259476420334,40.7051487980152,-73.9783576089393,40.7411476384798,-73.8762826664071,0.172140777979578,0.148814830337545,2020.20891448952,2020.23224043716,358300000,hCoV-19/USA/NY-NYUMC718/2020
181,182,0.0123386387896249,40.7051487980152,-73.9783576089393,40.7075890873124,-73.9721533930639,0.16115346912717,0.148814830337545,2020.20891448952,2020.22125312831,358300000,NA
182,68,0.128473647652472,40.7075890873124,-73.9721533930639,40.6208501173686,-73.9776428942691,0.289627116779641,0.16115346912717,2020.22125312831,2020.34972677596,358300000,hCoV-19/USA/NY-NYUMC886/2020
182,67,0.0383097132223059,40.7075890873124,-73.9721533930639,40.6343467371844,-74.036630688177,0.199463182349476,0.16115346912717,2020.22125312831,2020.25956284153,358300000,hCoV-19/USA/NY-NYUMC259/2020
183,70,0.00285019891790922,40.6818209392868,-73.9748123880959,40.7222633484931,-73.972712625832,0.150282854479613,0.147432655561704,2020.20753231474,2020.21038251366,358300000,hCoV-19/USA/NY-NYUMC73/2020
183,184,0.000112300289957179,40.6818209392868,-73.9748123880959,40.8168644980521,-73.9156432336524,0.147544955851661,0.147432655561704,2020.20753231474,2020.20764461503,358300000,NA
184,71,0.00273789862795204,40.8168644980521,-73.9156432336524,40.8382009170989,-73.9312211632961,0.150282854479613,0.147544955851661,2020.20764461503,2020.21038251366,358300000,hCoV-19/USA/NY-NYUMC58/2020
184,72,0.00273789862795204,40.8168644980521,-73.9156432336524,40.8181614505972,-73.9122826088561,0.150282854479613,0.147544955851661,2020.20764461503,2020.21038251366,358300000,hCoV-19/USA/NY-NYUMC98/2020
185,186,0.00172221279244394,40.7829632496865,-73.8821874917208,40.7926903950688,-73.8694056875217,0.148232945770881,0.146510732978437,2020.20661039216,2020.20833260495,358300000,NA
185,187,0.000260307307233393,40.7829632496865,-73.8821874917208,40.7898905541024,-73.9108843134907,0.14677104028567,0.146510732978437,2020.20661039216,2020.20687069947,358300000,NA
186,75,0.00751438958866935,40.7926903950688,-73.8694056875217,40.6832144193083,-73.7406901212571,0.15574733535955,0.148232945770881,2020.20833260495,2020.21584699454,358300000,hCoV-19/USA/NY-NYUMC830/2020
186,74,0.043033515268581,40.7926903950688,-73.8694056875217,40.8597367133706,-73.886018871727,0.191266461039462,0.148232945770881,2020.20833260495,2020.25136612022,358300000,hCoV-19/USA/NY-NYUMC607/2020
187,188,0.000103829513285331,40.7898905541024,-73.9108843134907,40.7839885137353,-73.9145771439313,0.146874869798955,0.14677104028567,2020.20687069947,2020.20697452898,358300000,NA
187,76,0.00351181419394322,40.7898905541024,-73.9108843134907,40.8281941179378,-73.9267616846938,0.150282854479613,0.14677104028567,2020.20687069947,2020.21038251366,358300000,hCoV-19/USA/NY-NYUMC78/2020
188,189,0.00152733344152706,40.7839885137353,-73.9145771439313,40.7845323539579,-73.9092620774714,0.148402203240482,0.146874869798955,2020.20697452898,2020.20850186242,358300000,NA
188,209,8.94129903961371e-05,40.7839885137353,-73.9145771439313,40.7865379611103,-73.9139241146742,0.146964282789351,0.146874869798955,2020.20697452898,2020.20706394197,358300000,NA
189,190,0.000781641072033712,40.7845323539579,-73.9092620774714,40.760755240621,-73.9012832291936,0.149183844312516,0.148402203240482,2020.20850186242,2020.20928350349,358300000,NA
189,77,0.00188065123913084,40.7845323539579,-73.9092620774714,40.7743593408759,-73.8995054090954,0.150282854479613,0.148402203240482,2020.20850186242,2020.21038251366,358300000,hCoV-19/USA/NY-NYUMC72/2020
190,191,0.00180310051841587,40.760755240621,-73.9012832291936,40.7514384203779,-73.8981992545346,0.150986944830932,0.149183844312516,2020.20928350349,2020.21108660401,358300000,NA
190,78,0.00109901016709713,40.760755240621,-73.9012832291936,40.7762420546567,-73.9067702741432,0.150282854479613,0.149183844312516,2020.20928350349,2020.21038251366,358300000,hCoV-19/USA/NY-NYUMC64/2020
191,208,0.0002356822901671,40.7514384203779,-73.8981992545346,40.7524659851874,-73.8972815709745,0.151222627121099,0.150986944830932,2020.21108660401,2020.2113222863,358300000,NA
191,192,1.19027403929217e-05,40.7514384203779,-73.8981992545346,40.7505544296805,-73.8980623261861,0.150998847571325,0.150986944830932,2020.21108660401,2020.21109850675,358300000,NA
192,193,0.000677919670854121,40.7505544296805,-73.8980623261861,40.7457169606235,-73.897400453849,0.151676767242179,0.150998847571325,2020.21109850675,2020.21177642642,358300000,NA
192,79,0.051196575218233,40.7505544296805,-73.8980623261861,40.636247995607,-74.0074798248526,0.202195422789558,0.150998847571325,2020.21109850675,2020.26229508197,358300000,hCoV-19/USA/NY-NYUMC266/2020
193,194,0.00932596510262274,40.7457169606235,-73.897400453849,40.7499723844558,-73.843366778735,0.161002732344802,0.151676767242179,2020.21177642642,2020.22110239153,358300000,NA
193,200,0.00108228704419083,40.7457169606235,-73.897400453849,40.7497899782694,-73.8986555226749,0.15275905428637,0.151676767242179,2020.21177642642,2020.21285871347,358300000,NA
194,195,0.00265539102032417,40.7499723844558,-73.843366778735,40.7096757698045,-73.8101741264647,0.163658123365126,0.161002732344802,2020.22110239153,2020.22375778255,358300000,NA
194,198,0.00329467125539171,40.7499723844558,-73.843366778735,40.74893090646,-73.8763524977846,0.164297403600193,0.161002732344802,2020.22110239153,2020.22439706278,358300000,NA
195,83,0.0303405781144177,40.7096757698045,-73.8101741264647,40.5755737779487,-73.9729160623158,0.193998701479544,0.163658123365126,2020.22375778255,2020.25409836066,358300000,hCoV-19/USA/NY-NYUMC890/2020
195,196,0.00175169827537416,40.7096757698045,-73.8101741264647,40.7062861300166,-73.8045703870441,0.1654098216405,0.163658123365126,2020.22375778255,2020.22550948082,358300000,NA
196,80,0.0231243989591068,40.7062861300166,-73.8045703870441,40.6985628579873,-73.7485403481327,0.188534220599607,0.1654098216405,2020.22550948082,2020.24863387978,358300000,hCoV-19/USA/NY-NYUMC184/2020
196,197,0.000825218255517068,40.7062861300166,-73.8045703870441,40.7055478730965,-73.7991638662254,0.166235039896017,0.1654098216405,2020.22550948082,2020.22633469908,358300000,NA
197,81,0.0168346998334302,40.7055478730965,-73.7991638662254,40.6680304230839,-73.7756889246019,0.183069739729447,0.166235039896017,2020.22633469908,2020.24316939891,358300000,hCoV-19/USA/NY-NYUMC315/2020
197,82,0.00863797852341591,40.7055478730965,-73.7991638662254,40.6810491288933,-73.762050467689,0.174873018419433,0.166235039896017,2020.22633469908,2020.2349726776,358300000,hCoV-19/USA/NY-NYUMC767/2020
198,199,0.000326902075476365,40.74893090646,-73.8763524977846,40.7532095065919,-73.8771299579598,0.16462430567567,0.164297403600193,2020.22439706278,2020.22472396486,358300000,NA
198,86,0.0297012978793501,40.74893090646,-73.8763524977846,40.5931745303049,-73.7726750441845,0.193998701479544,0.164297403600193,2020.22439706278,2020.25409836066,358300000,hCoV-19/USA/NY-NYUMC603/2020
199,84,0.00751647230390859,40.7532095065919,-73.8771299579598,40.7498177869327,-73.8703546504848,0.172140777979578,0.16462430567567,2020.22472396486,2020.23224043716,358300000,hCoV-19/USA/NY-NYUMC688/2020
199,85,0.0184454340537775,40.7532095065919,-73.8771299579598,40.7455704678325,-73.8352579843952,0.183069739729447,0.16462430567567,2020.22472396486,2020.24316939891,358300000,hCoV-19/USA/NY-NYUMC521/2020
200,201,0.00166716534958716,40.7497899782694,-73.8986555226749,40.7451810081578,-73.8866244872682,0.154426219635957,0.15275905428637,2020.21285871347,2020.21452587882,358300000,NA
200,95,0.00572052150325764,40.7497899782694,-73.8986555226749,40.7641501850388,-73.9126555323891,0.158479575789627,0.15275905428637,2020.21285871347,2020.21857923497,358300000,hCoV-19/USA/NY-NYUMC765/2020
201,203,0.00420205515347619,40.7451810081578,-73.8866244872682,40.815727343191,-73.8911239158701,0.158628274789433,0.154426219635957,2020.21452587882,2020.21872793397,358300000,NA
201,202,0.00275454106053344,40.7451810081578,-73.8866244872682,40.7486674992617,-73.8999986118532,0.15718076069649,0.154426219635957,2020.21452587882,2020.21728041988,358300000,NA
202,88,0.0832660282130611,40.7486674992617,-73.8999986118532,40.6494437092484,-73.9454775269545,0.240446788909552,0.15718076069649,2020.21728041988,2020.30054644809,358300000,hCoV-19/USA/NY-NYUMC460/2020
202,87,0.0176922577229426,40.7486674992617,-73.8999986118532,40.8479430292651,-73.9198629133241,0.174873018419433,0.15718076069649,2020.21728041988,2020.2349726776,358300000,hCoV-19/USA/NY-NYUMC792/2020
203,204,0.00593898793597256,40.815727343191,-73.8911239158701,40.8027921634543,-73.8588515293423,0.164567262725406,0.158628274789433,2020.21872793397,2020.22466692191,358300000,NA
203,89,0.0162447436299999,40.815727343191,-73.8911239158701,40.6909318207711,-73.8196724602627,0.174873018419433,0.158628274789433,2020.21872793397,2020.2349726776,358300000,hCoV-19/USA/NY-NYUMC788/2020
204,205,0.00870243086530151,40.8027921634543,-73.8588515293423,40.8519335548128,-73.9242391759756,0.173269693590707,0.164567262725406,2020.22466692191,2020.23336935277,358300000,NA
204,90,0.00484127481409063,40.8027921634543,-73.8588515293423,40.7818537733707,-73.8995069468035,0.169408537539496,0.164567262725406,2020.22466692191,2020.22950819672,358300000,hCoV-19/USA/NY-NYUMC818/2020
205,91,0.00980004613874005,40.8519335548128,-73.9242391759756,40.8834703978805,-73.9117501296647,0.183069739729447,0.173269693590707,2020.23336935277,2020.24316939891,358300000,hCoV-19/USA/NY-NYUMC519/2020
205,206,0.00508882858363328,40.8519335548128,-73.9242391759756,40.7816852469851,-73.940901462713,0.178358522174341,0.173269693590707,2020.23336935277,2020.23845818136,358300000,NA
206,92,0.012907938865121,40.7816852469851,-73.940901462713,40.8316369096351,-73.9180837614849,0.191266461039462,0.178358522174341,2020.23845818136,2020.25136612022,358300000,hCoV-19/USA/NY-NYUMC621/2020
206,207,0.00610672686538141,40.7816852469851,-73.940901462713,40.7994042100282,-73.91661837214,0.184465249039722,0.178358522174341,2020.23845818136,2020.24456490822,358300000,NA
207,93,0.0286591354997048,40.7994042100282,-73.91661837214,40.6890020138941,-73.9017511709742,0.213124384539427,0.184465249039722,2020.24456490822,2020.27322404372,358300000,hCoV-19/USA/NY-NYUMC655/2020
207,94,0.00680121199973961,40.7994042100282,-73.91661837214,40.8501959648434,-73.9046874548666,0.191266461039462,0.184465249039722,2020.24456490822,2020.25136612022,358300000,hCoV-19/USA/NY-NYUMC613/2020
208,97,0.0700984787283419,40.7524659851874,-73.8972815709745,40.7810731493629,-73.9775037412263,0.221321105849441,0.151222627121099,2020.2113222863,2020.28142076503,358300000,hCoV-19/USA/NY-NYUMC331/2020
208,96,0.0373115934785078,40.7524659851874,-73.8972815709745,40.821853079012,-73.8728960823823,0.188534220599607,0.151222627121099,2020.2113222863,2020.24863387978,358300000,hCoV-19/USA/NY-NYUMC161/2020
209,212,0.000589754637762729,40.7865379611103,-73.9139241146742,40.7890174345291,-73.9233625567683,0.147554037427114,0.146964282789351,2020.20706394197,2020.20765369661,358300000,NA
209,210,0.000253511825244357,40.7865379611103,-73.9139241146742,40.7877869421663,-73.9238824197537,0.147217794614596,0.146964282789351,2020.20706394197,2020.2073174538,358300000,NA
210,100,0.0030650598650174,40.7877869421663,-73.9238824197537,40.7559116309146,-73.9697831534962,0.150282854479613,0.147217794614596,2020.2073174538,2020.21038251366,358300000,hCoV-19/USA/NY-NYUMC39/2020
210,211,0.00302877717370703,40.7877869421663,-73.9238824197537,40.8010505689406,-73.8802119429754,0.150246571788303,0.147217794614596,2020.2073174538,2020.21034623097,358300000,NA
211,99,0.0410198892511587,40.8010505689406,-73.8802119429754,40.8419164991737,-73.902066652187,0.191266461039462,0.150246571788303,2020.21034623097,2020.25136612022,358300000,hCoV-19/USA/NY-NYUMC637/2020
211,98,0.0218942061912756,40.8010505689406,-73.8802119429754,40.7072313817539,-73.8251349169622,0.172140777979578,0.150246571788303,2020.21034623097,2020.23224043716,358300000,hCoV-19/USA/NY-NYUMC743/2020
212,101,0.00272881705249903,40.7890174345291,-73.9233625567683,40.8762876680981,-73.9026105215071,0.150282854479613,0.147554037427114,2020.20765369661,2020.21038251366,358300000,hCoV-19/USA/NY-NYUMC38/2020
212,213,0.00419444955031315,40.7890174345291,-73.9233625567683,40.7369346072213,-73.9417667675852,0.151748486977427,0.147554037427114,2020.20765369661,2020.21184814616,358300000,NA
213,214,0.00984198134008679,40.7369346072213,-73.9417667675852,40.7341021110213,-73.9594306033812,0.161590468317514,0.151748486977427,2020.21184814616,2020.2216901275,358300000,NA
213,102,0.0996272636822205,40.7369346072213,-73.9417667675852,40.6710441547741,-73.8459461619124,0.251375750659648,0.151748486977427,2020.21184814616,2020.31147540984,358300000,hCoV-19/USA/NY-NYUMC838/2020
214,104,0.00781806922198225,40.7341021110213,-73.9594306033812,40.7250498538332,-73.9944254085499,0.169408537539496,0.161590468317514,2020.2216901275,2020.22950819672,358300000,hCoV-19/USA/NY-NYUMC823/2020
214,103,0.0242115118420108,40.7341021110213,-73.9594306033812,40.7086396565438,-73.848961127929,0.185801980159525,0.161590468317514,2020.2216901275,2020.24590163934,358300000,hCoV-19/USA/NY-NYUMC560/2020
215,105,0.00772243614235732,40.7450047004484,-73.899191257352,40.7346805563875,-73.9226783846122,0.15574733535955,0.148024899217193,2020.2081245584,2020.21584699454,358300000,hCoV-19/USA/NY-NYUMC748/2020
215,216,0.00532572523577618,40.7450047004484,-73.899191257352,40.724896264135,-73.9415874951564,0.153350624452969,0.148024899217193,2020.2081245584,2020.21345028363,358300000,NA
216,106,0.00786119177651337,40.724896264135,-73.9415874951564,40.7494710771492,-73.9794219506736,0.161211816229482,0.153350624452969,2020.21345028363,2020.22131147541,358300000,hCoV-19/USA/NY-NYUMC738/2020
216,217,0.00349598846219676,40.724896264135,-73.9415874951564,40.7801664548537,-73.8970308573056,0.156846612915165,0.153350624452969,2020.21345028363,2020.2169462721,358300000,NA
217,218,0.00818061065893061,40.7801664548537,-73.8970308573056,40.8179786719971,-73.8524409734548,0.165027223574096,0.156846612915165,2020.2169462721,2020.22512688275,358300000,NA
217,107,0.0262231268142818,40.7801664548537,-73.8970308573056,40.8819720108401,-73.866318883948,0.183069739729447,0.156846612915165,2020.2169462721,2020.24316939891,358300000,hCoV-19/USA/NY-NYUMC517/2020
218,108,0.0180425161553512,40.8179786719971,-73.8524409734548,40.6816690112425,-73.800780147207,0.183069739729447,0.165027223574096,2020.22512688275,2020.24316939891,358300000,hCoV-19/USA/NY-NYUMC567/2020
218,219,0.00639649751432129,40.8179786719971,-73.8524409734548,40.767152381528,-73.9230244239034,0.171423721088417,0.165027223574096,2020.22512688275,2020.23152338027,358300000,NA
219,110,0.0198427399510441,40.767152381528,-73.9230244239034,40.8711540442832,-73.9180528692027,0.191266461039462,0.171423721088417,2020.23152338027,2020.25136612022,358300000,hCoV-19/USA/NY-NYUMC620/2020
219,109,0.0171104995111895,40.767152381528,-73.9230244239034,40.7685584239299,-73.8784796049089,0.188534220599607,0.171423721088417,2020.23152338027,2020.24863387978,358300000,hCoV-19/USA/NY-NYUMC193/2020
