node1,node2,length,startLat,startLon,endLat,endLon,endNodeL,startNodeL,startYear,endYear,treeID,tipLabel
116,139,0.0042799500198363,40.8015302290213,-73.9214909174211,40.7859182627529,-73.9093570653506,0.0042799500198363,0,2020.14130619808,2020.1455861481,154000000,NA
116,117,0.0147689640705128,40.8015302290213,-73.9214909174211,40.7572479535378,-73.9219943922427,0.0147689640705128,0,2020.14130619808,2020.15607516215,154000000,NA
117,1,0.0543073515092591,40.7572479535378,-73.9219943922427,40.8253841614649,-73.8695040934939,0.0690763155797718,0.0147689640705128,2020.15607516215,2020.21038251366,154000000,hCoV-19/USA/NY-NYUMC92/2020
117,118,0.0016127431445119,40.7572479535378,-73.9219943922427,40.7406687674791,-73.9233453902386,0.0163817072150247,0.0147689640705128,2020.15607516215,2020.1576879053,154000000,NA
118,126,0.000450700753909627,40.7406687674791,-73.9233453902386,40.7379999575309,-73.9244186952037,0.0168324079689343,0.0163817072150247,2020.1576879053,2020.15813860605,154000000,NA
118,119,0.00143219700015604,40.7406687674791,-73.9233453902386,40.7416552390639,-73.9213850736103,0.0178139042151807,0.0163817072150247,2020.1576879053,2020.1591201023,154000000,NA
119,2,0.0949782583645215,40.7416552390639,-73.9213850736103,40.6423879009788,-74.0130621635315,0.112792162579702,0.0178139042151807,2020.1591201023,2020.25409836066,154000000,hCoV-19/USA/NY-NYUMC216/2020
119,120,0.00775870558559902,40.7416552390639,-73.9213850736103,40.7521147070237,-73.9457431530929,0.0255726098007797,0.0178139042151807,2020.1591201023,2020.16687880788,154000000,NA
120,123,0.00890818573033209,40.7521147070237,-73.9457431530929,40.7405946970208,-73.9897760556565,0.0344807955311118,0.0255726098007797,2020.16687880788,2020.17578699361,154000000,NA
120,121,3.58985971657955e-05,40.7521147070237,-73.9457431530929,40.7505046414082,-73.9451044850451,0.0256085083979455,0.0255726098007797,2020.16687880788,2020.16691470648,154000000,NA
121,3,0.0871836541817567,40.7505046414082,-73.9451044850451,40.7303701647368,-73.8866333601109,0.112792162579702,0.0256085083979455,2020.16691470648,2020.25409836066,154000000,hCoV-19/USA/NY-NYUMC597/2020
121,122,0.00786253073608195,40.7505046414082,-73.9451044850451,40.7746612798233,-73.9553586083679,0.0334710391340275,0.0256085083979455,2020.16691470648,2020.17477723722,154000000,NA
122,4,0.073856642565738,40.7746612798233,-73.9553586083679,40.7116130231664,-73.9768349973209,0.107327681699766,0.0334710391340275,2020.17477723722,2020.24863387978,154000000,hCoV-19/USA/NY-NYUMC151/2020
122,5,0.0356052764457443,40.7746612798233,-73.9553586083679,40.861592470062,-73.9039698337492,0.0690763155797718,0.0334710391340275,2020.17477723722,2020.21038251366,154000000,hCoV-19/USA/NY-NYUMC121/2020
123,9,0.031863279608578,40.7405946970208,-73.9897760556565,40.7638571704065,-73.9767240482703,0.0663440751396898,0.0344807955311118,2020.17578699361,2020.20765027322,154000000,hCoV-19/USA/NY-NYUMC19/2020
123,124,0.0223775622512786,40.7405946970208,-73.9897760556565,40.7758459439648,-73.9797999058913,0.0568583577823904,0.0344807955311118,2020.17578699361,2020.19816455587,154000000,NA
124,8,0.0504693239173751,40.7758459439648,-73.9797999058913,40.8047637852378,-73.9033705317336,0.107327681699766,0.0568583577823904,2020.19816455587,2020.24863387978,154000000,hCoV-19/USA/NY-NYUMC160/2020
124,125,0.012802622606317,40.7758459439648,-73.9797999058913,40.7619780632507,-73.9748220834864,0.0696609803887074,0.0568583577823904,2020.19816455587,2020.21096717847,154000000,NA
125,6,0.0376667013110581,40.7619780632507,-73.9748220834864,40.8099502799491,-73.9530703232715,0.107327681699766,0.0696609803887074,2020.21096717847,2020.24863387978,154000000,hCoV-19/USA/NY-NYUMC168/2020
125,7,0.0322022204408985,40.7619780632507,-73.9748220834864,40.7650854401131,-73.9119679895446,0.101863200829606,0.0696609803887074,2020.21096717847,2020.24316939891,154000000,hCoV-19/USA/NY-NYUMC504/2020
126,136,0.00712894598373745,40.7379999575309,-73.9244186952037,40.7633001488368,-73.934994805812,0.0239613539526717,0.0168324079689343,2020.15813860605,2020.16526755204,154000000,NA
126,127,0.00742360793062774,40.7379999575309,-73.9244186952037,40.7032057012198,-73.9062678734916,0.024256015899562,0.0168324079689343,2020.15813860605,2020.16556221398,154000000,NA
127,128,0.000816242609672974,40.7032057012198,-73.9062678734916,40.6921554400436,-73.899497631757,0.025072258509235,0.024256015899562,2020.16556221398,2020.16637845659,154000000,NA
127,134,0.0235533365408954,40.7032057012198,-73.9062678734916,40.6604117030414,-73.9951718339672,0.0478093524404574,0.024256015899562,2020.16556221398,2020.18911555052,154000000,NA
128,10,0.098648865810559,40.6921554400436,-73.899497631757,40.6077120967572,-74.0257371525227,0.123721124319794,0.025072258509235,2020.16637845659,2020.2650273224,154000000,hCoV-19/USA/NY-NYUMC345/2020
128,129,0.009999231762615,40.6921554400436,-73.899497631757,40.66037191821,-73.8944150078872,0.03507149027185,0.025072258509235,2020.16637845659,2020.17637768836,154000000,NA
129,130,0.00234290442655297,40.66037191821,-73.8944150078872,40.6533023398884,-73.878302079754,0.037414394698403,0.03507149027185,2020.17637768836,2020.17872059278,154000000,NA
129,16,0.0913818744877987,40.66037191821,-73.8944150078872,40.648296522881,-73.9144224411191,0.126453364759649,0.03507149027185,2020.17637768836,2020.26775956284,154000000,hCoV-19/USA/NY-NYUMC360/2020
130,133,0.0334086734033445,40.6533023398884,-73.878302079754,40.5876283303267,-73.8981405246498,0.0708230681017475,0.037414394698403,2020.17872059278,2020.21212926619,154000000,NA
130,131,0.0257183943265996,40.6533023398884,-73.878302079754,40.6581649698151,-73.7563456888971,0.0631327890250026,0.037414394698403,2020.17872059278,2020.20443898711,154000000,NA
131,132,0.00433878375512042,40.6581649698151,-73.7563456888971,40.6602183656351,-73.7399314685396,0.067471572780123,0.0631327890250026,2020.20443898711,2020.20877777086,154000000,NA
131,13,0.0387304118046033,40.6581649698151,-73.7563456888971,40.5814922328351,-73.8259079163823,0.101863200829606,0.0631327890250026,2020.20443898711,2020.24316939891,154000000,hCoV-19/USA/NY-NYUMC511/2020
132,12,0.00160474279964878,40.6602183656351,-73.7399314685396,40.6793738301739,-73.7276249957336,0.0690763155797718,0.067471572780123,2020.20877777086,2020.21038251366,154000000,hCoV-19/USA/NY-NYUMC49/2020
132,11,0.00160474279964878,40.6602183656351,-73.7399314685396,40.6546168001901,-73.7441354372391,0.0690763155797718,0.067471572780123,2020.20877777086,2020.21038251366,154000000,hCoV-19/USA/NY-NYUMC89/2020
133,15,0.0310401327278584,40.5876283303267,-73.8981405246498,40.5588971737886,-73.8909094525008,0.101863200829606,0.0708230681017475,2020.21212926619,2020.24316939891,154000000,hCoV-19/USA/NY-NYUMC229/2020
133,14,0.0610947775378378,40.5876283303267,-73.8981405246498,40.7247275862232,-73.9809319241174,0.131917845639585,0.0708230681017475,2020.21212926619,2020.27322404372,154000000,hCoV-19/USA/NY-NYUMC379/2020
134,135,0.000535968844991908,40.6604117030414,-73.9951718339672,40.6525824849055,-73.986166441705,0.0483453212854493,0.0478093524404574,2020.18911555052,2020.18965151937,154000000,NA
134,19,0.0540538483891485,40.6604117030414,-73.9951718339672,40.5883420183825,-74.0849556623747,0.101863200829606,0.0478093524404574,2020.18911555052,2020.24316939891,154000000,hCoV-19/USA/NY-NYUMC302/2020
135,18,0.0617146008541709,40.6525824849055,-73.986166441705,40.5977016778057,-74.1678054481681,0.11005992213962,0.0483453212854493,2020.18965151937,2020.25136612022,154000000,hCoV-19/USA/NY-NYUMC636/2020
135,17,0.0535178795441566,40.6525824849055,-73.986166441705,40.682251830406,-73.9138695089728,0.101863200829606,0.0483453212854493,2020.18965151937,2020.24316939891,154000000,hCoV-19/USA/NY-NYUMC507/2020
136,137,0.000243623032599727,40.7633001488368,-73.934994805812,40.7704972004578,-73.9329545444146,0.0242049769852715,0.0239613539526717,2020.16526755204,2020.16551117507,154000000,NA
136,23,0.0833663277470938,40.7633001488368,-73.934994805812,40.8752475410637,-73.8308761485969,0.107327681699766,0.0239613539526717,2020.16526755204,2020.24863387978,154000000,hCoV-19/USA/NY-NYUMC591/2020
137,20,0.0940516664643629,40.7704972004578,-73.9329545444146,40.6475212049097,-74.0085205919159,0.118256643449634,0.0242049769852715,2020.16551117507,2020.25956284153,154000000,hCoV-19/USA/NY-NYUMC256/2020
137,138,0.01667879417441,40.7704972004578,-73.9329545444146,40.8407589380608,-73.9233049190064,0.0408837711596815,0.0242049769852715,2020.16551117507,2020.18218996924,154000000,NA
138,21,0.0500504679200555,40.8407589380608,-73.9233049190064,40.8743030412893,-73.8244020667962,0.090934239079737,0.0408837711596815,2020.18218996924,2020.23224043716,154000000,hCoV-19/USA/NY-NYUMC739/2020
138,22,0.137482161909912,40.8407589380608,-73.9233049190064,40.8525809483289,-73.8824918548016,0.178365933069593,0.0408837711596815,2020.18218996924,2020.31967213115,154000000,hCoV-19/USA/NY-NYUMC904/2020
139,145,0.0112725739188899,40.7859182627529,-73.9093570653506,40.7220728465453,-73.9236768705305,0.0155525239387262,0.0042799500198363,2020.1455861481,2020.15685872202,154000000,NA
139,140,0.0108477667134715,40.7859182627529,-73.9093570653506,40.7742664875116,-73.898737478705,0.0151277167333078,0.0042799500198363,2020.1455861481,2020.15643391482,154000000,NA
140,144,0.00144922537636777,40.7742664875116,-73.898737478705,40.7659442394268,-73.8966952611253,0.0165769421096755,0.0151277167333078,2020.15643391482,2020.15788314019,154000000,NA
140,141,0.0213299641371835,40.7742664875116,-73.898737478705,40.8167091659058,-73.9043008690746,0.0364576808704913,0.0151277167333078,2020.15643391482,2020.17776387895,154000000,NA
141,142,0.0065268313561129,40.8167091659058,-73.9043008690746,40.8092295667485,-73.9237630308454,0.0429845122266042,0.0364576808704913,2020.17776387895,2020.18429071031,154000000,NA
141,143,0.0115529148078072,40.8167091659058,-73.9043008690746,40.7734091076536,-73.8851226930061,0.0480105956782984,0.0364576808704913,2020.17776387895,2020.18931679376,154000000,NA
142,24,0.0260918033531676,40.8092295667485,-73.9237630308454,40.8181614505972,-73.9122826088561,0.0690763155797718,0.0429845122266042,2020.18429071031,2020.21038251366,154000000,hCoV-19/USA/NY-NYUMC98/2020
142,25,0.0260918033531676,40.8092295667485,-73.9237630308454,40.8382009170989,-73.9312211632961,0.0690763155797718,0.0429845122266042,2020.18429071031,2020.21038251366,154000000,hCoV-19/USA/NY-NYUMC58/2020
143,27,0.0210657199014734,40.7734091076536,-73.8851226930061,40.7499442186665,-73.7836788835903,0.0690763155797718,0.0480105956782984,2020.18931679376,2020.21038251366,154000000,hCoV-19/USA/NY-NYUMC664/2020
143,26,0.0429236434014386,40.7734091076536,-73.8851226930061,40.7411476384798,-73.8762826664071,0.090934239079737,0.0480105956782984,2020.18931679376,2020.23224043716,154000000,hCoV-19/USA/NY-NYUMC718/2020
144,29,0.0497671330300143,40.7659442394268,-73.8966952611253,40.6400722120113,-73.9457357415987,0.0663440751396898,0.0165769421096755,2020.15788314019,2020.20765027322,154000000,hCoV-19/USA/NY-NYUMC14/2020
144,28,0.057963854350033,40.7659442394268,-73.8966952611253,40.7462679992842,-73.9839421934153,0.0745407964597085,0.0165769421096755,2020.15788314019,2020.21584699454,154000000,hCoV-19/USA/NY-NYUMC707/2020
145,146,0.00121991732802315,40.7220728465453,-73.9236768705305,40.7300499021361,-73.9211186032602,0.0167724412667493,0.0155525239387262,2020.15685872202,2020.15807863935,154000000,NA
145,218,0.00589853702201132,40.7220728465453,-73.9236768705305,40.7070149764655,-73.9345496444309,0.0214510609607375,0.0155525239387262,2020.15685872202,2020.16275725904,154000000,NA
146,148,0.000172906544277679,40.7300499021361,-73.9211186032602,40.7369631857209,-73.9197421339194,0.016945347811027,0.0167724412667493,2020.15807863935,2020.15825154589,154000000,NA
146,147,0.0452682156971985,40.7300499021361,-73.9211186032602,40.6959503234457,-74.0167984785994,0.0620406569639478,0.0167724412667493,2020.15807863935,2020.20334685505,154000000,NA
147,30,0.0644127077957008,40.6959503234457,-74.0167984785994,40.6312749314594,-74.0271153536648,0.126453364759649,0.0620406569639478,2020.20334685505,2020.26775956284,154000000,hCoV-19/USA/NY-NYUMC337/2020
147,31,0.0370903034258034,40.6959503234457,-74.0167984785994,40.6084915303842,-73.996167568417,0.0991309603897512,0.0620406569639478,2020.20334685505,2020.24043715847,154000000,hCoV-19/USA/NY-NYUMC529/2020
148,149,2.29996560862089e-05,40.7369631857209,-73.9197421339194,40.7345780485358,-73.9202828337882,0.0169683474671132,0.016945347811027,2020.15825154589,2020.15827454555,154000000,NA
148,165,7.86888563669708e-07,40.7369631857209,-73.9197421339194,40.736861511768,-73.9196175997635,0.0169461346995907,0.016945347811027,2020.15825154589,2020.15825233278,154000000,NA
149,150,0.00920676367384698,40.7345780485358,-73.9202828337882,40.6817073893981,-73.8964373867503,0.0261751111409602,0.0169683474671132,2020.15827454555,2020.16748130922,154000000,NA
149,153,0.00354044224080891,40.7345780485358,-73.9202828337882,40.7221544789727,-73.8972993341834,0.0205087897079221,0.0169683474671132,2020.15827454555,2020.16181498779,154000000,NA
150,151,0.00855059080397513,40.6817073893981,-73.8964373867503,40.6990843838277,-73.8982221753947,0.0347257019449353,0.0261751111409602,2020.16748130922,2020.17603190003,154000000,NA
150,32,0.0674913683786314,40.6817073893981,-73.8964373867503,40.6909318207711,-73.8196724602627,0.0936664795195916,0.0261751111409602,2020.16748130922,2020.2349726776,154000000,hCoV-19/USA/NY-NYUMC788/2020
151,35,0.0671374988846705,40.6990843838277,-73.8982221753947,40.6680304230839,-73.7756889246019,0.101863200829606,0.0347257019449353,2020.17603190003,2020.24316939891,154000000,hCoV-19/USA/NY-NYUMC315/2020
151,152,0.0118991722491604,40.6990843838277,-73.8982221753947,40.6631536947957,-73.8728745308839,0.0466248741940958,0.0347257019449353,2020.17603190003,2020.18793107228,154000000,NA
152,33,0.0470416053254959,40.6631536947957,-73.8728745308839,40.6810491288933,-73.762050467689,0.0936664795195916,0.0466248741940958,2020.18793107228,2020.2349726776,154000000,hCoV-19/USA/NY-NYUMC767/2020
152,34,0.112615375815614,40.6631536947957,-73.8728745308839,40.6685054548865,-73.8290085446559,0.15924025000971,0.0466248741940958,2020.18793107228,2020.30054644809,154000000,hCoV-19/USA/NY-NYUMC455/2020
153,154,0.00415670090216411,40.7221544789727,-73.8972993341834,40.7306346310515,-73.8844312070147,0.0246654906100862,0.0205087897079221,2020.16181498779,2020.16597168869,154000000,NA
153,160,0.00635862635242695,40.7221544789727,-73.8972993341834,40.716401019656,-73.8942560552495,0.0268674160603491,0.0205087897079221,2020.16181498779,2020.16817361414,154000000,NA
154,155,0.00011272233774326,40.7306346310515,-73.8844312070147,40.727003806872,-73.8803952594815,0.0247782129478295,0.0246654906100862,2020.16597168869,2020.16608441103,154000000,NA
154,158,0.00228957107083311,40.7306346310515,-73.8844312070147,40.7408322368314,-73.8884268033916,0.0269550616809194,0.0246654906100862,2020.16597168869,2020.16826125976,154000000,NA
155,156,0.00250977259545526,40.727003806872,-73.8803952594815,40.7202755257848,-73.861381076357,0.0272879855432848,0.0247782129478295,2020.16608441103,2020.16859418363,154000000,NA
155,36,0.0661560261319075,40.727003806872,-73.8803952594815,40.7124989006906,-73.7788014686599,0.090934239079737,0.0247782129478295,2020.16608441103,2020.23224043716,154000000,hCoV-19/USA/NY-NYUMC708/2020
156,157,0.00507765966706117,40.7202755257848,-73.861381076357,40.7529961239957,-73.8910534635551,0.0323656452103459,0.0272879855432848,2020.16859418363,2020.17367184329,154000000,NA
156,39,0.0636462535364522,40.7202755257848,-73.861381076357,40.7214057032357,-73.7989507193224,0.090934239079737,0.0272879855432848,2020.16859418363,2020.23224043716,154000000,hCoV-19/USA/NY-NYUMC706/2020
157,38,0.0585685938693911,40.7529961239957,-73.8910534635551,40.6782883512615,-73.9641616039469,0.090934239079737,0.0323656452103459,2020.17367184329,2020.23224043716,154000000,hCoV-19/USA/NY-NYUMC755/2020
157,37,0.06949755561926,40.7529961239957,-73.8910534635551,40.8918671142442,-73.8595977191749,0.101863200829606,0.0323656452103459,2020.17367184329,2020.24316939891,154000000,hCoV-19/USA/NY-NYUMC524/2020
158,42,0.0858371008987828,40.7408322368314,-73.8884268033916,40.6081078999332,-73.9834686626581,0.112792162579702,0.0269550616809194,2020.16826125976,2020.25409836066,154000000,hCoV-19/USA/NY-NYUMC246/2020
158,159,0.0313202754669689,40.7408322368314,-73.8884268033916,40.7948895665448,-73.888176889205,0.0582753371478882,0.0269550616809194,2020.16826125976,2020.19958153523,154000000,NA
159,40,0.0490523445518773,40.7948895665448,-73.888176889205,40.8299470562498,-73.9078920040658,0.107327681699766,0.0582753371478882,2020.19958153523,2020.24863387978,154000000,hCoV-19/USA/NY-NYUMC199/2020
159,41,0.0353911423717034,40.7948895665448,-73.888176889205,40.8177010134899,-73.8312716311785,0.0936664795195916,0.0582753371478882,2020.19958153523,2020.2349726776,154000000,hCoV-19/USA/NY-NYUMC825/2020
160,161,0.00940085711566876,40.716401019656,-73.8942560552495,40.71869950305,-73.8796096566896,0.0362682731760179,0.0268674160603491,2020.16817361414,2020.17757447126,154000000,NA
160,48,0.11324715088925,40.716401019656,-73.8942560552495,40.6567039733594,-73.8693522558567,0.1401145669496,0.0268674160603491,2020.16817361414,2020.28142076503,154000000,hCoV-19/USA/NY-NYUMC394/2020
161,163,0.00129096831806769,40.71869950305,-73.8796096566896,40.7371600034977,-73.8959296099137,0.0375592414940855,0.0362682731760179,2020.17757447126,2020.17886543958,154000000,NA
161,162,0.00268736148928447,40.71869950305,-73.8796096566896,40.7455644506306,-73.9031557691094,0.0389556346653023,0.0362682731760179,2020.17757447126,2020.18026183275,154000000,NA
162,43,0.0629075661643036,40.7455644506306,-73.9031557691094,40.8819720108401,-73.866318883948,0.101863200829606,0.0389556346653023,2020.18026183275,2020.24316939891,154000000,hCoV-19/USA/NY-NYUMC517/2020
162,44,0.0683720470344632,40.7455644506306,-73.9031557691094,40.6374920734337,-74.0091464591969,0.107327681699766,0.0389556346653023,2020.18026183275,2020.24863387978,154000000,hCoV-19/USA/NY-NYUMC158/2020
163,45,0.0369815549656229,40.7371600034977,-73.8959296099137,40.7346805563875,-73.9226783846122,0.0745407964597085,0.0375592414940855,2020.17886543958,2020.21584699454,154000000,hCoV-19/USA/NY-NYUMC748/2020
163,164,0.000345051755290593,40.7371600034977,-73.8959296099137,40.7403116024161,-73.8983138977009,0.0379042932493761,0.0375592414940855,2020.17886543958,2020.17921049133,154000000,NA
164,47,0.0639589075802298,40.7403116024161,-73.8983138977009,40.6816690112425,-73.800780147207,0.101863200829606,0.0379042932493761,2020.17921049133,2020.24316939891,154000000,hCoV-19/USA/NY-NYUMC567/2020
164,46,0.156855082440246,40.7403116024161,-73.8983138977009,40.7335534857999,-73.9756898436462,0.194759375689622,0.0379042932493761,2020.17921049133,2020.33606557377,154000000,hCoV-19/USA/NY-NYUMC843/2020
165,206,0.00524461736373219,40.736861511768,-73.9196175997635,40.7310892796618,-73.928257131084,0.0221907520633229,0.0169461346995907,2020.15825233278,2020.16349695015,154000000,NA
165,166,0.000244450860440421,40.736861511768,-73.9196175997635,40.7346365843484,-73.9272214027128,0.0171905855600311,0.0169461346995907,2020.15825233278,2020.15849678364,154000000,NA
166,167,8.30370827676619e-05,40.7346365843484,-73.9272214027128,40.7354447644141,-73.9274636354378,0.0172736226427988,0.0171905855600311,2020.15849678364,2020.15857982073,154000000,NA
166,184,3.43234628465139e-05,40.7346365843484,-73.9272214027128,40.7351464834894,-73.9287782444013,0.0172249090228776,0.0171905855600311,2020.15849678364,2020.15853110711,154000000,NA
167,66,0.0955185399369034,40.7354447644141,-73.9274636354378,40.6448675988566,-74.0129848272053,0.112792162579702,0.0172736226427988,2020.15857982073,2020.25409836066,154000000,hCoV-19/USA/NY-NYUMC217/2020
167,168,0.00228954231773687,40.7354447644141,-73.9274636354378,40.7237618609425,-73.9425573264324,0.0195631649605356,0.0172736226427988,2020.15857982073,2020.16086936304,154000000,NA
168,169,0.000683385303746259,40.7237618609425,-73.9425573264324,40.7307219900973,-73.9430658647623,0.0202465502642819,0.0195631649605356,2020.16086936304,2020.16155274835,154000000,NA
168,180,0.00445117119986846,40.7237618609425,-73.9425573264324,40.725230957824,-73.931893566782,0.0240143361604041,0.0195631649605356,2020.16086936304,2020.16532053424,154000000,NA
169,172,0.00209938655664552,40.7307219900973,-73.9430658647623,40.7401991528264,-73.9464304411839,0.0223459368209274,0.0202465502642819,2020.16155274835,2020.1636521349,154000000,NA
169,170,0.00268356249068413,40.7307219900973,-73.9430658647623,40.7325421302246,-73.944339366875,0.022930112754966,0.0202465502642819,2020.16155274835,2020.16423631084,154000000,NA
170,51,0.0898620498247361,40.7325421302246,-73.944339366875,40.6476911966454,-73.9316369210788,0.112792162579702,0.022930112754966,2020.16423631084,2020.25409836066,154000000,hCoV-19/USA/NY-NYUMC218/2020
170,171,0.0127971020392433,40.7325421302246,-73.944339366875,40.7797902086297,-73.9790888512597,0.0357272147942093,0.022930112754966,2020.16423631084,2020.17703341288,154000000,NA
171,49,0.0743327073454108,40.7797902086297,-73.9790888512597,40.8419164991737,-73.902066652187,0.11005992213962,0.0357272147942093,2020.17703341288,2020.25136612022,154000000,hCoV-19/USA/NY-NYUMC637/2020
171,50,0.0770649477854929,40.7797902086297,-73.9790888512597,40.7533086534691,-73.910799315166,0.112792162579702,0.0357272147942093,2020.17703341288,2020.25409836066,154000000,hCoV-19/USA/NY-NYUMC644/2020
172,176,0.000619385309143988,40.7401991528264,-73.9464304411839,40.7432252250712,-73.9309521249951,0.0229653221300714,0.0223459368209274,2020.1636521349,2020.16427152021,154000000,NA
172,173,0.00339014274551458,40.7401991528264,-73.9464304411839,40.7292338968625,-73.9414143263886,0.025736079566442,0.0223459368209274,2020.1636521349,2020.16704227765,154000000,NA
173,174,0.0038974308617071,40.7292338968625,-73.9414143263886,40.7484205328682,-73.9412181593274,0.0296335104281491,0.025736079566442,2020.16704227765,2020.17093970851,154000000,NA
173,52,0.0788593616932415,40.7292338968625,-73.9414143263886,40.7086396565438,-73.848961127929,0.104595441259683,0.025736079566442,2020.16704227765,2020.24590163934,154000000,hCoV-19/USA/NY-NYUMC560/2020
174,175,0.0255727926784491,40.7484205328682,-73.9412181593274,40.7648836075014,-73.9378294623174,0.0552063031065982,0.0296335104281491,2020.17093970851,2020.19651250119,154000000,NA
174,53,0.0449072860315594,40.7484205328682,-73.9412181593274,40.591617253962,-74.1238509629819,0.0745407964597085,0.0296335104281491,2020.17093970851,2020.21584699454,154000000,hCoV-19/USA/NY-NYUMC916/2020
175,54,0.0138700124731737,40.7648836075014,-73.9378294623174,40.8762876680981,-73.9026105215071,0.0690763155797718,0.0552063031065982,2020.19651250119,2020.21038251366,154000000,hCoV-19/USA/NY-NYUMC38/2020
175,55,0.0357279359731388,40.7648836075014,-73.9378294623174,40.7079503176133,-73.9442355657876,0.090934239079737,0.0552063031065982,2020.19651250119,2020.23224043716,154000000,hCoV-19/USA/NY-NYUMC734/2020
176,177,0.00443285018890077,40.7432252250712,-73.9309521249951,40.7639147077583,-73.9157097118865,0.0273981723189722,0.0229653221300714,2020.16427152021,2020.1687043704,154000000,NA
176,60,0.0679689169496656,40.7432252250712,-73.9309521249951,40.6197801895252,-74.0207088509375,0.090934239079737,0.0229653221300714,2020.16427152021,2020.23224043716,154000000,hCoV-19/USA/NY-NYUMC782/2020
177,178,0.0093834915628429,40.7639147077583,-73.9157097118865,40.7522440781183,-73.8783815098295,0.0367816638818151,0.0273981723189722,2020.1687043704,2020.17808786197,154000000,NA
177,56,0.0389459028207176,40.7639147077583,-73.9157097118865,40.7089801120876,-74.0001597853612,0.0663440751396898,0.0273981723189722,2020.1687043704,2020.20765027322,154000000,hCoV-19/USA/NY-NYUMC13/2020
178,179,0.0145189740774661,40.7522440781183,-73.8783815098295,40.7538195597508,-73.8974886782398,0.0513006379592812,0.0367816638818151,2020.17808786197,2020.19260683604,154000000,NA
178,59,0.0924039413179156,40.7522440781183,-73.8783815098295,40.7437375091091,-73.8351008711859,0.129185605199731,0.0367816638818151,2020.17808786197,2020.27049180328,154000000,hCoV-19/USA/NY-NYUMC364/2020
179,58,0.157119939920519,40.7538195597508,-73.8974886782398,40.8185649072773,-73.8731335848325,0.2084205778798,0.0513006379592812,2020.19260683604,2020.34972677596,154000000,hCoV-19/USA/NY-NYUMC914/2020
179,57,0.0177756776204906,40.7538195597508,-73.8974886782398,40.7743593408759,-73.8995054090954,0.0690763155797718,0.0513006379592812,2020.19260683604,2020.21038251366,154000000,hCoV-19/USA/NY-NYUMC72/2020
180,181,0.00179179577908947,40.725230957824,-73.931893566782,40.7086281565714,-73.9434128087032,0.0258061319394936,0.0240143361604041,2020.16532053424,2020.16711233002,154000000,NA
180,65,0.0969745477293123,40.725230957824,-73.931893566782,40.5502173307943,-74.1449480700235,0.120988883889716,0.0240143361604041,2020.16532053424,2020.26229508197,154000000,hCoV-19/USA/NY-NYUMC231/2020
181,183,0.00999822342404055,40.7086281565714,-73.9434128087032,40.7216598269875,-73.9262430557313,0.0358043553635341,0.0258061319394936,2020.16711233002,2020.17711055345,154000000,NA
181,182,0.000115818524614342,40.7086281565714,-73.9434128087032,40.7182343496812,-73.9384937863245,0.0259219504641079,0.0258061319394936,2020.16711233002,2020.16722814855,154000000,NA
182,61,0.105995895175477,40.7182343496812,-73.9384937863245,40.6890020138941,-73.9017511709742,0.131917845639585,0.0259219504641079,2020.16722814855,2020.27322404372,154000000,hCoV-19/USA/NY-NYUMC655/2020
182,62,0.075941250365498,40.7182343496812,-73.9384937863245,40.8834703978805,-73.9117501296647,0.101863200829606,0.0259219504641079,2020.16722814855,2020.24316939891,154000000,hCoV-19/USA/NY-NYUMC519/2020
183,64,0.074255566776086,40.7216598269875,-73.9262430557313,40.8501959648434,-73.9046874548666,0.11005992213962,0.0358043553635341,2020.17711055345,2020.25136612022,154000000,hCoV-19/USA/NY-NYUMC613/2020
183,63,0.074255566776086,40.7216598269875,-73.9262430557313,40.8316369096351,-73.9180837614849,0.11005992213962,0.0358043553635341,2020.17711055345,2020.25136612022,154000000,hCoV-19/USA/NY-NYUMC621/2020
184,185,0.00415165818203733,40.7351464834894,-73.9287782444013,40.7148910754768,-73.9178929353631,0.021376567204915,0.0172249090228776,2020.15853110711,2020.16268276529,154000000,NA
184,203,0.00453233768222469,40.7351464834894,-73.9287782444013,40.7154606076263,-73.9458527090444,0.0217572467051023,0.0172249090228776,2020.15853110711,2020.16306344479,154000000,NA
185,186,0.00354573315128759,40.7148910754768,-73.9178929353631,40.7293197972659,-73.9063550884556,0.0249223003562025,0.021376567204915,2020.16268276529,2020.16622849844,154000000,NA
185,188,0.00230314873578033,40.7148910754768,-73.9178929353631,40.7301554091728,-73.914878667537,0.0236797159406953,0.021376567204915,2020.16268276529,2020.16498591402,154000000,NA
186,69,0.0851376217834176,40.7293197972659,-73.9063550884556,40.6939227168328,-73.7538659411165,0.11005992213962,0.0249223003562025,2020.16622849844,2020.25136612022,154000000,hCoV-19/USA/NY-NYUMC617/2020
186,187,0.0057099574404654,40.7293197972659,-73.9063550884556,40.7307272600137,-73.9120796943028,0.0306322577966679,0.0249223003562025,2020.16622849844,2020.17193845588,154000000,NA
187,68,0.0712309430329379,40.7307272600137,-73.9120796943028,40.7901985095708,-73.9736254453243,0.101863200829606,0.0306322577966679,2020.17193845588,2020.24316939891,154000000,hCoV-19/USA/NY-NYUMC310/2020
187,67,0.0384440577831039,40.7307272600137,-73.9120796943028,40.708138189078,-73.7498417418248,0.0690763155797718,0.0306322577966679,2020.17193845588,2020.21038251366,154000000,hCoV-19/USA/NY-NYUMC919/2020
188,70,0.0836479657590702,40.7301554091728,-73.914878667537,40.5966541265131,-74.0001253797246,0.107327681699766,0.0236797159406953,2020.16498591402,2020.24863387978,154000000,hCoV-19/USA/NY-NYUMC144/2020
188,189,0.00899415197402847,40.7301554091728,-73.914878667537,40.7542739239856,-73.9106902484031,0.0326738679147238,0.0236797159406953,2020.16498591402,2020.173980066,154000000,NA
189,194,0.00190943533255108,40.7542739239856,-73.9106902484031,40.7635402878329,-73.9201662055138,0.0345833032472748,0.0326738679147238,2020.173980066,2020.17588950133,154000000,NA
189,190,0.00435685880894923,40.7542739239856,-73.9106902484031,40.7234509994918,-73.9638057522571,0.037030726723673,0.0326738679147238,2020.173980066,2020.17833692481,154000000,NA
190,193,0.0383698317894172,40.7234509994918,-73.9638057522571,40.6665713113567,-73.980790218047,0.0754005585130902,0.037030726723673,2020.17833692481,2020.2167067566,154000000,NA
190,191,0.00889472000455196,40.7234509994918,-73.9638057522571,40.7650354366471,-73.9361039671126,0.045925446728225,0.037030726723673,2020.17833692481,2020.18723164481,154000000,NA
191,192,0.00326982032455778,40.7650354366471,-73.9361039671126,40.7614800700918,-73.9260633656896,0.0491952670527827,0.045925446728225,2020.18723164481,2020.19050146514,154000000,NA
191,71,0.0723311967214094,40.7650354366471,-73.9361039671126,40.6516636679206,-73.8926987998534,0.118256643449634,0.045925446728225,2020.18723164481,2020.25956284153,154000000,hCoV-19/USA/NY-NYUMC286/2020
192,72,0.0581324146469828,40.7614800700918,-73.9260633656896,40.6399725452656,-74.0166689205824,0.107327681699766,0.0491952670527827,2020.19050146514,2020.24863387978,154000000,hCoV-19/USA/NY-NYUMC227/2020
192,73,0.0909192998968169,40.7614800700918,-73.9260633656896,40.8349009397891,-73.8696575822929,0.1401145669496,0.0491952670527827,2020.19050146514,2020.28142076503,154000000,hCoV-19/USA/NY-NYUMC403/2020
193,74,0.0346593636265299,40.6665713113567,-73.980790218047,40.6794533247556,-73.8623804544818,0.11005992213962,0.0754005585130902,2020.2167067566,2020.25136612022,154000000,hCoV-19/USA/NY-NYUMC323/2020
193,75,0.0510528062465584,40.6665713113567,-73.980790218047,40.6112061873269,-73.9869925190621,0.126453364759649,0.0754005585130902,2020.2167067566,2020.26775956284,154000000,hCoV-19/USA/NY-NYUMC362/2020
194,196,0.00138836150026272,40.7635402878329,-73.9201662055138,40.7504940975922,-73.9222066359469,0.0359716647475376,0.0345833032472748,2020.17588950133,2020.17727786283,154000000,NA
194,195,0.0245433576242073,40.7635402878329,-73.9201662055138,40.7594577971832,-73.8867160627987,0.0591266608714821,0.0345833032472748,2020.17588950133,2020.20043285896,154000000,NA
195,77,0.0482010208282834,40.7594577971832,-73.8867160627987,40.7656363422313,-73.8930705278426,0.107327681699766,0.0591266608714821,2020.20043285896,2020.24863387978,154000000,hCoV-19/USA/NY-NYUMC883/2020
195,76,0.0427365399581238,40.7594577971832,-73.8867160627987,40.7455704678325,-73.8352579843952,0.101863200829606,0.0591266608714821,2020.20043285896,2020.24316939891,154000000,hCoV-19/USA/NY-NYUMC521/2020
196,197,0.00303831008845667,40.7504940975922,-73.9222066359469,40.7533170331742,-73.9201164814831,0.0390099748359942,0.0359716647475376,2020.17727786283,2020.18031617292,154000000,NA
196,78,0.0713560169522279,40.7504940975922,-73.9222066359469,40.821853079012,-73.8728960823823,0.107327681699766,0.0359716647475376,2020.17727786283,2020.24863387978,154000000,hCoV-19/USA/NY-NYUMC161/2020
197,85,0.060120985553757,40.7533170331742,-73.9201164814831,40.7147122733967,-73.9840697384067,0.0991309603897512,0.0390099748359942,2020.18031617292,2020.24043715847,154000000,hCoV-19/USA/NY-NYUMC534/2020
197,198,0.000598799880370898,40.7533170331742,-73.9201164814831,40.7558728115093,-73.9229663143535,0.0396087747163651,0.0390099748359942,2020.18031617292,2020.1809149728,154000000,NA
198,201,0.000171133587250072,40.7558728115093,-73.9229663143535,40.7558834948261,-73.9219491595684,0.0397799083036152,0.0396087747163651,2020.1809149728,2020.18108610639,154000000,NA
198,199,0.0163319185667483,40.7558728115093,-73.9229663143535,40.7507738951538,-73.9032225532289,0.0559406932831135,0.0396087747163651,2020.1809149728,2020.19724689137,154000000,NA
199,81,0.0349935457966235,40.7507738951538,-73.9032225532289,40.7072313817539,-73.8251349169622,0.090934239079737,0.0559406932831135,2020.19724689137,2020.23224043716,154000000,hCoV-19/USA/NY-NYUMC743/2020
199,200,0.00568034358382946,40.7507738951538,-73.9032225532289,40.7358481801692,-73.9170483001343,0.061621036866943,0.0559406932831135,2020.19724689137,2020.20292723495,154000000,NA
200,80,0.0402421639626629,40.7358481801692,-73.9170483001343,40.8962883753214,-73.8488124646681,0.101863200829606,0.061621036866943,2020.20292723495,2020.24316939891,154000000,hCoV-19/USA/NY-NYUMC681/2020
200,79,0.0320454426526487,40.7358481801692,-73.9170483001343,40.7649441556046,-73.867069336295,0.0936664795195916,0.061621036866943,2020.20292723495,2020.2349726776,154000000,hCoV-19/USA/NY-NYUMC816/2020
201,202,0.0229359067180382,40.7558834948261,-73.9219491595684,40.7587758042299,-73.9338161208785,0.0627158150216534,0.0397799083036152,2020.18108610639,2020.20402201311,154000000,NA
201,84,0.0292964072761566,40.7558834948261,-73.9219491595684,40.7762420546567,-73.9067702741432,0.0690763155797718,0.0397799083036152,2020.18108610639,2020.21038251366,154000000,hCoV-19/USA/NY-NYUMC64/2020
202,82,0.0610053092981406,40.7587758042299,-73.9338161208785,40.6327177911553,-74.0323329993309,0.123721124319794,0.0627158150216534,2020.20402201311,2020.2650273224,154000000,hCoV-19/USA/NY-NYUMC351/2020
202,83,0.0145572218681326,40.7587758042299,-73.9338161208785,40.7641501850388,-73.9126555323891,0.0772730368897861,0.0627158150216534,2020.20402201311,2020.21857923497,154000000,hCoV-19/USA/NY-NYUMC765/2020
203,204,0.0121848643622048,40.7154606076263,-73.9458527090444,40.6806631776542,-73.9899526408686,0.0339421110673072,0.0217572467051023,2020.16306344479,2020.17524830915,154000000,NA
203,205,0.00544905367405921,40.7154606076263,-73.9458527090444,40.7283455326135,-73.9549955798401,0.0272063003791615,0.0217572467051023,2020.16306344479,2020.16851249846,154000000,NA
204,86,0.0351342045124647,40.6806631776542,-73.9899526408686,40.5835361354102,-74.1897432923967,0.0690763155797718,0.0339421110673072,2020.17524830915,2020.21038251366,154000000,hCoV-19/USA/NY-NYUMC118/2020
204,87,0.0679210897622987,40.6806631776542,-73.9899526408686,40.6749459845957,-73.9359358944072,0.101863200829606,0.0339421110673072,2020.17524830915,2020.24316939891,154000000,hCoV-19/USA/NY-NYUMC301/2020
205,88,0.0828536217604586,40.7283455326135,-73.9549955798401,40.8597367133706,-73.886018871727,0.11005992213962,0.0272063003791615,2020.16851249846,2020.25136612022,154000000,hCoV-19/USA/NY-NYUMC607/2020
205,89,0.0418700152006103,40.7283455326135,-73.9549955798401,40.8281941179378,-73.9267616846938,0.0690763155797718,0.0272063003791615,2020.16851249846,2020.21038251366,154000000,hCoV-19/USA/NY-NYUMC78/2020
206,207,0.000730524381234415,40.7310892796618,-73.928257131084,40.7366909720758,-73.9215866528433,0.0229212764445573,0.0221907520633229,2020.16349695015,2020.16422747453,154000000,NA
206,216,0.010012604625228,40.7310892796618,-73.928257131084,40.7488967259738,-73.8976145798228,0.0322033566885509,0.0221907520633229,2020.16349695015,2020.17350955477,154000000,NA
207,99,0.0789419243850486,40.7366909720758,-73.9215866528433,40.8771773797914,-73.8691373798826,0.101863200829606,0.0229212764445573,2020.16422747453,2020.24316939891,154000000,hCoV-19/USA/NY-NYUMC549/2020
207,208,0.00438687666935633,40.7366909720758,-73.9215866528433,40.7189797569639,-73.9188542982193,0.0273081531139136,0.0229212764445573,2020.16422747453,2020.1686143512,154000000,NA
208,90,0.0499648837758724,40.7189797569639,-73.9188542982193,40.6163990421204,-73.9647743066083,0.0772730368897861,0.0273081531139136,2020.1686143512,2020.21857923497,154000000,hCoV-19/USA/NY-NYUMC710/2020
208,209,0.00299607669677235,40.7189797569639,-73.9188542982193,40.7256716258261,-73.9187397773849,0.030304229810686,0.0273081531139136,2020.1686143512,2020.17161042789,154000000,NA
209,210,0.00295780879312277,40.7256716258261,-73.9187397773849,40.7308730110113,-73.9274737389415,0.0332620386038087,0.030304229810686,2020.17161042789,2020.17456823669,154000000,NA
209,214,0.00472075671661873,40.7256716258261,-73.9187397773849,40.7019116319015,-73.9122505233912,0.0350249865273047,0.030304229810686,2020.17161042789,2020.17633118461,154000000,NA
210,211,0.000816273929418243,40.7308730110113,-73.9274737389415,40.7292139621138,-73.9235458347752,0.034078312533227,0.0332620386038087,2020.17456823669,2020.17538451062,154000000,NA
210,95,0.033082036535881,40.7308730110113,-73.9274737389415,40.7302798560701,-74.0029744895201,0.0663440751396898,0.0332620386038087,2020.17456823669,2020.20765027322,154000000,hCoV-19/USA/NY-NYUMC27/2020
211,213,0.0100876754936975,40.7292139621138,-73.9235458347752,40.7489853989879,-73.9570386291016,0.0441659880269245,0.034078312533227,2020.17538451062,2020.18547218611,154000000,NA
211,212,0.126541039676107,40.7292139621138,-73.9235458347752,40.7325949657362,-73.8613190571919,0.160619352209334,0.034078312533227,2020.17538451062,2020.30192555029,154000000,NA
212,92,0.0505334661003161,40.7325949657362,-73.8613190571919,40.6716029294849,-73.9647051965108,0.21115281830965,0.160619352209334,2020.30192555029,2020.35245901639,154000000,hCoV-19/USA/NY-NYUMC897/2020
212,91,0.0478012256704659,40.7325949657362,-73.8613190571919,40.7173091604636,-73.827997629047,0.2084205778798,0.160619352209334,2020.30192555029,2020.34972677596,154000000,hCoV-19/USA/NY-NYUMC893/2020
213,94,0.115074261982786,40.7489853989879,-73.9570386291016,40.8802618065014,-73.9136062455795,0.15924025000971,0.0441659880269245,2020.18547218611,2020.30054644809,154000000,hCoV-19/USA/NY-NYUMC457/2020
213,93,0.0658939341126956,40.7489853989879,-73.9570386291016,40.7619534591867,-73.9257877196577,0.11005992213962,0.0441659880269245,2020.18547218611,2020.25136612022,154000000,hCoV-19/USA/NY-NYUMC594/2020
214,98,0.0586414929922869,40.7019116319015,-73.9122505233912,40.6688046807674,-73.7778079124982,0.0936664795195916,0.0350249865273047,2020.17633118461,2020.2349726776,154000000,hCoV-19/USA/NY-NYUMC811/2020
214,215,0.0021283605148027,40.7019116319015,-73.9122505233912,40.6919423705133,-73.9429806558399,0.0371533470421074,0.0350249865273047,2020.17633118461,2020.17845954513,154000000,NA
215,96,0.0647098537874985,40.6919423705133,-73.9429806558399,40.7211136281707,-73.9795416681888,0.101863200829606,0.0371533470421074,2020.17845954513,2020.24316939891,154000000,hCoV-19/USA/NY-NYUMC568/2020
215,97,0.0947644985974779,40.6919423705133,-73.9429806558399,40.7849678433619,-73.8515921671349,0.131917845639585,0.0371533470421074,2020.17845954513,2020.27322404372,154000000,hCoV-19/USA/NY-NYUMC654/2020
216,217,0.0211794715514309,40.7488967259738,-73.8976145798228,40.7638764912597,-73.9687399740801,0.0533828282399817,0.0322033566885509,2020.17350955477,2020.19468902632,154000000,NA
216,102,0.069659844141055,40.7488967259738,-73.8976145798228,40.7183470731248,-73.7716401273386,0.101863200829606,0.0322033566885509,2020.17350955477,2020.24316939891,154000000,hCoV-19/USA/NY-NYUMC583/2020
217,100,0.0402836512796099,40.7638764912597,-73.9687399740801,40.8479430292651,-73.9198629133241,0.0936664795195916,0.0533828282399817,2020.19468902632,2020.2349726776,154000000,hCoV-19/USA/NY-NYUMC792/2020
217,101,0.0484803725896241,40.7638764912597,-73.9687399740801,40.7498020444357,-74.0088831553204,0.101863200829606,0.0533828282399817,2020.19468902632,2020.24316939891,154000000,hCoV-19/USA/NY-NYUMC503/2020
218,219,0.00196527485014406,40.7070149764655,-73.9345496444309,40.7099752668585,-73.9221739333625,0.0234163358108816,0.0214510609607375,2020.16275725904,2020.16472253389,154000000,NA
218,229,0.0049709631714924,40.7070149764655,-73.9345496444309,40.7011113618114,-73.927036592283,0.0264220241322299,0.0214510609607375,2020.16275725904,2020.16772822222,154000000,NA
219,226,0.00594841169340751,40.7099752668585,-73.9221739333625,40.7029664960878,-73.9278513065499,0.0293647475042891,0.0234163358108816,2020.16472253389,2020.17067094559,154000000,NA
219,220,0.00013748247790199,40.7099752668585,-73.9221739333625,40.7049733005513,-73.927078764575,0.0235538182887836,0.0234163358108816,2020.16472253389,2020.16486001637,154000000,NA
220,103,0.0701126612308081,40.7049733005513,-73.927078764575,40.700962746593,-73.8282086309938,0.0936664795195916,0.0235538182887836,2020.16486001637,2020.2349726776,154000000,hCoV-19/USA/NY-NYUMC802/2020
220,221,0.00264675028916678,40.7049733005513,-73.927078764575,40.7048297162603,-73.9207523160302,0.0262005685779503,0.0235538182887836,2020.16486001637,2020.16750676666,154000000,NA
221,222,0.0173353480465719,40.7048297162603,-73.9207523160302,40.6326491478227,-73.891816323074,0.0435359166245222,0.0262005685779503,2020.16750676666,2020.18484211471,154000000,NA
221,224,0.00263248253110096,40.7048297162603,-73.9207523160302,40.7095298528853,-73.9050435303321,0.0288330511090513,0.0262005685779503,2020.16750676666,2020.17013924919,154000000,NA
222,104,0.0310048798351862,40.6326491478227,-73.891816323074,40.5883985697093,-73.9393607944483,0.0745407964597085,0.0435359166245222,2020.18484211471,2020.21584699454,154000000,hCoV-19/USA/NY-NYUMC724/2020
222,223,0.0412995823590536,40.6326491478227,-73.891816323074,40.6398725413287,-73.9069625912665,0.0848354989835759,0.0435359166245222,2020.18484211471,2020.22614169707,154000000,NA
223,105,0.0744047510261342,40.6398725413287,-73.9069625912665,40.6782158675139,-73.987952152472,0.15924025000971,0.0848354989835759,2020.22614169707,2020.30054644809,154000000,hCoV-19/USA/NY-NYUMC472/2020
223,106,0.01702770184603,40.6398725413287,-73.9069625912665,40.5935968086758,-73.9473715921304,0.101863200829606,0.0848354989835759,2020.22614169707,2020.24316939891,154000000,hCoV-19/USA/NY-NYUMC588/2020
224,109,0.0839591114706509,40.7095298528853,-73.9050435303321,40.5931745303049,-73.7726750441845,0.112792162579702,0.0288330511090513,2020.17013924919,2020.25409836066,154000000,hCoV-19/USA/NY-NYUMC603/2020
224,225,0.00456611181837246,40.7095298528853,-73.9050435303321,40.7168445676967,-73.9012891514234,0.0333991629274238,0.0288330511090513,2020.17013924919,2020.17470536101,154000000,NA
225,108,0.082125240082356,40.7168445676967,-73.9012891514234,40.6083150762306,-74.0300277484271,0.11552440300978,0.0333991629274238,2020.17470536101,2020.25683060109,154000000,hCoV-19/USA/NY-NYUMC277/2020
225,107,0.0848574805222106,40.7168445676967,-73.9012891514234,40.6223228014726,-74.0349354558214,0.118256643449634,0.0333991629274238,2020.17470536101,2020.25956284153,154000000,hCoV-19/USA/NY-NYUMC253/2020
226,110,0.0397115680754827,40.7029664960878,-73.9278513065499,40.7523738858961,-73.9833415340605,0.0690763155797718,0.0293647475042891,2020.17067094559,2020.21038251366,154000000,hCoV-19/USA/NY-NYUMC221/2020
226,227,0.00538438172368602,40.7029664960878,-73.9278513065499,40.7303618063054,-73.9719543972188,0.0347491292279751,0.0293647475042891,2020.17067094559,2020.17605532731,154000000,NA
227,228,0.0393959331781435,40.7303618063054,-73.9719543972188,40.7231992360421,-74.0219773773402,0.0741450624061186,0.0347491292279751,2020.17605532731,2020.21545126049,154000000,NA
227,111,0.0671140716016308,40.7303618063054,-73.9719543972188,40.6484592960247,-73.9665650271191,0.101863200829606,0.0347491292279751,2020.17605532731,2020.24316939891,154000000,hCoV-19/USA/NY-NYUMC501/2020
228,112,0.0331826192936469,40.7231992360421,-74.0219773773402,40.7466786442837,-73.9776006671521,0.107327681699766,0.0741450624061186,2020.21545126049,2020.24863387978,154000000,hCoV-19/USA/NY-NYUMC183/2020
228,113,0.0878274280336691,40.7231992360421,-74.0219773773402,40.7774060764558,-73.9894444473099,0.161972490439788,0.0741450624061186,2020.21545126049,2020.30327868852,154000000,hCoV-19/USA/NY-NYUMC895/2020
229,114,0.075441176697376,40.7011113618114,-73.927036592283,40.7323412371713,-73.9765548106413,0.101863200829606,0.0264220241322299,2020.16772822222,2020.24316939891,154000000,hCoV-19/USA/NY-NYUMC415/2020
229,115,0.0426542914475419,40.7011113618114,-73.927036592283,40.7141598779191,-74.0113391355559,0.0690763155797718,0.0264220241322299,2020.16772822222,2020.21038251366,154000000,hCoV-19/USA/NY-NYUMC674/2020
