node1,node2,length,startLat,startLon,endLat,endLon,endNodeL,startNodeL,startYear,endYear,treeID,tipLabel
116,117,0.00323716595728435,40.7440520891903,-73.9020232482436,40.7292469516294,-73.9399401529073,0.00323716595728435,0,2020.14161045249,2020.14484761845,703000000,NA
116,202,0.0112416183394426,40.7440520891903,-73.9020232482436,40.7500811064015,-73.9021982405169,0.0112416183394426,0,2020.14161045249,2020.15285207083,703000000,NA
117,118,0.00337321015427167,40.7292469516294,-73.9399401529073,40.7365977118702,-73.9233852318076,0.00661037611155602,0.00323716595728435,2020.14484761845,2020.1482208286,703000000,NA
117,176,0.00126110535973628,40.7292469516294,-73.9399401529073,40.7219750604304,-73.9216056440627,0.00449827131702063,0.00323716595728435,2020.14484761845,2020.14610872381,703000000,NA
118,122,0.00431437081791228,40.7365977118702,-73.9233852318076,40.7177854003311,-73.9083374332118,0.0109247469294683,0.00661037611155602,2020.1482208286,2020.15253519942,703000000,NA
118,119,0.00975124169955149,40.7365977118702,-73.9233852318076,40.7444225201564,-73.9244433690167,0.0163616178111075,0.00661037611155602,2020.1482208286,2020.1579720703,703000000,NA
119,120,0.0219339320980473,40.7444225201564,-73.9244433690167,40.7608053636183,-73.8823718427013,0.0382955499091548,0.0163616178111075,2020.1579720703,2020.1799060024,703000000,NA
119,121,0.000390699218394602,40.7444225201564,-73.9244433690167,40.7321712780716,-73.9333303325517,0.0167523170295021,0.0163616178111075,2020.1579720703,2020.15836276952,703000000,NA
120,1,0.0304765112653878,40.7608053636183,-73.8823718427013,40.8762876680981,-73.9026105215071,0.0687720611745426,0.0382955499091548,2020.1799060024,2020.21038251366,703000000,hCoV-19/USA/NY-NYUMC38/2020
120,2,0.052334434765353,40.7608053636183,-73.8823718427013,40.7079503176133,-73.9442355657876,0.0906299846745078,0.0382955499091548,2020.1799060024,2020.23224043716,703000000,hCoV-19/USA/NY-NYUMC734/2020
121,3,0.0574842250249771,40.7321712780716,-73.9333303325517,40.591617253962,-74.1238509629819,0.0742365420544792,0.0167523170295021,2020.15836276952,2020.21584699454,703000000,hCoV-19/USA/NY-NYUMC916/2020
121,4,0.0875388698249521,40.7321712780716,-73.9333303325517,40.7086396565438,-73.848961127929,0.104291186854454,0.0167523170295021,2020.15836276952,2020.24590163934,703000000,hCoV-19/USA/NY-NYUMC560/2020
122,123,0.0275154658069138,40.7177854003311,-73.9083374332118,40.6852515621678,-73.9268174116873,0.0384402127363821,0.0109247469294683,2020.15253519942,2020.18005066523,703000000,NA
122,127,0.000317687371421904,40.7177854003311,-73.9083374332118,40.7194529586391,-73.9035620149168,0.0112424343008902,0.0109247469294683,2020.15253519942,2020.15285288679,703000000,NA
123,9,0.0385285697481747,40.6852515621678,-73.9268174116873,40.6163990421204,-73.9647743066083,0.0769687824845568,0.0384402127363821,2020.18005066523,2020.21857923497,703000000,hCoV-19/USA/NY-NYUMC710/2020
123,124,0.00522632564936157,40.6852515621678,-73.9268174116873,40.71870689717,-73.9122997426191,0.0436665383857437,0.0384402127363821,2020.18005066523,2020.18527699087,703000000,NA
124,8,0.057892408038633,40.71870689717,-73.9122997426191,40.6749459845957,-73.9359358944072,0.101558946424377,0.0436665383857437,2020.18527699087,2020.24316939891,703000000,hCoV-19/USA/NY-NYUMC301/2020
124,125,0.00150134535367702,40.71870689717,-73.9122997426191,40.7250572434275,-73.9087300264606,0.0451678837394207,0.0436665383857437,2020.18527699087,2020.18677833623,703000000,NA
125,7,0.0481943413749417,40.7250572434275,-73.9087300264606,40.6688046807674,-73.7778079124982,0.0933622251143624,0.0451678837394207,2020.18677833623,2020.2349726776,703000000,hCoV-19/USA/NY-NYUMC811/2020
125,126,0.000412057083783557,40.7250572434275,-73.9087300264606,40.7209652048641,-73.9091276760674,0.0455799408232042,0.0451678837394207,2020.18677833623,2020.18719039331,703000000,NA
126,5,0.0641757269111867,40.7209652048641,-73.9091276760674,40.8597367133706,-73.886018871727,0.109755667734391,0.0455799408232042,2020.18719039331,2020.25136612022,703000000,hCoV-19/USA/NY-NYUMC607/2020
126,6,0.0559790056011724,40.7209652048641,-73.9091276760674,40.8771773797914,-73.8691373798826,0.101558946424377,0.0455799408232042,2020.18719039331,2020.24316939891,703000000,hCoV-19/USA/NY-NYUMC549/2020
127,128,0.00207083295181387,40.7194529586391,-73.9035620149168,40.7236499515099,-73.9008567816954,0.0133132672527041,0.0112424343008902,2020.15285288679,2020.15492371974,703000000,NA
127,140,0.00474681664955667,40.7194529586391,-73.9035620149168,40.7236674245064,-73.9036625817811,0.0159892509504469,0.0112424343008902,2020.15285288679,2020.15759970344,703000000,NA
128,135,0.0264422902958749,40.7236499515099,-73.9008567816954,40.7631223450806,-73.9084245863266,0.039755557548579,0.0133132672527041,2020.15492371974,2020.18136601004,703000000,NA
128,129,0.0025820523958934,40.7236499515099,-73.9008567816954,40.7033310384739,-73.9013609377511,0.0158953196485975,0.0133132672527041,2020.15492371974,2020.15750577214,703000000,NA
129,10,0.0965925885258755,40.7033310384739,-73.9013609377511,40.6081078999332,-73.9834686626581,0.112487908174473,0.0158953196485975,2020.15750577214,2020.25409836066,703000000,hCoV-19/USA/NY-NYUMC246/2020
129,130,7.45397926023295e-05,40.7033310384739,-73.9013609377511,40.7018394744258,-73.9025379528148,0.0159698594411998,0.0158953196485975,2020.15750577214,2020.15758031193,703000000,NA
130,16,0.074660125233308,40.7018394744258,-73.9025379528148,40.7124989006906,-73.7788014686599,0.0906299846745078,0.0159698594411998,2020.15758031193,2020.23224043716,703000000,hCoV-19/USA/NY-NYUMC708/2020
130,131,0.000243719324166086,40.7018394744258,-73.9025379528148,40.7054853433807,-73.8980130195493,0.0162135787653659,0.0159698594411998,2020.15758031193,2020.15782403125,703000000,NA
131,132,0.0309606205210214,40.7054853433807,-73.8980130195493,40.7387739908992,-73.9336786899297,0.0471741992863873,0.0162135787653659,2020.15782403125,2020.18878465178,703000000,NA
131,133,0.0223025667758117,40.7054853433807,-73.8980130195493,40.7233673613754,-73.7829891537591,0.0385161455411776,0.0162135787653659,2020.15782403125,2020.18012659803,703000000,NA
132,12,0.0598492280081489,40.7387739908992,-73.9336786899297,40.8299470562498,-73.9078920040658,0.107023427294536,0.0471741992863873,2020.18878465178,2020.24863387978,703000000,hCoV-19/USA/NY-NYUMC199/2020
132,11,0.0461880258279751,40.7387739908992,-73.9336786899297,40.8177010134899,-73.8312716311785,0.0933622251143624,0.0471741992863873,2020.18878465178,2020.2349726776,703000000,hCoV-19/USA/NY-NYUMC825/2020
133,15,0.0521138391333301,40.7233673613754,-73.7829891537591,40.7214057032357,-73.7989507193224,0.0906299846745078,0.0385161455411776,2020.18012659803,2020.23224043716,703000000,hCoV-19/USA/NY-NYUMC706/2020
133,134,0.00459542869620685,40.7233673613754,-73.7829891537591,40.7186802062831,-73.8137794045941,0.0431115742373845,0.0385161455411776,2020.18012659803,2020.18472202673,703000000,NA
134,13,0.0584473721869922,40.7186802062831,-73.8137794045941,40.8918671142442,-73.8595977191749,0.101558946424377,0.0431115742373845,2020.18472202673,2020.24316939891,703000000,hCoV-19/USA/NY-NYUMC524/2020
134,14,0.0475184104371233,40.7186802062831,-73.8137794045941,40.6782883512615,-73.9641616039469,0.0906299846745078,0.0431115742373845,2020.18472202673,2020.23224043716,703000000,hCoV-19/USA/NY-NYUMC755/2020
135,136,0.00219475097786334,40.7631223450806,-73.9084245863266,40.737981427737,-73.9035513911905,0.0419503085264423,0.039755557548579,2020.18136601004,2020.18356076102,703000000,NA
135,139,0.00665558286344325,40.7631223450806,-73.9084245863266,40.7208122474149,-73.9155113041331,0.0464111404120222,0.039755557548579,2020.18136601004,2020.1880215929,703000000,NA
136,20,0.0596086378979343,40.737981427737,-73.9035513911905,40.6816690112425,-73.800780147207,0.101558946424377,0.0419503085264423,2020.18356076102,2020.24316939891,703000000,hCoV-19/USA/NY-NYUMC567/2020
136,137,0.00531534103983672,40.737981427737,-73.9035513911905,40.7503888490926,-73.8852093954436,0.047265649566279,0.0419503085264423,2020.18356076102,2020.18887610206,703000000,NA
137,19,0.0542932968580976,40.7503888490926,-73.8852093954436,40.8819720108401,-73.866318883948,0.101558946424377,0.047265649566279,2020.18887610206,2020.24316939891,703000000,hCoV-19/USA/NY-NYUMC517/2020
137,138,0.000165622578909591,40.7503888490926,-73.8852093954436,40.7570099127396,-73.8776674306653,0.0474312721451886,0.047265649566279,2020.18887610206,2020.18904172463,703000000,NA
138,17,0.0595921551493476,40.7570099127396,-73.8776674306653,40.6374920734337,-74.0091464591969,0.107023427294536,0.0474312721451886,2020.18904172463,2020.24863387978,703000000,hCoV-19/USA/NY-NYUMC158/2020
138,18,0.0268052699092906,40.7570099127396,-73.8776674306653,40.7346805563875,-73.9226783846122,0.0742365420544792,0.0474312721451886,2020.18904172463,2020.21584699454,703000000,hCoV-19/USA/NY-NYUMC748/2020
139,21,0.14804398087237,40.7208122474149,-73.9155113041331,40.7335534857999,-73.9756898436462,0.194455121284393,0.0464111404120222,2020.1880215929,2020.33606557377,703000000,hCoV-19/USA/NY-NYUMC843/2020
139,22,0.0933991721323481,40.7208122474149,-73.9155113041331,40.6567039733594,-73.8693522558567,0.13981031254437,0.0464111404120222,2020.1880215929,2020.28142076503,703000000,hCoV-19/USA/NY-NYUMC394/2020
140,141,0.000402431726010288,40.7236674245064,-73.9036625817811,40.7263176230113,-73.9075082721468,0.0163916826764572,0.0159892509504469,2020.15759970344,2020.15800213517,703000000,NA
140,154,0.000490097575997911,40.7236674245064,-73.9036625817811,40.7036145160436,-73.9130141125295,0.0164793485264448,0.0159892509504469,2020.15759970344,2020.15808980102,703000000,NA
141,142,0.000109697562982597,40.7263176230113,-73.9075082721468,40.7276161711197,-73.9064058355958,0.0165013802394398,0.0163916826764572,2020.15800213517,2020.15811183273,703000000,NA
141,143,0.000278460107963591,40.7263176230113,-73.9075082721468,40.7279165758342,-73.9045765421781,0.0166701427844207,0.0163916826764572,2020.15800213517,2020.15828059527,703000000,NA
142,24,0.0768608448749226,40.7276161711197,-73.9064058355958,40.7649441556046,-73.867069336295,0.0933622251143624,0.0165013802394398,2020.15811183273,2020.2349726776,703000000,hCoV-19/USA/NY-NYUMC816/2020
142,23,0.0522706809351028,40.7276161711197,-73.9064058355958,40.7762420546567,-73.9067702741432,0.0687720611745426,0.0165013802394398,2020.15811183273,2020.21038251366,703000000,hCoV-19/USA/NY-NYUMC64/2020
143,36,0.101282246259984,40.7279165758342,-73.9045765421781,40.6516636679206,-73.8926987998534,0.117952389044405,0.0166701427844207,2020.15828059527,2020.25956284153,703000000,hCoV-19/USA/NY-NYUMC286/2020
143,144,0.00234550979711043,40.7279165758342,-73.9045765421781,40.7276329258308,-73.908979234884,0.0190156525815312,0.0166701427844207,2020.15828059527,2020.16062610507,703000000,NA
144,35,0.107133457772888,40.7276329258308,-73.908979234884,40.6112061873269,-73.9869925190621,0.126149110354419,0.0190156525815312,2020.16062610507,2020.26775956284,703000000,hCoV-19/USA/NY-NYUMC362/2020
144,145,0.00291399338349699,40.7276329258308,-73.908979234884,40.7178300794058,-73.9102301861523,0.0219296459650282,0.0190156525815312,2020.16062610507,2020.16354009845,703000000,NA
145,146,0.0176079464982574,40.7178300794058,-73.9102301861523,40.6848420532998,-73.9903079678867,0.0395375924632856,0.0219296459650282,2020.16354009845,2020.18114804495,703000000,NA
145,150,0.019770337852799,40.7178300794058,-73.9102301861523,40.7669435929384,-73.9162610275962,0.0416999838178271,0.0219296459650282,2020.16354009845,2020.18331043631,703000000,NA
146,29,0.122130643571273,40.6848420532998,-73.9903079678867,40.7774060764558,-73.9894444473099,0.161668236034558,0.0395375924632856,2020.18114804495,2020.30327868852,703000000,hCoV-19/USA/NY-NYUMC895/2020
146,147,0.00123134073547398,40.6848420532998,-73.9903079678867,40.6697825335743,-73.9989009083654,0.0407689331987596,0.0395375924632856,2020.18114804495,2020.18237938569,703000000,NA
147,25,0.0662544940957767,40.6697825335743,-73.9989009083654,40.6399725452656,-74.0166689205824,0.107023427294536,0.0407689331987596,2020.18237938569,2020.24863387978,703000000,hCoV-19/USA/NY-NYUMC227/2020
147,148,0.00454841310786078,40.6697825335743,-73.9989009083654,40.6672494910224,-73.9625471842992,0.0453173463066203,0.0407689331987596,2020.18237938569,2020.1869277988,703000000,NA
148,149,0.00165286592988689,40.6672494910224,-73.9625471842992,40.6605883631038,-73.9767386928842,0.0469702122365072,0.0453173463066203,2020.1869277988,2020.18858066473,703000000,NA
148,28,0.0562416001177563,40.6672494910224,-73.9625471842992,40.7323412371713,-73.9765548106413,0.101558946424377,0.0453173463066203,2020.1869277988,2020.24316939891,703000000,hCoV-19/USA/NY-NYUMC415/2020
149,26,0.060053215058029,40.6605883631038,-73.9767386928842,40.5966541265131,-74.0001253797246,0.107023427294536,0.0469702122365072,2020.18858066473,2020.24863387978,703000000,hCoV-19/USA/NY-NYUMC144/2020
149,27,0.0518564937480148,40.6605883631038,-73.9767386928842,40.7147122733967,-73.9840697384067,0.098826705984522,0.0469702122365072,2020.18858066473,2020.24043715847,703000000,hCoV-19/USA/NY-NYUMC534/2020
150,34,0.089913607416529,40.7669435929384,-73.9162610275962,40.6890020138941,-73.9017511709742,0.131613591234356,0.0416999838178271,2020.18331043631,2020.27322404372,703000000,hCoV-19/USA/NY-NYUMC655/2020
150,151,0.00248429171961626,40.7669435929384,-73.9162610275962,40.7551393221235,-73.9147812889555,0.0441842755374434,0.0416999838178271,2020.18331043631,2020.18579472803,703000000,NA
151,33,0.0655713921969475,40.7551393221235,-73.9147812889555,40.8501959648434,-73.9046874548666,0.109755667734391,0.0441842755374434,2020.18579472803,2020.25136612022,703000000,hCoV-19/USA/NY-NYUMC613/2020
151,152,0.000846104860854013,40.7551393221235,-73.9147812889555,40.7391216936975,-73.9245489027193,0.0450303803982974,0.0441842755374434,2020.18579472803,2020.18664083289,703000000,NA
152,153,0.00101178017997539,40.7391216936975,-73.9245489027193,40.7454833115469,-73.9412216094456,0.0460421605782728,0.0450303803982974,2020.18664083289,2020.18765261307,703000000,NA
152,30,0.0647252873360935,40.7391216936975,-73.9245489027193,40.8316369096351,-73.9180837614849,0.109755667734391,0.0450303803982974,2020.18664083289,2020.25136612022,703000000,hCoV-19/USA/NY-NYUMC621/2020
153,32,0.0746424689062144,40.7454833115469,-73.9412216094456,40.5502173307943,-74.1449480700235,0.120684629484487,0.0460421605782728,2020.18765261307,2020.26229508197,703000000,hCoV-19/USA/NY-NYUMC231/2020
153,31,0.0555167858461039,40.7454833115469,-73.9412216094456,40.8834703978805,-73.9117501296647,0.101558946424377,0.0460421605782728,2020.18765261307,2020.24316939891,703000000,hCoV-19/USA/NY-NYUMC519/2020
154,155,0.000489308513426073,40.7036145160436,-73.9130141125295,40.6965289467411,-73.9128982726177,0.0169686570398709,0.0164793485264448,2020.15808980102,2020.15857910953,703000000,NA
154,163,0.000405527382125265,40.7036145160436,-73.9130141125295,40.7076207488403,-73.9099691044414,0.01688487590857,0.0164793485264448,2020.15808980102,2020.1584953284,703000000,NA
155,156,0.00759135496708166,40.6965289467411,-73.9128982726177,40.7471016251587,-73.9101019270682,0.0245600120069525,0.0169686570398709,2020.15857910953,2020.1661704645,703000000,NA
155,45,0.100983732004534,40.6965289467411,-73.9128982726177,40.6223228014726,-74.0349354558214,0.117952389044405,0.0169686570398709,2020.15857910953,2020.25956284153,703000000,hCoV-19/USA/NY-NYUMC253/2020
156,158,0.0171686319792013,40.7471016251587,-73.9101019270682,40.7102413420402,-73.8877093860851,0.0417286439861539,0.0245600120069525,2020.1661704645,2020.18333909648,703000000,NA
156,157,0.0194279481460768,40.7471016251587,-73.9101019270682,40.7854974933129,-73.9117915930568,0.0439879601530293,0.0245600120069525,2020.1661704645,2020.18559841264,703000000,NA
157,38,0.0575709862713473,40.7854974933129,-73.9117915930568,40.5935968086758,-73.9473715921304,0.101558946424377,0.0439879601530293,2020.18559841264,2020.24316939891,703000000,hCoV-19/USA/NY-NYUMC588/2020
157,37,0.0684999480214436,40.7854974933129,-73.9117915930568,40.7533086534691,-73.910799315166,0.112487908174473,0.0439879601530293,2020.18559841264,2020.25409836066,703000000,hCoV-19/USA/NY-NYUMC644/2020
158,159,0.00196381003954935,40.7102413420402,-73.8877093860851,40.7122678301475,-73.8686582843139,0.0436924540257032,0.0417286439861539,2020.18333909648,2020.18530290651,703000000,NA
158,160,0.00145957961576398,40.7102413420402,-73.8877093860851,40.7144905605081,-73.8911155138813,0.0431882236019178,0.0417286439861539,2020.18333909648,2020.18479867609,703000000,NA
159,39,0.0851888967687982,40.7122678301475,-73.8686582843139,40.7437375091091,-73.8351008711859,0.128881350794501,0.0436924540257032,2020.18530290651,2020.27049180328,703000000,hCoV-19/USA/NY-NYUMC364/2020
159,40,0.115243541578778,40.7122678301475,-73.8686582843139,40.8802618065014,-73.9136062455795,0.158935995604481,0.0436924540257032,2020.18530290651,2020.30054644809,703000000,hCoV-19/USA/NY-NYUMC457/2020
160,161,0.000619042622729576,40.7144905605081,-73.8911155138813,40.7163400451115,-73.8902113901366,0.0438072662246474,0.0431882236019178,2020.18479867609,2020.18541771871,703000000,NA
160,41,0.0310483184525614,40.7144905605081,-73.8911155138813,40.5883985697093,-73.9393607944483,0.0742365420544792,0.0431882236019178,2020.18479867609,2020.21584699454,703000000,hCoV-19/USA/NY-NYUMC724/2020
161,162,0.00317799390397466,40.7163400451115,-73.8902113901366,40.7308834595326,-73.8865021481058,0.0469852601286221,0.0438072662246474,2020.18541771871,2020.18859571262,703000000,NA
161,44,0.115128729379833,40.7163400451115,-73.8902113901366,40.6685054548865,-73.8290085446559,0.158935995604481,0.0438072662246474,2020.18541771871,2020.30054644809,703000000,hCoV-19/USA/NY-NYUMC455/2020
162,42,0.084628331105734,40.7308834595326,-73.8865021481058,40.7849678433619,-73.8515921671349,0.131613591234356,0.0469852601286221,2020.18859571262,2020.27322404372,703000000,hCoV-19/USA/NY-NYUMC654/2020
162,43,0.0600381671659142,40.7308834595326,-73.8865021481058,40.7656363422313,-73.8930705278426,0.107023427294536,0.0469852601286221,2020.18859571262,2020.24863387978,703000000,hCoV-19/USA/NY-NYUMC883/2020
163,164,0.00264807799826292,40.7076207488403,-73.9099691044414,40.7119203537241,-73.9108826436409,0.019532953906833,0.01688487590857,2020.1584953284,2020.1611434064,703000000,NA
163,173,0.0206525062393092,40.7076207488403,-73.9099691044414,40.7053778182001,-73.8315853455401,0.0375373821478793,0.01688487590857,2020.1584953284,2020.17914783464,703000000,NA
164,165,0.00345286889064025,40.7119203537241,-73.9108826436409,40.6847030212821,-73.943638061035,0.0229858227974732,0.019532953906833,2020.1611434064,2020.16459627529,703000000,NA
164,167,0.0215822809870952,40.7119203537241,-73.9108826436409,40.7119831252104,-73.8886670192657,0.0411152348939282,0.019532953906833,2020.1611434064,2020.18272568738,703000000,NA
165,48,0.084037604497063,40.6847030212821,-73.943638061035,40.821853079012,-73.8728960823823,0.107023427294536,0.0229858227974732,2020.16459627529,2020.24863387978,703000000,hCoV-19/USA/NY-NYUMC161/2020
165,166,0.0238257383357404,40.6847030212821,-73.943638061035,40.6578059920791,-73.9197199942447,0.0468115611332136,0.0229858227974732,2020.16459627529,2020.18842201362,703000000,NA
166,46,0.0520151448513084,40.6578059920791,-73.9197199942447,40.6084915303842,-73.996167568417,0.098826705984522,0.0468115611332136,2020.18842201362,2020.24043715847,703000000,hCoV-19/USA/NY-NYUMC529/2020
166,47,0.0656763470412594,40.6578059920791,-73.9197199942447,40.6476911966454,-73.9316369210788,0.112487908174473,0.0468115611332136,2020.18842201362,2020.25409836066,703000000,hCoV-19/USA/NY-NYUMC218/2020
167,168,0.000393057482767772,40.7119831252104,-73.8886670192657,40.7187088192688,-73.8804946972579,0.041508292376696,0.0411152348939282,2020.18272568738,2020.18311874487,703000000,NA
167,55,0.0604437115304485,40.7119831252104,-73.8886670192657,40.7901985095708,-73.9736254453243,0.101558946424377,0.0411152348939282,2020.18272568738,2020.24316939891,703000000,hCoV-19/USA/NY-NYUMC310/2020
168,169,0.00594005007160089,40.7187088192688,-73.8804946972579,40.7523998447367,-73.8701491740957,0.0474483424482968,0.041508292376696,2020.18311874487,2020.18905879494,703000000,NA
168,170,0.000985708802886814,40.7187088192688,-73.8804946972579,40.726365730161,-73.8826221808099,0.0424940011795828,0.041508292376696,2020.18311874487,2020.18410445367,703000000,NA
169,50,0.0213237187262457,40.7523998447367,-73.8701491740957,40.7743593408759,-73.8995054090954,0.0687720611745426,0.0474483424482968,2020.18905879494,2020.21038251366,703000000,hCoV-19/USA/NY-NYUMC72/2020
169,49,0.160667981026274,40.7523998447367,-73.8701491740957,40.8185649072773,-73.8731335848325,0.208116323474571,0.0474483424482968,2020.18905879494,2020.34972677596,703000000,hCoV-19/USA/NY-NYUMC914/2020
170,54,0.048135983494925,40.726365730161,-73.8826221808099,40.7072313817539,-73.8251349169622,0.0906299846745078,0.0424940011795828,2020.18410445367,2020.23224043716,703000000,hCoV-19/USA/NY-NYUMC743/2020
170,171,0.0030381412960141,40.726365730161,-73.8826221808099,40.7232994066494,-73.8985225754901,0.0455321424755969,0.0424940011795828,2020.18410445367,2020.18714259496,703000000,NA
171,51,0.0669557656988761,40.7232994066494,-73.8985225754901,40.5931745303049,-73.7726750441845,0.112487908174473,0.0455321424755969,2020.18714259496,2020.25409836066,703000000,hCoV-19/USA/NY-NYUMC603/2020
171,172,0.00186368382370192,40.7232994066494,-73.8985225754901,40.7240561159128,-73.8892510427008,0.0473958262992988,0.0455321424755969,2020.18714259496,2020.18900627879,703000000,NA
172,52,0.0623598414350921,40.7240561159128,-73.8892510427008,40.6939227168328,-73.7538659411165,0.109755667734391,0.0473958262992988,2020.18900627879,2020.25136612022,703000000,hCoV-19/USA/NY-NYUMC617/2020
172,53,0.0924144862450716,40.7240561159128,-73.8892510427008,40.8349009397891,-73.8696575822929,0.13981031254437,0.0473958262992988,2020.18900627879,2020.28142076503,703000000,hCoV-19/USA/NY-NYUMC403/2020
173,174,0.00412108245789128,40.7053778182001,-73.8315853455401,40.6918826854771,-73.8395439307779,0.0416584646057706,0.0375373821478793,2020.17914783464,2020.18326891709,703000000,NA
173,59,0.0312346790266633,40.7053778182001,-73.8315853455401,40.708138189078,-73.7498417418248,0.0687720611745426,0.0375373821478793,2020.17914783464,2020.21038251366,703000000,hCoV-19/USA/NY-NYUMC919/2020
174,175,0.00412328587166458,40.6918826854771,-73.8395439307779,40.7129169918366,-73.8466066882246,0.0457817504774351,0.0416584646057706,2020.18326891709,2020.18739220297,703000000,NA
174,56,0.0517037605085919,40.6918826854771,-73.8395439307779,40.6810491288933,-73.762050467689,0.0933622251143624,0.0416584646057706,2020.18326891709,2020.2349726776,703000000,hCoV-19/USA/NY-NYUMC767/2020
175,57,0.0557771959469415,40.7129169918366,-73.8466066882246,40.7455704678325,-73.8352579843952,0.101558946424377,0.0457817504774351,2020.18739220297,2020.24316939891,703000000,hCoV-19/USA/NY-NYUMC521/2020
175,58,0.0475804746369273,40.7129169918366,-73.8466066882246,40.700962746593,-73.8282086309938,0.0933622251143624,0.0457817504774351,2020.18739220297,2020.2349726776,703000000,hCoV-19/USA/NY-NYUMC802/2020
176,177,0.00930730203711877,40.7219750604304,-73.9216056440627,40.7193310779631,-73.9587691390971,0.0138055733541394,0.00449827131702063,2020.14610872381,2020.15541602584,703000000,NA
176,184,0.00978786226187664,40.7219750604304,-73.9216056440627,40.7465038691161,-73.9490660751368,0.0142861335788973,0.00449827131702063,2020.14610872381,2020.15589658607,703000000,NA
177,178,0.0252095560721304,40.7193310779631,-73.9587691390971,40.7281669360217,-73.9173386717604,0.0390151294262698,0.0138055733541394,2020.15541602584,2020.18062558192,703000000,NA
177,179,0.0038981731175132,40.7193310779631,-73.9587691390971,40.7416642955579,-73.9228407845372,0.0177037464716526,0.0138055733541394,2020.15541602584,2020.15931419896,703000000,NA
178,61,0.0543470956880926,40.7281669360217,-73.9173386717604,40.6909318207711,-73.8196724602627,0.0933622251143624,0.0390151294262698,2020.18062558192,2020.2349726776,703000000,hCoV-19/USA/NY-NYUMC788/2020
178,60,0.0625438169981069,40.7281669360217,-73.9173386717604,40.8962883753214,-73.8488124646681,0.101558946424377,0.0390151294262698,2020.18062558192,2020.24316939891,703000000,hCoV-19/USA/NY-NYUMC681/2020
179,180,0.0283911126489794,40.7416642955579,-73.9228407845372,40.7446006871852,-73.9135022646174,0.046094859120632,0.0177037464716526,2020.15931419896,2020.18770531161,703000000,NA
179,181,0.00704128372713672,40.7416642955579,-73.9228407845372,40.7078024734365,-73.9511235965384,0.0247450301987893,0.0177037464716526,2020.15931419896,2020.16635548269,703000000,NA
180,62,0.0308739233639249,40.7446006871852,-73.9135022646174,40.7641501850388,-73.9126555323891,0.0769687824845568,0.046094859120632,2020.18770531161,2020.21857923497,703000000,hCoV-19/USA/NY-NYUMC765/2020
180,63,0.0773220107939328,40.7446006871852,-73.9135022646174,40.6327177911553,-74.0323329993309,0.123416869914565,0.046094859120632,2020.18770531161,2020.2650273224,703000000,hCoV-19/USA/NY-NYUMC351/2020
181,64,0.0850106375356016,40.7078024734365,-73.9511235965384,40.7619534591867,-73.9257877196577,0.109755667734391,0.0247450301987893,2020.16635548269,2020.25136612022,703000000,hCoV-19/USA/NY-NYUMC594/2020
181,182,0.000987171327833963,40.7078024734365,-73.9511235965384,40.7067948634711,-73.9497849011145,0.0257322015266233,0.0247450301987893,2020.16635548269,2020.16734265402,703000000,NA
182,183,0.014078201235743,40.7067948634711,-73.9497849011145,40.675285942063,-73.8819024330585,0.0398104027623663,0.0257322015266233,2020.16734265402,2020.18142085525,703000000,NA
182,65,0.0867557066478497,40.7067948634711,-73.9497849011145,40.6448675988566,-74.0129848272053,0.112487908174473,0.0257322015266233,2020.16734265402,2020.25409836066,703000000,hCoV-19/USA/NY-NYUMC217/2020
183,66,0.0617485436620103,40.675285942063,-73.8819024330585,40.6680304230839,-73.7756889246019,0.101558946424377,0.0398104027623663,2020.18142085525,2020.24316939891,703000000,hCoV-19/USA/NY-NYUMC315/2020
183,67,0.0699452649720246,40.675285942063,-73.8819024330585,40.6794533247556,-73.8623804544818,0.109755667734391,0.0398104027623663,2020.18142085525,2020.25136612022,703000000,hCoV-19/USA/NY-NYUMC323/2020
184,185,0.00253965275313314,40.7465038691161,-73.9490660751368,40.7675426103079,-73.9407383927037,0.0168257863320304,0.0142861335788973,2020.15589658607,2020.15843623882,703000000,NA
184,199,0.00267537288597938,40.7465038691161,-73.9490660751368,40.7438534856696,-73.9592213051952,0.0169615064648767,0.0142861335788973,2020.15589658607,2020.15857195895,703000000,NA
185,186,0.00842094410053931,40.7675426103079,-73.9407383927037,40.7367501453581,-73.9577935858482,0.0252467304325697,0.0168257863320304,2020.15843623882,2020.16685718292,703000000,NA
185,68,0.0519462748425122,40.7675426103079,-73.9407383927037,40.8281941179378,-73.9267616846938,0.0687720611745426,0.0168257863320304,2020.15843623882,2020.21038251366,703000000,hCoV-19/USA/NY-NYUMC78/2020
186,189,0.0153353261214347,40.7367501453581,-73.9577935858482,40.7068168613273,-73.9609078401312,0.0405820565540044,0.0252467304325697,2020.16685718292,2020.18219250904,703000000,NA
186,187,0.0208058952859143,40.7367501453581,-73.9577935858482,40.7560586838168,-73.9685339325035,0.046052625718484,0.0252467304325697,2020.16685718292,2020.18766307821,703000000,NA
187,188,0.000674069384978049,40.7560586838168,-73.9685339325035,40.7581739620333,-73.9670591098956,0.046726695103462,0.046052625718484,2020.18766307821,2020.18833714759,703000000,NA
187,71,0.0637030420159069,40.7560586838168,-73.9685339325035,40.8419164991737,-73.902066652187,0.109755667734391,0.046052625718484,2020.18766307821,2020.25136612022,703000000,hCoV-19/USA/NY-NYUMC637/2020
188,69,0.0193131256309985,40.7581739620333,-73.9670591098956,40.7089801120876,-74.0001597853612,0.0660398207344605,0.046726695103462,2020.18833714759,2020.20765027322,703000000,hCoV-19/USA/NY-NYUMC13/2020
188,70,0.0220453660710805,40.7581739620333,-73.9670591098956,40.7141598779191,-74.0113391355559,0.0687720611745426,0.046726695103462,2020.18833714759,2020.21038251366,703000000,hCoV-19/USA/NY-NYUMC674/2020
189,197,0.000356891076530197,40.7068168613273,-73.9609078401312,40.7031242260439,-73.969414725378,0.0409389476305346,0.0405820565540044,2020.18219250904,2020.18254940012,703000000,NA
189,190,0.000190697811334878,40.7068168613273,-73.9609078401312,40.7106493238181,-73.9587300374146,0.0407727543653393,0.0405820565540044,2020.18219250904,2020.18238320685,703000000,NA
190,193,0.00195992130894673,40.7106493238181,-73.9587300374146,40.7164619009949,-73.9782709398309,0.042732675674286,0.0407727543653393,2020.18238320685,2020.18434312816,703000000,NA
190,191,0.112313273660092,40.7106493238181,-73.9587300374146,40.6977889957154,-73.9753134501435,0.153086028025431,0.0407727543653393,2020.18238320685,2020.29469648051,703000000,NA
191,192,0.000956960440355273,40.6977889957154,-73.9753134501435,40.7153376723207,-73.9703793896594,0.154042988465786,0.153086028025431,2020.29469648051,2020.29565344095,703000000,NA
191,72,0.0577625358789902,40.6977889957154,-73.9753134501435,40.6716029294849,-73.9647051965108,0.210848563904421,0.153086028025431,2020.29469648051,2020.35245901639,703000000,hCoV-19/USA/NY-NYUMC897/2020
192,74,0.0540733350087847,40.7153376723207,-73.9703793896594,40.7173091604636,-73.827997629047,0.208116323474571,0.154042988465786,2020.29565344095,2020.34972677596,703000000,hCoV-19/USA/NY-NYUMC893/2020
192,73,0.00489300713869474,40.7153376723207,-73.9703793896594,40.6782158675139,-73.987952152472,0.158935995604481,0.154042988465786,2020.29565344095,2020.30054644809,703000000,hCoV-19/USA/NY-NYUMC472/2020
193,194,0.00253371564827967,40.7164619009949,-73.9782709398309,40.7422632356539,-73.996190189562,0.0452663913225657,0.042732675674286,2020.18434312816,2020.18687684381,703000000,NA
193,195,0.00221282900651304,40.7164619009949,-73.9782709398309,40.7162874782513,-73.9841071759321,0.0449455046807991,0.042732675674286,2020.18434312816,2020.18655595717,703000000,NA
194,75,0.0617570359719706,40.7422632356539,-73.996190189562,40.7466786442837,-73.9776006671521,0.107023427294536,0.0452663913225657,2020.18687684381,2020.24863387978,703000000,hCoV-19/USA/NY-NYUMC183/2020
194,76,0.056292555101811,40.7422632356539,-73.996190189562,40.6484592960247,-73.9665650271191,0.101558946424377,0.0452663913225657,2020.18687684381,2020.24316939891,703000000,hCoV-19/USA/NY-NYUMC501/2020
195,196,0.000431265605362219,40.7162874782513,-73.9841071759321,40.7136808768468,-73.9822810295128,0.0453767702861613,0.0449455046807991,2020.18655595717,2020.18698722278,703000000,NA
195,77,0.0566134417435776,40.7162874782513,-73.9841071759321,40.7211136281707,-73.9795416681888,0.101558946424377,0.0449455046807991,2020.18655595717,2020.24316939891,703000000,hCoV-19/USA/NY-NYUMC568/2020
196,78,0.0233952908883813,40.7136808768468,-73.9822810295128,40.7523738858961,-73.9833415340605,0.0687720611745426,0.0453767702861613,2020.18698722278,2020.21038251366,703000000,hCoV-19/USA/NY-NYUMC221/2020
196,79,0.0807723400682581,40.7136808768468,-73.9822810295128,40.6312749314594,-74.0271153536648,0.126149110354419,0.0453767702861613,2020.18698722278,2020.26775956284,703000000,hCoV-19/USA/NY-NYUMC337/2020
197,80,0.0742812009740159,40.7031242260439,-73.969414725378,40.6083150762306,-74.0300277484271,0.115220148604551,0.0409389476305346,2020.18254940012,2020.25683060109,703000000,hCoV-19/USA/NY-NYUMC277/2020
197,198,0.00366546177883204,40.7031242260439,-73.969414725378,40.6696727110767,-73.9781146372447,0.0446044094093666,0.0409389476305346,2020.18254940012,2020.1862148619,703000000,NA
198,81,0.0460255752651411,40.6696727110767,-73.9781146372447,40.6197801895252,-74.0207088509375,0.0906299846745078,0.0446044094093666,2020.1862148619,2020.23224043716,703000000,hCoV-19/USA/NY-NYUMC782/2020
198,82,0.0214354113250939,40.6696727110767,-73.9781146372447,40.7302798560701,-74.0029744895201,0.0660398207344605,0.0446044094093666,2020.1862148619,2020.20765027322,703000000,hCoV-19/USA/NY-NYUMC27/2020
199,86,0.0518105547096659,40.7438534856696,-73.9592213051952,40.5835361354102,-74.1897432923967,0.0687720611745426,0.0169615064648767,2020.15857195895,2020.21038251366,703000000,hCoV-19/USA/NY-NYUMC118/2020
199,200,0.0265968020171991,40.7438534856696,-73.9592213051952,40.747757266907,-73.9918254516133,0.0435583084820757,0.0169615064648767,2020.15857195895,2020.18516876097,703000000,NA
200,201,0.00396250055516667,40.747757266907,-73.9918254516133,40.7939629633117,-73.9819486559432,0.0475208090372424,0.0435583084820757,2020.18516876097,2020.18913126153,703000000,NA
200,85,0.058000637942301,40.747757266907,-73.9918254516133,40.7183470731248,-73.7716401273386,0.101558946424377,0.0435583084820757,2020.18516876097,2020.24316939891,703000000,hCoV-19/USA/NY-NYUMC583/2020
201,84,0.04584141607712,40.7939629633117,-73.9819486559432,40.8479430292651,-73.9198629133241,0.0933622251143624,0.0475208090372424,2020.18913126153,2020.2349726776,703000000,hCoV-19/USA/NY-NYUMC792/2020
201,83,0.0540381373871343,40.7939629633117,-73.9819486559432,40.7498020444357,-74.0088831553204,0.101558946424377,0.0475208090372424,2020.18913126153,2020.24316939891,703000000,hCoV-19/USA/NY-NYUMC503/2020
202,208,0.00417242076769112,40.7500811064015,-73.9021982405169,40.7253602989227,-73.9059036012756,0.0154140391071337,0.0112416183394426,2020.15285207083,2020.1570244916,703000000,NA
202,203,0.00415178750249887,40.7500811064015,-73.9021982405169,40.7684736157974,-73.9192917717893,0.0153934058419414,0.0112416183394426,2020.15285207083,2020.15700385833,703000000,NA
203,205,0.0251692779681264,40.7684736157974,-73.9192917717893,40.7654859385425,-73.9289537272002,0.0405626838100678,0.0153934058419414,2020.15700385833,2020.1821731363,703000000,NA
203,204,0.0307975192024923,40.7684736157974,-73.9192917717893,40.7157385099726,-73.8344993972579,0.0461909250444337,0.0153934058419414,2020.15700385833,2020.18780137753,703000000,NA
204,88,0.044439059630074,40.7157385099726,-73.8344993972579,40.7411476384798,-73.8762826664071,0.0906299846745078,0.0461909250444337,2020.18780137753,2020.23224043716,703000000,hCoV-19/USA/NY-NYUMC718/2020
204,87,0.0225811361301088,40.7157385099726,-73.8344993972579,40.7499442186665,-73.7836788835903,0.0687720611745426,0.0461909250444337,2020.18780137753,2020.21038251366,703000000,hCoV-19/USA/NY-NYUMC664/2020
205,206,0.00556980824649567,40.7654859385425,-73.9289537272002,40.796513834163,-73.9210520308586,0.0461324920565635,0.0405626838100678,2020.1821731363,2020.18774294455,703000000,NA
205,207,0.00243339173924653,40.7654859385425,-73.9289537272002,40.7517017701144,-73.9358717580477,0.0429960755493144,0.0405626838100678,2020.1821731363,2020.18460652804,703000000,NA
206,90,0.0226395691179791,40.796513834163,-73.9210520308586,40.8181614505972,-73.9122826088561,0.0687720611745426,0.0461324920565635,2020.18774294455,2020.21038251366,703000000,hCoV-19/USA/NY-NYUMC98/2020
206,89,0.0226395691179791,40.796513834163,-73.9210520308586,40.8382009170989,-73.9312211632961,0.0687720611745426,0.0461324920565635,2020.18774294455,2020.21038251366,703000000,hCoV-19/USA/NY-NYUMC58/2020
207,92,0.0312404665051649,40.7517017701144,-73.9358717580477,40.7462679992842,-73.9839421934153,0.0742365420544792,0.0429960755493144,2020.18460652804,2020.21584699454,703000000,hCoV-19/USA/NY-NYUMC707/2020
207,91,0.0230437451851462,40.7517017701144,-73.9358717580477,40.6400722120113,-73.9457357415987,0.0660398207344605,0.0429960755493144,2020.18460652804,2020.20765027322,703000000,hCoV-19/USA/NY-NYUMC14/2020
208,209,0.000402324482687066,40.7253602989227,-73.9059036012756,40.7417427396673,-73.8930397773853,0.0158163635898207,0.0154140391071337,2020.1570244916,2020.15742681608,703000000,NA
208,226,0.000414097951686648,40.7253602989227,-73.9059036012756,40.7236446417365,-73.8982442579884,0.0158281370588203,0.0154140391071337,2020.1570244916,2020.15743858955,703000000,NA
209,210,0.000256406344213811,40.7417427396673,-73.8930397773853,40.7461390817733,-73.8847217499123,0.0160727699340346,0.0158163635898207,2020.15742681608,2020.15768322242,703000000,NA
209,218,0.000424235402850054,40.7417427396673,-73.8930397773853,40.7454800452401,-73.8924549960979,0.0162405989926708,0.0158163635898207,2020.15742681608,2020.15785105148,703000000,NA
210,216,0.0299139548325218,40.7461390817733,-73.8847217499123,40.7908950124187,-73.9087132563221,0.0459867247665564,0.0160727699340346,2020.15768322242,2020.18759717726,703000000,NA
210,211,0.000773241351611831,40.7461390817733,-73.8847217499123,40.7417552424047,-73.8859747506665,0.0168460112856464,0.0160727699340346,2020.15768322242,2020.15845646377,703000000,NA
211,212,0.0124661016408432,40.7417552424047,-73.8859747506665,40.7967907949098,-73.8312332544261,0.0293121129264896,0.0168460112856464,2020.15845646377,2020.17092256542,703000000,NA
211,98,0.0847129351387303,40.7417552424047,-73.8859747506665,40.7650854401131,-73.9119679895446,0.101558946424377,0.0168460112856464,2020.15845646377,2020.24316939891,703000000,hCoV-19/USA/NY-NYUMC504/2020
212,214,0.0157122164035546,40.7967907949098,-73.8312332544261,40.7644976594212,-73.8675813315606,0.0450243293300441,0.0293121129264896,2020.17092256542,2020.18663478182,703000000,NA
212,213,0.0103460045379626,40.7967907949098,-73.8312332544261,40.8204926213001,-73.8326876094467,0.0396581174644522,0.0293121129264896,2020.17092256542,2020.18126856995,703000000,NA
213,93,0.0673653098300841,40.8204926213001,-73.8326876094467,40.8752475410637,-73.8308761485969,0.107023427294536,0.0396581174644522,2020.18126856995,2020.24863387978,703000000,hCoV-19/USA/NY-NYUMC591/2020
213,94,0.0509718672100556,40.8204926213001,-73.8326876094467,40.8743030412893,-73.8244020667962,0.0906299846745078,0.0396581174644522,2020.18126856995,2020.23224043716,703000000,hCoV-19/USA/NY-NYUMC739/2020
214,215,0.00166411068163397,40.7644976594212,-73.8675813315606,40.7560143769416,-73.8656807315596,0.0466884400116781,0.0450243293300441,2020.18663478182,2020.1882988925,703000000,NA
214,95,0.0674635788444288,40.7644976594212,-73.8675813315606,40.7303701647368,-73.8866333601109,0.112487908174473,0.0450243293300441,2020.18663478182,2020.25409836066,703000000,hCoV-19/USA/NY-NYUMC597/2020
215,97,0.0603349872828582,40.7560143769416,-73.8656807315596,40.8047637852378,-73.9033705317336,0.107023427294536,0.0466884400116781,2020.1882988925,2020.24863387978,703000000,hCoV-19/USA/NY-NYUMC160/2020
215,96,0.131373238652686,40.7560143769416,-73.8656807315596,40.8525809483289,-73.8824918548016,0.178061678664364,0.0466884400116781,2020.1882988925,2020.31967213115,703000000,hCoV-19/USA/NY-NYUMC904/2020
216,99,0.0227853364079862,40.7908950124187,-73.9087132563221,40.8253841614649,-73.8695040934939,0.0687720611745426,0.0459867247665564,2020.18759717726,2020.21038251366,703000000,hCoV-19/USA/NY-NYUMC92/2020
216,217,0.000649067240549667,40.7908950124187,-73.9087132563221,40.783665580691,-73.9123040032345,0.0466357920071061,0.0459867247665564,2020.18759717726,2020.1882462445,703000000,NA
217,101,0.0194040287273545,40.783665580691,-73.9123040032345,40.7638571704065,-73.9767240482703,0.0660398207344605,0.0466357920071061,2020.1882462445,2020.20765027322,703000000,hCoV-19/USA/NY-NYUMC19/2020
217,100,0.0221362691674365,40.783665580691,-73.9123040032345,40.861592470062,-73.9039698337492,0.0687720611745426,0.0466357920071061,2020.1882462445,2020.21038251366,703000000,hCoV-19/USA/NY-NYUMC121/2020
218,219,0.000577174109714473,40.7454800452401,-73.8924549960979,40.7435262249604,-73.9071880276835,0.0168177731023853,0.0162405989926708,2020.15785105148,2020.15842822559,703000000,NA
218,222,0.00770267580589096,40.7454800452401,-73.8924549960979,40.6893398464397,-73.8738766692144,0.0239432747985618,0.0162405989926708,2020.15785105148,2020.16555372729,703000000,NA
219,220,0.0282816226567985,40.7435262249604,-73.9071880276835,40.7071576558293,-73.8780895721466,0.0450993957591838,0.0168177731023853,2020.15842822559,2020.18670984825,703000000,NA
219,102,0.0956701350720877,40.7435262249604,-73.9071880276835,40.6423879009788,-74.0130621635315,0.112487908174473,0.0168177731023853,2020.15842822559,2020.25409836066,703000000,hCoV-19/USA/NY-NYUMC216/2020
220,221,0.000834477750395246,40.7071576558293,-73.8780895721466,40.7243459497832,-73.8651121009942,0.045933873509579,0.0450993957591838,2020.18670984825,2020.187544326,703000000,NA
220,105,0.0619240315353525,40.7071576558293,-73.8780895721466,40.7116130231664,-73.9768349973209,0.107023427294536,0.0450993957591838,2020.18670984825,2020.24863387978,703000000,hCoV-19/USA/NY-NYUMC151/2020
221,103,0.0610895537849572,40.7243459497832,-73.8651121009942,40.8099502799491,-73.9530703232715,0.107023427294536,0.045933873509579,2020.187544326,2020.24863387978,703000000,hCoV-19/USA/NY-NYUMC168/2020
221,104,0.0802152368448404,40.7243459497832,-73.8651121009942,40.648296522881,-73.9144224411191,0.126149110354419,0.045933873509579,2020.187544326,2020.26775956284,703000000,hCoV-19/USA/NY-NYUMC360/2020
222,223,0.0155895260227701,40.6893398464397,-73.8738766692144,40.6754269711574,-73.7931286041291,0.0395328008213318,0.0239432747985618,2020.16555372729,2020.18114325331,703000000,NA
222,225,0.0165796437848495,40.6893398464397,-73.8738766692144,40.7000959721759,-73.8808393170749,0.0405229185834112,0.0239432747985618,2020.16555372729,2020.18213337107,703000000,NA
223,108,0.0292392603532107,40.6754269711574,-73.7931286041291,40.6793738301739,-73.7276249957336,0.0687720611745426,0.0395328008213318,2020.18114325331,2020.21038251366,703000000,hCoV-19/USA/NY-NYUMC49/2020
223,224,0.00396588337472265,40.6754269711574,-73.7931286041291,40.6741878831868,-73.7933656762653,0.0434986841960545,0.0395328008213318,2020.18114325331,2020.18510913669,703000000,NA
224,107,0.0252733769784881,40.6741878831868,-73.7933656762653,40.6546168001901,-73.7441354372391,0.0687720611745426,0.0434986841960545,2020.18510913669,2020.21038251366,703000000,hCoV-19/USA/NY-NYUMC89/2020
224,106,0.0580602622283222,40.6741878831868,-73.7933656762653,40.5814922328351,-73.8259079163823,0.101558946424377,0.0434986841960545,2020.18510913669,2020.24316939891,703000000,hCoV-19/USA/NY-NYUMC511/2020
225,110,0.0610360278409654,40.7000959721759,-73.8808393170749,40.5588971737886,-73.8909094525008,0.101558946424377,0.0405229185834112,2020.18213337107,2020.24316939891,703000000,hCoV-19/USA/NY-NYUMC229/2020
225,109,0.0910906726509449,40.7000959721759,-73.8808393170749,40.7247275862232,-73.9809319241174,0.131613591234356,0.0405229185834112,2020.18213337107,2020.27322404372,703000000,hCoV-19/USA/NY-NYUMC379/2020
226,111,0.107588732855744,40.7236446417365,-73.8982442579884,40.6077120967572,-74.0257371525227,0.123416869914565,0.0158281370588203,2020.15743858955,2020.2650273224,703000000,hCoV-19/USA/NY-NYUMC345/2020
226,227,0.0224134984888391,40.7236446417365,-73.8982442579884,40.6724200947031,-73.9583486478824,0.0382416355476595,0.0158281370588203,2020.15743858955,2020.17985208804,703000000,NA
227,228,0.00521263571389555,40.6724200947031,-73.9583486478824,40.6553307126386,-73.9735386704222,0.043454271261555,0.0382416355476595,2020.17985208804,2020.18506472375,703000000,NA
227,115,0.0797107534967457,40.6724200947031,-73.9583486478824,40.6475212049097,-74.0085205919159,0.117952389044405,0.0382416355476595,2020.17985208804,2020.25956284153,703000000,hCoV-19/USA/NY-NYUMC256/2020
228,112,0.0663013964728359,40.6553307126386,-73.9735386704222,40.5977016778057,-74.1678054481681,0.109755667734391,0.043454271261555,2020.18506472375,2020.25136612022,703000000,hCoV-19/USA/NY-NYUMC636/2020
228,229,0.0035143597944973,40.6553307126386,-73.9735386704222,40.6463258021833,-73.9722653468251,0.0469686310560523,0.043454271261555,2020.18506472375,2020.18857908354,703000000,NA
229,114,0.0545903153683243,40.6463258021833,-73.9722653468251,40.682251830406,-73.9138695089728,0.101558946424377,0.0469686310560523,2020.18857908354,2020.24316939891,703000000,hCoV-19/USA/NY-NYUMC507/2020
229,113,0.0545903153683243,40.6463258021833,-73.9722653468251,40.5883420183825,-74.0849556623747,0.101558946424377,0.0469686310560523,2020.18857908354,2020.24316939891,703000000,hCoV-19/USA/NY-NYUMC302/2020
