node1,node2,length,startLat,startLon,endLat,endLon,endNodeL,startNodeL,startYear,endYear,treeID,tipLabel
116,133,6.92009535703808e-05,40.8114569361808,-73.8961069235859,40.8158762090742,-73.8937731076401,6.92009535703808e-05,0,2020.14074274604,2020.140811947,310000000,NA
116,117,0.000152181042069294,40.8114569361808,-73.8961069235859,40.8081818214706,-73.8986907131272,0.000152181042069294,0,2020.14074274604,2020.14089492709,310000000,NA
117,119,0.00343839314300851,40.8081818214706,-73.8986907131272,40.7921973619638,-73.9163879490461,0.0035905741850778,0.000152181042069294,2020.14089492709,2020.14433332023,310000000,NA
117,118,0.00983058557950608,40.8081818214706,-73.8986907131272,40.8228109432004,-73.9085746234677,0.00998276662157538,0.000152181042069294,2020.14089492709,2020.15072551267,310000000,NA
118,1,0.108837328864074,40.8228109432004,-73.9085746234677,40.6223228014726,-74.0349354558214,0.11882009548565,0.00998276662157538,2020.15072551267,2020.25956284153,310000000,hCoV-19/USA/NY-NYUMC253/2020
118,2,0.10064060755406,40.8228109432004,-73.9085746234677,40.7619534591867,-73.9257877196577,0.110623374175636,0.00998276662157538,2020.15072551267,2020.25136612022,310000000,hCoV-19/USA/NY-NYUMC594/2020
119,120,0.00231815583194847,40.7921973619638,-73.9163879490461,40.7689245496302,-73.8981936059162,0.00590873001702627,0.0035905741850778,2020.14433332023,2020.14665147606,310000000,NA
119,124,0.00192571890750945,40.7921973619638,-73.9163879490461,40.7777317563308,-73.9137134024329,0.00551629309258725,0.0035905741850778,2020.14433332023,2020.14625903914,310000000,NA
120,121,0.00439961084967755,40.7689245496302,-73.8981936059162,40.7605188601462,-73.8829981184947,0.0103083408667038,0.00590873001702627,2020.14665147606,2020.15105108691,310000000,NA
120,123,0.0289588882660151,40.7689245496302,-73.8981936059162,40.7684329357512,-73.912788768105,0.0348676182830414,0.00590873001702627,2020.14665147606,2020.17561036433,310000000,NA
121,5,0.0647959076290201,40.7605188601462,-73.8829981184947,40.6134927676058,-73.9495550631658,0.0751042484957239,0.0103083408667038,2020.15105108691,2020.21584699454,310000000,hCoV-19/USA/NY-NYUMC753/2020
121,122,0.0206952060437992,40.7605188601462,-73.8829981184947,40.7926388444645,-73.897737917772,0.031003546910503,0.0103083408667038,2020.15105108691,2020.17174629296,310000000,NA
122,3,0.177980483005313,40.7926388444645,-73.897737917772,40.8185649072773,-73.8731335848325,0.208984029915816,0.031003546910503,2020.17174629296,2020.34972677596,310000000,hCoV-19/USA/NY-NYUMC914/2020
122,4,0.164319280815134,40.7926388444645,-73.897737917772,40.7274250650312,-73.9900361789026,0.195322827725637,0.031003546910503,2020.17174629296,2020.33606557377,310000000,hCoV-19/USA/NY-NYUMC884/2020
123,6,0.0730235154527396,40.7684329357512,-73.912788768105,40.7407004445965,-73.9806337802662,0.107891133735781,0.0348676182830414,2020.17561036433,2020.24863387978,310000000,hCoV-19/USA/NY-NYUMC153/2020
123,7,0.0675590345825799,40.7684329357512,-73.912788768105,40.7455704678325,-73.8352579843952,0.102426652865621,0.0348676182830414,2020.17561036433,2020.24316939891,310000000,hCoV-19/USA/NY-NYUMC521/2020
124,125,0.00312743462167997,40.7777317563308,-73.9137134024329,40.7498854255675,-73.9396460719594,0.00864372771426722,0.00551629309258725,2020.14625903914,2020.14938647376,310000000,NA
124,131,0.0288390157677592,40.7777317563308,-73.9137134024329,40.7084523838188,-73.9116011965945,0.0343553088603465,0.00551629309258725,2020.14625903914,2020.1750980549,310000000,NA
125,126,0.0302350396606234,40.7498854255675,-73.9396460719594,40.7624163415299,-73.8681448789641,0.0388787673748906,0.00864372771426722,2020.14938647376,2020.17962151342,310000000,NA
125,127,0.000386684554697453,40.7498854255675,-73.9396460719594,40.7462347293084,-73.9330286627527,0.00903041226896467,0.00864372771426722,2020.14938647376,2020.14977315831,310000000,NA
126,8,0.0553511641807165,40.7624163415299,-73.8681448789641,40.6810491288933,-73.762050467689,0.0942299315556071,0.0388787673748906,2020.17962151342,2020.2349726776,310000000,hCoV-19/USA/NY-NYUMC767/2020
126,9,0.120924934670835,40.7624163415299,-73.8681448789641,40.6967110755991,-73.8836825314943,0.159803702045726,0.0388787673748906,2020.17962151342,2020.30054644809,310000000,hCoV-19/USA/NY-NYUMC456/2020
127,128,0.000385026424866819,40.7462347293084,-73.9330286627527,40.74095108272,-73.9366579790139,0.00941543869383149,0.00903041226896467,2020.14977315831,2020.15015818474,310000000,NA
127,14,0.0606093553468226,40.7462347293084,-73.9330286627527,40.8281941179378,-73.9267616846938,0.0696397676157873,0.00903041226896467,2020.14977315831,2020.21038251366,310000000,hCoV-19/USA/NY-NYUMC78/2020
128,10,0.0656888098018925,40.74095108272,-73.9366579790139,40.591617253962,-74.1238509629819,0.0751042484957239,0.00941543869383149,2020.15015818474,2020.21584699454,310000000,hCoV-19/USA/NY-NYUMC916/2020
128,129,0.000417066684464229,40.74095108272,-73.9366579790139,40.7425594156822,-73.9376852375596,0.00983250537829572,0.00941543869383149,2020.15015818474,2020.15057525142,310000000,NA
129,11,0.0816651857374567,40.7425594156822,-73.9376852375596,40.7498177869327,-73.8703546504848,0.0914976911157525,0.00983250537829572,2020.15057525142,2020.23224043716,310000000,hCoV-19/USA/NY-NYUMC688/2020
129,130,0.0310645040507998,40.7425594156822,-73.9376852375596,40.7206406666009,-73.9391248724288,0.0408970094290955,0.00983250537829572,2020.15057525142,2020.18163975547,310000000,NA
130,12,0.0697263647465401,40.7206406666009,-73.9391248724288,40.5933468783976,-73.960198574249,0.110623374175636,0.0408970094290955,2020.18163975547,2020.25136612022,310000000,hCoV-19/USA/NY-NYUMC250/2020
130,13,0.0806553264966364,40.7206406666009,-73.9391248724288,40.574682997644,-74.1184937420763,0.121552335925732,0.0408970094290955,2020.18163975547,2020.26229508197,310000000,hCoV-19/USA/NY-NYUMC230/2020
131,17,0.0735358248754345,40.7084523838188,-73.9116011965945,40.7482719487499,-73.8752786013116,0.107891133735781,0.0343553088603465,2020.1750980549,2020.24863387978,310000000,hCoV-19/USA/NY-NYUMC187/2020
131,132,0.00555588918288469,40.7084523838188,-73.9116011965945,40.7529380159559,-73.8988469576261,0.0399111980432311,0.0343553088603465,2020.1750980549,2020.18065394409,310000000,NA
132,16,0.0488542526324393,40.7529380159559,-73.8988469576261,40.7377512422397,-73.8996909571257,0.0887654506756704,0.0399111980432311,2020.18065394409,2020.22950819672,310000000,hCoV-19/USA/NY-NYUMC786/2020
132,15,0.0379252908825704,40.7529380159559,-73.8988469576261,40.7641501850388,-73.9126555323891,0.0778364889258015,0.0399111980432311,2020.18065394409,2020.21857923497,310000000,hCoV-19/USA/NY-NYUMC765/2020
133,134,5.51620425593702e-05,40.8158762090742,-73.8937731076401,40.8165215120688,-73.8918336879688,0.000124362996129751,6.92009535703808e-05,2020.140811947,2020.14086710904,310000000,NA
133,203,7.63110103903231e-05,40.8158762090742,-73.8937731076401,40.8126274634297,-73.8955883070074,0.000145511963960704,6.92009535703808e-05,2020.140811947,2020.14088825801,310000000,NA
134,182,0.00586066403191621,40.8165215120688,-73.8918336879688,40.8037480734211,-73.8639662301201,0.00598502702804596,0.000124362996129751,2020.14086710904,2020.14672777307,310000000,NA
134,135,2.90679968700525e-05,40.8165215120688,-73.8918336879688,40.8146573747011,-73.8914854399183,0.000153430992999803,0.000124362996129751,2020.14086710904,2020.14089617704,310000000,NA
135,169,0.00861973253075618,40.8146573747011,-73.8914854399183,40.8315121572928,-73.9105796222308,0.00877316352375598,0.000153430992999803,2020.14089617704,2020.14951590957,310000000,NA
135,136,0.000768513797656994,40.8146573747011,-73.8914854399183,40.8125651096483,-73.8800311010853,0.000921944790656798,0.000153430992999803,2020.14089617704,2020.14166469084,310000000,NA
136,137,0.00352312275180666,40.8125651096483,-73.8800311010853,40.7908906518249,-73.9116305063003,0.00444506754246346,0.000921944790656798,2020.14166469084,2020.14518781359,310000000,NA
136,163,0.000687986460568113,40.8125651096483,-73.8800311010853,40.8135776134048,-73.8746674303275,0.00160993125122491,0.000921944790656798,2020.14166469084,2020.1423526773,310000000,NA
137,150,0.000382782439642515,40.7908906518249,-73.9116305063003,40.7909493219806,-73.8999826537631,0.00482784998210598,0.00444506754246346,2020.14518781359,2020.14557059603,310000000,NA
137,138,0.00333439653624965,40.7908906518249,-73.9116305063003,40.80068378594,-73.9203645197945,0.00777946407871311,0.00444506754246346,2020.14518781359,2020.14852221012,310000000,NA
138,148,0.00107419819041049,40.80068378594,-73.9203645197945,40.7927262213431,-73.9195257847468,0.0088536622691236,0.00777946407871311,2020.14852221012,2020.14959640831,310000000,NA
138,139,0.00256707850306065,40.80068378594,-73.9203645197945,40.8029711889014,-73.9212453927435,0.0103465425817738,0.00777946407871311,2020.14852221012,2020.15108928863,310000000,NA
139,140,1.89509063366067e-05,40.8029711889014,-73.9212453927435,40.8017406692118,-73.9229147616322,0.0103654934881104,0.0103465425817738,2020.15108928863,2020.15110823953,310000000,NA
139,144,0.0216817847566116,40.8029711889014,-73.9212453927435,40.7622481989323,-73.9458139577529,0.0320283273383854,0.0103465425817738,2020.15108928863,2020.17277107338,310000000,NA
140,141,0.0244042787984808,40.8017406692118,-73.9229147616322,40.6910347102849,-73.948299017216,0.0347697722865912,0.0103654934881104,2020.15110823953,2020.17551251833,310000000,NA
140,143,0.0263974438178727,40.8017406692118,-73.9229147616322,40.7218435187774,-73.9862355145698,0.0367629373059831,0.0103654934881104,2020.15110823953,2020.17750568335,310000000,NA
141,20,0.0567279188291613,40.6910347102849,-73.948299017216,40.5947144602907,-73.9357058236911,0.0914976911157525,0.0347697722865912,2020.17551251833,2020.23224043716,310000000,hCoV-19/USA/NY-NYUMC698/2020
141,142,0.00576873970145975,40.6910347102849,-73.948299017216,40.7032170515437,-73.9511876246313,0.0405385119880509,0.0347697722865912,2020.17551251833,2020.18128125803,310000000,NA
142,18,0.06735262174773,40.7032170515437,-73.9511876246313,40.8047637852378,-73.9033705317336,0.107891133735781,0.0405385119880509,2020.18128125803,2020.24863387978,310000000,hCoV-19/USA/NY-NYUMC160/2020
142,19,0.0509591791277015,40.7032170515437,-73.9511876246313,40.6013802360967,-73.7464622700957,0.0914976911157525,0.0405385119880509,2020.18128125803,2020.23224043716,310000000,hCoV-19/USA/NY-NYUMC699/2020
143,22,0.0656637155596383,40.7218435187774,-73.9862355145698,40.5883420183825,-74.0849556623747,0.102426652865621,0.0367629373059831,2020.17750568335,2020.24316939891,310000000,hCoV-19/USA/NY-NYUMC302/2020
143,21,0.0328768303098042,40.7218435187774,-73.9862355145698,40.7495678171791,-73.9800861732694,0.0696397676157873,0.0367629373059831,2020.17750568335,2020.21038251366,310000000,hCoV-19/USA/NY-NYUMC675/2020
144,145,0.00306516434975529,40.7622481989323,-73.9458139577529,40.7887541664287,-73.9350867485856,0.0350934916881407,0.0320283273383854,2020.17277107338,2020.17583623773,310000000,NA
144,23,0.182420183447362,40.7622481989323,-73.9458139577529,40.7366827861834,-73.8801627300032,0.214448510785748,0.0320283273383854,2020.17277107338,2020.35519125683,310000000,hCoV-19/USA/NY-NYUMC891/2020
145,146,0.00443643171359007,40.7887541664287,-73.9350867485856,40.7864539661613,-73.9512853752298,0.0395299234017308,0.0350934916881407,2020.17583623773,2020.18027266945,310000000,NA
145,24,0.0727976420476403,40.7887541664287,-73.9350867485856,40.8752475410637,-73.8308761485969,0.107891133735781,0.0350934916881407,2020.17583623773,2020.24863387978,310000000,hCoV-19/USA/NY-NYUMC591/2020
146,147,0.000903321457355749,40.7864539661613,-73.9512853752298,40.7809207064079,-73.9544334628651,0.0404332448590865,0.0395299234017308,2020.18027266945,2020.1811759909,310000000,NA
146,25,0.0738256912139869,40.7864539661613,-73.9512853752298,40.6423879009788,-74.0130621635315,0.113355614615718,0.0395299234017308,2020.18027266945,2020.25409836066,310000000,hCoV-19/USA/NY-NYUMC216/2020
147,27,0.124834938056571,40.7809207064079,-73.9544334628651,40.7453099504954,-73.9797223163275,0.165268182915658,0.0404332448590865,2020.1811759909,2020.30601092896,310000000,hCoV-19/USA/NY-NYUMC898/2020
147,26,0.0865835719365776,40.7809207064079,-73.9544334628651,40.648296522881,-73.9144224411191,0.127016816795664,0.0404332448590865,2020.1811759909,2020.26775956284,310000000,hCoV-19/USA/NY-NYUMC360/2020
148,149,0.0233451568278553,40.7927262213431,-73.9195257847468,40.7798210916348,-74.0098003032572,0.0321988190969789,0.0088536622691236,2020.14959640831,2020.17294156514,310000000,NA
148,28,0.0607861053466637,40.7927262213431,-73.9195257847468,40.8253841614649,-73.8695040934939,0.0696397676157873,0.0088536622691236,2020.14959640831,2020.21038251366,310000000,hCoV-19/USA/NY-NYUMC92/2020
149,30,0.0702278337686425,40.7798210916348,-74.0098003032572,40.5370762301587,-74.1726486956308,0.102426652865621,0.0321988190969789,2020.17294156514,2020.24316939891,310000000,hCoV-19/USA/NY-NYUMC322/2020
149,29,0.0756923146388021,40.7798210916348,-74.0098003032572,40.7368623093924,-74.005762552901,0.107891133735781,0.0321988190969789,2020.17294156514,2020.24863387978,310000000,hCoV-19/USA/NY-NYUMC204/2020
150,151,0.00515876538770629,40.7909493219806,-73.8999826537631,40.823248358848,-73.8934559760856,0.00998661536981227,0.00482784998210598,2020.14557059603,2020.15072936141,310000000,NA
150,152,0.00520508381923185,40.7909493219806,-73.8999826537631,40.7756701058052,-73.8686839012136,0.0100329338013378,0.00482784998210598,2020.14557059603,2020.15077567985,310000000,NA
151,31,0.168942769735796,40.823248358848,-73.8934559760856,40.8525809483289,-73.8824918548016,0.178929385105609,0.00998661536981227,2020.15072936141,2020.31967213115,310000000,hCoV-19/USA/NY-NYUMC904/2020
151,32,0.0979045183659687,40.823248358848,-73.8934559760856,40.8099502799491,-73.9530703232715,0.107891133735781,0.00998661536981227,2020.15072936141,2020.24863387978,310000000,hCoV-19/USA/NY-NYUMC168/2020
152,161,0.0232842780042613,40.7756701058052,-73.8686839012136,40.7396784085957,-73.8560873232268,0.0333172118055991,0.0100329338013378,2020.15077567985,2020.17405995785,310000000,NA
152,153,0.000116410049270543,40.7756701058052,-73.8686839012136,40.7702010360244,-73.8728917226653,0.0101493438506084,0.0100329338013378,2020.15077567985,2020.1508920899,310000000,NA
153,154,0.000130655273430175,40.7702010360244,-73.8728917226653,40.7731239137724,-73.8693241782823,0.0102799991240385,0.0101493438506084,2020.1508920899,2020.15102274517,310000000,NA
153,156,2.27733234389738e-06,40.7702010360244,-73.8728917226653,40.7704472324007,-73.8727682335496,0.0101516211829523,0.0101493438506084,2020.1508920899,2020.15089436723,310000000,NA
154,33,0.122201298551562,40.7731239137724,-73.8693241782823,40.6076405506124,-73.9273610565335,0.132481297675601,0.0102799991240385,2020.15102274517,2020.27322404372,310000000,hCoV-19/USA/NY-NYUMC377/2020
154,155,0.0235574147842981,40.7731239137724,-73.8693241782823,40.7937212464355,-73.9081253231334,0.0338374139083366,0.0102799991240385,2020.15102274517,2020.17458015995,310000000,NA
155,35,0.0740537198274443,40.7937212464355,-73.9081253231334,40.6792692454635,-73.9400845187998,0.107891133735781,0.0338374139083366,2020.17458015995,2020.24863387978,310000000,hCoV-19/USA/NY-NYUMC137/2020
155,34,0.0358023537074506,40.7937212464355,-73.9081253231334,40.861592470062,-73.9039698337492,0.0696397676157873,0.0338374139083366,2020.17458015995,2020.21038251366,310000000,hCoV-19/USA/NY-NYUMC121/2020
156,41,0.0813460699328002,40.7704472324007,-73.8727682335496,40.8743030412893,-73.8244020667962,0.0914976911157525,0.0101516211829523,2020.15089436723,2020.23224043716,310000000,hCoV-19/USA/NY-NYUMC739/2020
156,157,0.000105910290751132,40.7704472324007,-73.8727682335496,40.7716072270142,-73.8701310334807,0.0102575314737034,0.0101516211829523,2020.15089436723,2020.15100027752,310000000,NA
157,40,0.0976336022620776,40.7716072270142,-73.8701310334807,40.6653817777259,-73.9264758790228,0.107891133735781,0.0102575314737034,2020.15100027752,2020.24863387978,310000000,hCoV-19/USA/NY-NYUMC198/2020
157,158,0.0235007951301951,40.7716072270142,-73.8701310334807,40.6987394311639,-73.8465199665691,0.0337583266038985,0.0102575314737034,2020.15100027752,2020.17450107265,310000000,NA
158,39,0.0358814410118888,40.6987394311639,-73.8465199665691,40.6793738301739,-73.7276249957336,0.0696397676157873,0.0337583266038985,2020.17450107265,2020.21038251366,310000000,hCoV-19/USA/NY-NYUMC49/2020
158,159,0.00340113520672794,40.6987394311639,-73.8465199665691,40.7051047491845,-73.8068798093196,0.0371594618106264,0.0337583266038985,2020.17450107265,2020.17790220786,310000000,NA
159,160,0.00343904827107455,40.7051047491845,-73.8068798093196,40.690029663733,-73.7986884257485,0.040598510081701,0.0371594618106264,2020.17790220786,2020.18134125613,310000000,NA
159,38,0.0324803058051609,40.7051047491845,-73.8068798093196,40.7128579562522,-73.8344621815468,0.0696397676157873,0.0371594618106264,2020.17790220786,2020.21038251366,310000000,hCoV-19/USA/NY-NYUMC62/2020
160,37,0.0290412575340863,40.690029663733,-73.7986884257485,40.6546168001901,-73.7441354372391,0.0696397676157873,0.040598510081701,2020.18134125613,2020.21038251366,310000000,hCoV-19/USA/NY-NYUMC89/2020
160,36,0.0809538258440309,40.690029663733,-73.7986884257485,40.6845821862766,-73.7658469216632,0.121552335925732,0.040598510081701,2020.18134125613,2020.26229508197,310000000,hCoV-19/USA/NY-NYUMC238/2020
161,162,0.00751501596794657,40.7396784085957,-73.8560873232268,40.7158290628901,-73.8549149428917,0.0408322277735457,0.0333172118055991,2020.17405995785,2020.18157497382,310000000,NA
161,42,0.0691094410600222,40.7396784085957,-73.8560873232268,40.7650854401131,-73.9119679895446,0.102426652865621,0.0333172118055991,2020.17405995785,2020.24316939891,310000000,hCoV-19/USA/NY-NYUMC504/2020
162,44,0.0615944250920757,40.7158290628901,-73.8549149428917,40.5588971737886,-73.8909094525008,0.102426652865621,0.0408322277735457,2020.18157497382,2020.24316939891,310000000,hCoV-19/USA/NY-NYUMC229/2020
162,43,0.0670589059622353,40.7158290628901,-73.8549149428917,40.6871946097698,-73.8153140045002,0.107891133735781,0.0408322277735457,2020.18157497382,2020.24863387978,310000000,hCoV-19/USA/NY-NYUMC157/2020
163,164,0.0380569050413883,40.8135776134048,-73.8746674303275,40.8019161265944,-73.8791021662209,0.0396668362926132,0.00160993125122491,2020.1423526773,2020.18040958234,310000000,NA
163,165,0.032272734621946,40.8135776134048,-73.8746674303275,40.7843842898856,-73.9677675761797,0.033882665873171,0.00160993125122491,2020.1423526773,2020.17462541192,310000000,NA
164,46,0.0299729313231741,40.8019161265944,-73.8791021662209,40.7499442186665,-73.7836788835903,0.0696397676157873,0.0396668362926132,2020.18040958234,2020.21038251366,310000000,hCoV-19/USA/NY-NYUMC664/2020
164,45,0.0518308548231393,40.8019161265944,-73.8791021662209,40.7411476384798,-73.8762826664071,0.0914976911157525,0.0396668362926132,2020.18040958234,2020.23224043716,310000000,hCoV-19/USA/NY-NYUMC718/2020
165,166,0.00511609497000956,40.7843842898856,-73.9677675761797,40.8010977356964,-73.9499684149638,0.0389987608431805,0.033882665873171,2020.17462541192,2020.17974150689,310000000,NA
165,168,0.00194887045615427,40.7843842898856,-73.9677675761797,40.7681908089555,-73.9736677186002,0.0358315363293252,0.033882665873171,2020.17462541192,2020.17657428237,310000000,NA
166,47,0.0798213346424693,40.8010977356964,-73.9499684149638,40.6343467371844,-74.036630688177,0.11882009548565,0.0389987608431805,2020.17974150689,2020.25956284153,310000000,hCoV-19/USA/NY-NYUMC259/2020
166,167,0.00148039675652695,40.8010977356964,-73.9499684149638,40.81574594678,-73.9355398724624,0.0404791575997075,0.0389987608431805,2020.17974150689,2020.18122190364,310000000,NA
167,48,0.0291606100160798,40.81574594678,-73.9355398724624,40.8382009170989,-73.9312211632961,0.0696397676157873,0.0404791575997075,2020.18122190364,2020.21038251366,310000000,hCoV-19/USA/NY-NYUMC58/2020
167,49,0.0291606100160798,40.81574594678,-73.9355398724624,40.8181614505972,-73.9122826088561,0.0696397676157873,0.0404791575997075,2020.18122190364,2020.21038251366,310000000,hCoV-19/USA/NY-NYUMC98/2020
168,51,0.0665951165362961,40.7681908089555,-73.9736677186002,40.6125125282844,-73.9740783928094,0.102426652865621,0.0358315363293252,2020.17657428237,2020.24316939891,310000000,hCoV-19/USA/NY-NYUMC299/2020
168,50,0.0720595974064557,40.7681908089555,-73.9736677186002,40.6401894472804,-74.134068014967,0.107891133735781,0.0358315363293252,2020.17657428237,2020.24863387978,310000000,hCoV-19/USA/NY-NYUMC179/2020
169,179,0.025013170055817,40.8315121572928,-73.9105796222308,40.8235131694243,-73.9363637669514,0.033786333579573,0.00877316352375598,2020.14951590957,2020.17452907962,310000000,NA
169,170,0.000386570671053771,40.8315121572928,-73.9105796222308,40.8435750581286,-73.8998016221507,0.00915973419480975,0.00877316352375598,2020.14951590957,2020.14990248024,310000000,NA
170,61,0.104195880420908,40.8435750581286,-73.8998016221507,40.6081078999332,-73.9834686626581,0.113355614615718,0.00915973419480975,2020.14990248024,2020.25409836066,310000000,hCoV-19/USA/NY-NYUMC246/2020
170,171,0.000390692535189391,40.8435750581286,-73.8998016221507,40.8409942143664,-73.9084667399106,0.00955042672999915,0.00915973419480975,2020.14990248024,2020.15029317277,310000000,NA
171,172,0.000648949900398904,40.8409942143664,-73.9084667399106,40.8412803928794,-73.9019181992252,0.010199376630398,0.00955042672999915,2020.15029317277,2020.15094212268,310000000,NA
171,178,0.0312291933987156,40.8409942143664,-73.9084667399106,40.8434196199715,-73.970128785,0.0407796201287148,0.00955042672999915,2020.15029317277,2020.18152236617,310000000,NA
172,173,0.0298176413468308,40.8412803928794,-73.9019181992252,40.8033701794235,-73.9272117281603,0.0400170179772288,0.010199376630398,2020.15094212268,2020.18075976402,310000000,NA
172,174,0.0265592950716731,40.8412803928794,-73.9019181992252,40.8416207980388,-73.8515900024737,0.0367586717020712,0.010199376630398,2020.15094212268,2020.17750141775,310000000,NA
173,53,0.0651418753184701,40.8033701794235,-73.9272117281603,40.7790452494831,-73.9093402245291,0.105158893295699,0.0400170179772288,2020.18075976402,2020.24590163934,310000000,hCoV-19/USA/NY-NYUMC589/2020
173,52,0.119786684068497,40.8033701794235,-73.9272117281603,40.6798998050019,-73.8487577777653,0.159803702045726,0.0400170179772288,2020.18075976402,2020.30054644809,310000000,hCoV-19/USA/NY-NYUMC432/2020
174,175,0.00166984782467955,40.8416207980388,-73.8515900024737,40.845521870826,-73.8465612991117,0.0384285195267507,0.0367586717020712,2020.17750141775,2020.17917126557,310000000,NA
174,54,0.0656679811635502,40.8416207980388,-73.8515900024737,40.7347482573135,-74.0072848306414,0.102426652865621,0.0367586717020712,2020.17750141775,2020.24316939891,310000000,hCoV-19/USA/NY-NYUMC320/2020
175,176,1.48674140519056e-05,40.845521870826,-73.8465612991117,40.8462074941176,-73.8451910461902,0.0384433869408026,0.0384285195267507,2020.17917126557,2020.17918613299,310000000,NA
175,55,0.121375182518975,40.845521870826,-73.8465612991117,40.7625124536136,-73.8181364491275,0.159803702045726,0.0384285195267507,2020.17917126557,2020.30054644809,310000000,hCoV-19/USA/NY-NYUMC462/2020
176,177,0.00181737534896242,40.8462074941176,-73.8451910461902,40.8211268755492,-73.8585292961962,0.0402607622897651,0.0384433869408026,2020.17918613299,2020.18100350833,310000000,NA
176,56,0.0557865446148045,40.8462074941176,-73.8451910461902,40.8177010134899,-73.8312716311785,0.0942299315556071,0.0384433869408026,2020.17918613299,2020.2349726776,310000000,hCoV-19/USA/NY-NYUMC825/2020
177,58,0.122275180186038,40.8211268755492,-73.8585292961962,40.7605267352416,-73.8395961714443,0.162535942475803,0.0402607622897651,2020.18100350833,2020.30327868852,310000000,hCoV-19/USA/NY-NYUMC836/2020
177,57,0.0676303714460159,40.8211268755492,-73.8585292961962,40.8299470562498,-73.9078920040658,0.107891133735781,0.0402607622897651,2020.18100350833,2020.24863387978,310000000,hCoV-19/USA/NY-NYUMC199/2020
178,59,0.091701677546886,40.8434196199715,-73.970128785,40.5838054454206,-73.984912956615,0.132481297675601,0.0407796201287148,2020.18152236617,2020.27322404372,310000000,hCoV-19/USA/NY-NYUMC375/2020
178,60,0.0616470327369066,40.8434196199715,-73.970128785,40.8918671142442,-73.8595977191749,0.102426652865621,0.0407796201287148,2020.18152236617,2020.24316939891,310000000,hCoV-19/USA/NY-NYUMC524/2020
179,65,0.161536494146064,40.8235131694243,-73.9363637669514,40.7335534857999,-73.9756898436462,0.195322827725637,0.033786333579573,2020.17452907962,2020.33606557377,310000000,hCoV-19/USA/NY-NYUMC843/2020
179,180,0.000776605334590369,40.8235131694243,-73.9363637669514,40.8310650221121,-73.9343864816709,0.0345629389141634,0.033786333579573,2020.17452907962,2020.17530568496,310000000,NA
180,181,0.0053357056016424,40.8310650221121,-73.9343864816709,40.7616039626138,-73.9636521106317,0.0398986445158058,0.0345629389141634,2020.17530568496,2020.18064139056,310000000,NA
180,64,0.067863713951458,40.8310650221121,-73.9343864816709,40.8819720108401,-73.866318883948,0.102426652865621,0.0345629389141634,2020.17530568496,2020.24316939891,310000000,hCoV-19/USA/NY-NYUMC517/2020
181,62,0.0406700848498504,40.7616039626138,-73.9636521106317,40.7494710771492,-73.9794219506736,0.0805687293656562,0.0398986445158058,2020.18064139056,2020.22131147541,310000000,hCoV-19/USA/NY-NYUMC738/2020
181,63,0.0625280083498156,40.7616039626138,-73.9636521106317,40.6423234463678,-73.9689886843759,0.102426652865621,0.0398986445158058,2020.18064139056,2020.24316939891,310000000,hCoV-19/USA/NY-NYUMC533/2020
182,66,0.0636547405877413,40.8037480734211,-73.8639662301201,40.7141598779191,-74.0113391355559,0.0696397676157873,0.00598502702804596,2020.14672777307,2020.21038251366,310000000,hCoV-19/USA/NY-NYUMC674/2020
182,183,0.00209904714551098,40.8037480734211,-73.8639662301201,40.8083051774859,-73.8535103856095,0.00808407417355694,0.00598502702804596,2020.14672777307,2020.14882682022,310000000,NA
183,190,0.00197726285803776,40.8083051774859,-73.8535103856095,40.788232727062,-73.8518246596663,0.0100613370315947,0.00808407417355694,2020.14882682022,2020.15080408308,310000000,NA
183,184,0.000430161759813613,40.8083051774859,-73.8535103856095,40.8045699350277,-73.8577759444028,0.00851423593337056,0.00808407417355694,2020.14882682022,2020.14925698198,310000000,NA
184,186,0.000133176950474934,40.8045699350277,-73.8577759444028,40.8050452988214,-73.8568488154595,0.00864741288384549,0.00851423593337056,2020.14925698198,2020.14939015893,310000000,NA
184,185,0.00166223449439651,40.8045699350277,-73.8577759444028,40.8005098296597,-73.8624972931876,0.0101764704277671,0.00851423593337056,2020.14925698198,2020.15091921647,310000000,NA
185,68,0.116840346367897,40.8005098296597,-73.8624972931876,40.6268056940713,-74.010548771725,0.127016816795664,0.0101764704277671,2020.15091921647,2020.26775956284,310000000,hCoV-19/USA/NY-NYUMC336/2020
185,67,0.0949824228679319,40.8005098296597,-73.8624972931876,40.7477077119598,-73.7231794427818,0.105158893295699,0.0101764704277671,2020.15091921647,2020.24590163934,310000000,hCoV-19/USA/NY-NYUMC559/2020
186,187,0.02291111272423,40.8050452988214,-73.8568488154595,40.8082539132289,-73.8555588286924,0.0315585256080755,0.00864741288384549,2020.14939015893,2020.17230127165,310000000,NA
186,69,0.0937792399817759,40.8050452988214,-73.8568488154595,40.7310603598748,-73.7551691877445,0.102426652865621,0.00864741288384549,2020.14939015893,2020.24316939891,310000000,hCoV-19/USA/NY-NYUMC541/2020
187,73,0.0380812420077118,40.8082539132289,-73.8555588286924,40.8762876680981,-73.9026105215071,0.0696397676157873,0.0315585256080755,2020.17230127165,2020.21038251366,310000000,hCoV-19/USA/NY-NYUMC38/2020
187,188,0.00115308355910532,40.8082539132289,-73.8555588286924,40.7999464244684,-73.8525736294294,0.0327116091671808,0.0315585256080755,2020.17230127165,2020.17345435521,310000000,NA
188,72,0.0943052076284834,40.7999464244684,-73.8525736294294,40.6272091441597,-73.9409420000894,0.127016816795664,0.0327116091671808,2020.17345435521,2020.26775956284,310000000,hCoV-19/USA/NY-NYUMC348/2020
188,189,0.00480924237452654,40.7999464244684,-73.8525736294294,40.7915133695713,-73.8040934707399,0.0375208515417073,0.0327116091671808,2020.17345435521,2020.17826359759,310000000,NA
189,71,0.0539768395740451,40.7915133695713,-73.8040934707399,40.6489716120887,-73.8504584581818,0.0914976911157525,0.0375208515417073,2020.17826359759,2020.23224043716,310000000,hCoV-19/USA/NY-NYUMC732/2020
189,70,0.100424927004053,40.7915133695713,-73.8040934707399,40.773980570208,-73.9005154527354,0.13794577854576,0.0375208515417073,2020.17826359759,2020.27868852459,310000000,hCoV-19/USA/NY-NYUMC407/2020
190,191,0.0224264594860578,40.788232727062,-73.8518246596663,40.7412964177371,-73.8471956140703,0.0324877965176525,0.0100613370315947,2020.15080408308,2020.17323054256,310000000,NA
190,194,0.0212524915128097,40.788232727062,-73.8518246596663,40.6657472381827,-73.9296365124953,0.0313138285444044,0.0100613370315947,2020.15080408308,2020.17205657459,310000000,NA
191,192,0.00756728086022196,40.7412964177371,-73.8471956140703,40.7220778209342,-73.8518940056941,0.0400550773778745,0.0324877965176525,2020.17323054256,2020.18079782342,310000000,NA
191,193,0.00431848952188912,40.7412964177371,-73.8471956140703,40.7529479935443,-73.8288739994853,0.0368062860395416,0.0324877965176525,2020.17323054256,2020.17754903208,310000000,NA
192,75,0.0733005372378432,40.7220778209342,-73.8518940056941,40.6090699278379,-73.9974431427721,0.113355614615718,0.0400550773778745,2020.18079782342,2020.25409836066,310000000,hCoV-19/USA/NY-NYUMC248/2020
192,74,0.0295846902379128,40.7220778209342,-73.8518940056941,40.6409842221444,-74.023694482419,0.0696397676157873,0.0400550773778745,2020.18079782342,2020.21038251366,310000000,hCoV-19/USA/NY-NYUMC46/2020
193,77,0.0574236455160655,40.7529479935443,-73.8288739994853,40.8479430292651,-73.9198629133241,0.0942299315556071,0.0368062860395416,2020.17754903208,2020.2349726776,310000000,hCoV-19/USA/NY-NYUMC792/2020
193,76,0.0410302028862599,40.7529479935443,-73.8288739994853,40.6110011019325,-73.7478724655276,0.0778364889258015,0.0368062860395416,2020.17754903208,2020.21857923497,310000000,hCoV-19/USA/NY-NYUMC721/2020
194,195,0.00549285624306217,40.6657472381827,-73.9296365124953,40.6411949240874,-73.9312233639166,0.0368066847874665,0.0313138285444044,2020.17205657459,2020.17754943083,310000000,NA
194,202,0.00736182419274412,40.6657472381827,-73.9296365124953,40.6401850576429,-73.9723323452325,0.0386756527371485,0.0313138285444044,2020.17205657459,2020.17941839878,310000000,NA
195,196,0.000776319764411948,40.6411949240874,-73.9312233639166,40.6543043697566,-73.93926682338,0.0375830045518785,0.0368066847874665,2020.17754943083,2020.1783257506,310000000,NA
195,199,9.87416480746628e-05,40.6411949240874,-73.9312233639166,40.6343003092762,-73.9344660922922,0.0369054264355412,0.0368066847874665,2020.17754943083,2020.17764817248,310000000,NA
196,81,0.133149659243943,40.6543043697566,-73.93926682338,40.6059050506028,-74.0220360976346,0.170732663795822,0.0375830045518785,2020.1783257506,2020.31147540984,310000000,hCoV-19/USA/NY-NYUMC435/2020
196,197,0.00144298461831041,40.6543043697566,-73.93926682338,40.6252503423062,-73.9517488587138,0.0390259891701889,0.0375830045518785,2020.1783257506,2020.17976873522,310000000,NA
197,78,0.0497394615054815,40.6252503423062,-73.9517488587138,40.6469987444172,-74.0188466019032,0.0887654506756704,0.0390259891701889,2020.17976873522,2020.22950819672,310000000,hCoV-19/USA/NY-NYUMC785/2020
197,198,0.00151875097017209,40.6252503423062,-73.9517488587138,40.6267215863572,-73.9616650138064,0.040544740140361,0.0390259891701889,2020.17976873522,2020.18128748619,310000000,NA
198,80,0.0618819127252604,40.6267215863572,-73.9616650138064,40.5914803804265,-73.9391722840999,0.102426652865621,0.040544740140361,2020.18128748619,2020.24316939891,310000000,hCoV-19/USA/NY-NYUMC305/2020
198,79,0.0728108744753566,40.6267215863572,-73.9616650138064,40.5777888934021,-74.0065618514991,0.113355614615718,0.040544740140361,2020.18128748619,2020.25409836066,310000000,hCoV-19/USA/NY-NYUMC604/2020
199,201,0.00236180934665656,40.6343003092762,-73.9344660922922,40.65288337622,-73.9292366491537,0.0392672357821978,0.0369054264355412,2020.17764817248,2020.18000998183,310000000,NA
199,200,0.00307063139260116,40.6343003092762,-73.9344660922922,40.6510350412829,-73.9110652856929,0.0399760578281424,0.0369054264355412,2020.17764817248,2020.18071880387,310000000,NA
200,82,0.062450595037479,40.6510350412829,-73.9110652856929,40.6484592960247,-73.9665650271191,0.102426652865621,0.0399760578281424,2020.18071880387,2020.24316939891,310000000,hCoV-19/USA/NY-NYUMC501/2020
200,83,0.106166442027632,40.6510350412829,-73.9110652856929,40.5930372018341,-73.9618404854155,0.146142499855775,0.0399760578281424,2020.18071880387,2020.2868852459,310000000,hCoV-19/USA/NY-NYUMC439/2020
201,84,0.0358370127135262,40.65288337622,-73.9292366491537,40.7247334078784,-74.0060562228725,0.0751042484957239,0.0392672357821978,2020.18000998183,2020.21584699454,310000000,hCoV-19/USA/NY-NYUMC689/2020
201,85,0.0740883788335199,40.65288337622,-73.9292366491537,40.6245508931925,-73.9503985612396,0.113355614615718,0.0392672357821978,2020.18000998183,2020.25409836066,310000000,hCoV-19/USA/NY-NYUMC228/2020
202,87,0.0828766831885834,40.6401850576429,-73.9723323452325,40.7554249611612,-73.9308766687067,0.121552335925732,0.0386756527371485,2020.17941839878,2020.26229508197,310000000,hCoV-19/USA/NY-NYUMC291/2020
202,86,0.0828766831885834,40.6401850576429,-73.9723323452325,40.6720286393196,-73.8064605127022,0.121552335925732,0.0386756527371485,2020.17941839878,2020.26229508197,310000000,hCoV-19/USA/NY-NYUMC234/2020
203,204,0.00430978542784921,40.8126274634297,-73.8955883070074,40.7937728055383,-73.9158162387116,0.00445529739180991,0.000145511963960704,2020.14088825801,2020.14519804344,310000000,NA
203,211,0.00817767271355338,40.8126274634297,-73.8955883070074,40.805911469007,-73.9197111264649,0.00832318467751408,0.000145511963960704,2020.14088825801,2020.14906593072,310000000,NA
204,205,0.0029943495550436,40.7937728055383,-73.9158162387116,40.7908350264336,-73.9333034577005,0.00744964694685352,0.00445529739180991,2020.14519804344,2020.14819239299,310000000,NA
204,210,0.00416768146011653,40.7937728055383,-73.9158162387116,40.7757380845242,-73.9035736536128,0.00862297885192645,0.00445529739180991,2020.14519804344,2020.1493657249,310000000,NA
205,209,0.0285492225800004,40.7908350264336,-73.9333034577005,40.8191787816362,-73.8382946539357,0.0359988695268539,0.00744964694685352,2020.14819239299,2020.17674161557,310000000,NA
205,206,0.00234353096022641,40.7908350264336,-73.9333034577005,40.7908224004508,-73.9089518956606,0.00979317790707993,0.00744964694685352,2020.14819239299,2020.15053592395,310000000,NA
206,88,0.0571143492686253,40.7908224004508,-73.9089518956606,40.7785762122093,-73.8201928720758,0.0669075271757053,0.00979317790707993,2020.15053592395,2020.20765027322,310000000,hCoV-19/USA/NY-NYUMC28/2020
206,207,0.0283435278674536,40.7908224004508,-73.9089518956606,40.780630548223,-73.934514573713,0.0381367057745335,0.00979317790707993,2020.15053592395,2020.17887945182,310000000,NA
207,89,0.0560932257810736,40.780630548223,-73.934514573713,40.7649441556046,-73.867069336295,0.0942299315556071,0.0381367057745335,2020.17887945182,2020.2349726776,310000000,hCoV-19/USA/NY-NYUMC816/2020
207,208,0.00220762711247563,40.780630548223,-73.934514573713,40.7805289622552,-73.9265481641427,0.0403443328870091,0.0381367057745335,2020.17887945182,2020.18108707893,310000000,NA
208,91,0.0675468008487718,40.7805289622552,-73.9265481641427,40.6399725452656,-74.0166689205824,0.107891133735781,0.0403443328870091,2020.18108707893,2020.24863387978,310000000,hCoV-19/USA/NY-NYUMC227/2020
208,90,0.119459369158716,40.7805289622552,-73.9265481641427,40.8802618065014,-73.9136062455795,0.159803702045726,0.0403443328870091,2020.18108707893,2020.30054644809,310000000,hCoV-19/USA/NY-NYUMC457/2020
209,93,0.104679149458761,40.8191787816362,-73.8382946539357,40.8349009397891,-73.8696575822929,0.140678018985615,0.0359988695268539,2020.17674161557,2020.28142076503,310000000,hCoV-19/USA/NY-NYUMC403/2020
209,92,0.0910179472688102,40.8191787816362,-73.8382946539357,40.6290245473757,-74.012788839086,0.127016816795664,0.0359988695268539,2020.17674161557,2020.26775956284,310000000,hCoV-19/USA/NY-NYUMC358/2020
210,94,0.0938036740136949,40.7757380845242,-73.9035736536128,40.7215438533111,-74.0107212261745,0.102426652865621,0.00862297885192645,2020.1493657249,2020.24316939891,310000000,hCoV-19/USA/NY-NYUMC562/2020
210,95,0.0910714335738403,40.7757380845242,-73.9035736536128,40.7147122733967,-73.9840697384067,0.0996944124257667,0.00862297885192645,2020.1493657249,2020.24043715847,310000000,hCoV-19/USA/NY-NYUMC534/2020
211,226,0.00045740037890063,40.805911469007,-73.9197111264649,40.8069268827883,-73.912417802789,0.00878058505641471,0.00832318467751408,2020.14906593072,2020.1495233311,310000000,NA
211,212,0.000801161145841972,40.805911469007,-73.9197111264649,40.8134177041159,-73.9115753257745,0.00912434582335606,0.00832318467751408,2020.14906593072,2020.14986709187,310000000,NA
212,213,0.0219519800784817,40.8134177041159,-73.9115753257745,40.7974852478718,-73.9333127960774,0.0310763259018378,0.00912434582335606,2020.14986709187,2020.17181907195,310000000,NA
212,216,0.000315586742070995,40.8134177041159,-73.9115753257745,40.8138990405523,-73.9096498858632,0.00943993256542705,0.00912434582335606,2020.14986709187,2020.15018267861,310000000,NA
213,214,0.00793869321872948,40.7974852478718,-73.9333127960774,40.8083315578725,-73.9124237404669,0.0390150191205672,0.0310763259018378,2020.17181907195,2020.17975776517,310000000,NA
213,99,0.0768148078339432,40.7974852478718,-73.9333127960774,40.7008295433296,-73.9172722506676,0.107891133735781,0.0310763259018378,2020.17181907195,2020.24863387978,310000000,hCoV-19/USA/NY-NYUMC192/2020
214,96,0.077072835925228,40.8083315578725,-73.9124237404669,40.6083150762306,-74.0300277484271,0.116087855045795,0.0390150191205672,2020.17975776517,2020.25683060109,310000000,hCoV-19/USA/NY-NYUMC277/2020
214,215,0.00195834112410492,40.8083315578725,-73.9124237404669,40.8095956344039,-73.9210430579952,0.0409733602446722,0.0390150191205672,2020.17975776517,2020.18171610629,310000000,NA
215,98,0.0286664073711151,40.8095956344039,-73.9210430579952,40.7425443983127,-73.9955084973818,0.0696397676157873,0.0409733602446722,2020.18171610629,2020.21038251366,310000000,hCoV-19/USA/NY-NYUMC921/2020
215,97,0.0723822543710455,40.8095956344039,-73.9210430579952,40.6914123560652,-73.8232457742389,0.113355614615718,0.0409733602446722,2020.18171610629,2020.25409836066,310000000,hCoV-19/USA/NY-NYUMC598/2020
216,100,0.101183441610209,40.8138990405523,-73.9096498858632,40.6939227168328,-73.7538659411165,0.110623374175636,0.00943993256542705,2020.15018267861,2020.25136612022,310000000,hCoV-19/USA/NY-NYUMC617/2020
216,217,4.48603740848819e-05,40.8138990405523,-73.9096498858632,40.8147668117933,-73.9058694312687,0.00948479293951193,0.00943993256542705,2020.15018267861,2020.15022753898,310000000,NA
217,218,0.00088005969305921,40.8147668117933,-73.9058694312687,40.8114040869753,-73.889510142674,0.0103648526325711,0.00948479293951193,2020.15022753898,2020.15110759868,310000000,NA
217,222,0.026722608204845,40.8147668117933,-73.9058694312687,40.7974583512124,-73.9399759644996,0.0362074011443569,0.00948479293951193,2020.15022753898,2020.17695014719,310000000,NA
218,219,0.0240111730557984,40.8114040869753,-73.889510142674,40.8478125582054,-73.9279652635834,0.0343760256883695,0.0103648526325711,2020.15110759868,2020.17511877173,310000000,NA
218,105,0.0920618002330502,40.8114040869753,-73.889510142674,40.6680304230839,-73.7756889246019,0.102426652865621,0.0103648526325711,2020.15110759868,2020.24316939891,310000000,hCoV-19/USA/NY-NYUMC315/2020
219,220,0.00294723814632336,40.8478125582054,-73.9279652635834,40.838353539317,-73.9151063653608,0.0373232638346929,0.0343760256883695,2020.17511877173,2020.17806600988,310000000,NA
219,221,0.00357101581009078,40.8478125582054,-73.9279652635834,40.8573173381213,-73.9207275587999,0.0379470414984603,0.0343760256883695,2020.17511877173,2020.17868978754,310000000,NA
220,102,0.0651033890309285,40.838353539317,-73.9151063653608,40.7090990230733,-73.9544816120308,0.102426652865621,0.0373232638346929,2020.17806600988,2020.24316939891,310000000,hCoV-19/USA/NY-NYUMC417/2020
220,101,0.0733001103409427,40.838353539317,-73.9151063653608,40.8501959648434,-73.9046874548666,0.110623374175636,0.0373232638346929,2020.17806600988,2020.25136612022,310000000,hCoV-19/USA/NY-NYUMC613/2020
221,103,0.0726763326771753,40.8573173381213,-73.9207275587999,40.8316369096351,-73.9180837614849,0.110623374175636,0.0379470414984603,2020.17868978754,2020.25136612022,310000000,hCoV-19/USA/NY-NYUMC621/2020
221,104,0.064479611367161,40.8573173381213,-73.9207275587999,40.8834703978805,-73.9117501296647,0.102426652865621,0.0379470414984603,2020.17868978754,2020.24316939891,310000000,hCoV-19/USA/NY-NYUMC519/2020
222,106,0.0580225304112502,40.7974583512124,-73.9399759644996,40.7475976717573,-73.9694062838136,0.0942299315556071,0.0362074011443569,2020.17695014719,2020.2349726776,310000000,hCoV-19/USA/NY-NYUMC781/2020
222,223,6.25149877941933e-06,40.7974583512124,-73.9399759644996,40.797296741864,-73.9406277711392,0.0362136526431363,0.0362074011443569,2020.17695014719,2020.17695639869,310000000,NA
223,110,0.0662130002224851,40.797296741864,-73.9406277711392,40.8962883753214,-73.8488124646681,0.102426652865621,0.0362136526431363,2020.17695639869,2020.24316939891,310000000,hCoV-19/USA/NY-NYUMC681/2020
223,224,0.00366483836157017,40.797296741864,-73.9406277711392,40.7882377614627,-73.9315396531779,0.0398784910047065,0.0362136526431363,2020.17695639869,2020.18062123705,310000000,NA
224,225,0.000526413173683182,40.7882377614627,-73.9315396531779,40.7832566040086,-73.9274735363751,0.0404049041783897,0.0398784910047065,2020.18062123705,2020.18114765022,310000000,NA
224,107,0.0625481618609149,40.7882377614627,-73.9315396531779,40.8771773797914,-73.8691373798826,0.102426652865621,0.0398784910047065,2020.18062123705,2020.24316939891,310000000,hCoV-19/USA/NY-NYUMC549/2020
225,108,0.171311366167276,40.7832566040086,-73.9274735363751,40.6716029294849,-73.9647051965108,0.211716270345666,0.0404049041783897,2020.18114765022,2020.35245901639,310000000,hCoV-19/USA/NY-NYUMC897/2020
225,109,0.100273114807225,40.7832566040086,-73.9274735363751,40.7810731493629,-73.9775037412263,0.140678018985615,0.0404049041783897,2020.18114765022,2020.28142076503,310000000,hCoV-19/USA/NY-NYUMC331/2020
226,115,0.101842789119221,40.8069268827883,-73.912417802789,40.8597367133706,-73.886018871727,0.110623374175636,0.00878058505641471,2020.1495233311,2020.25136612022,310000000,hCoV-19/USA/NY-NYUMC607/2020
226,227,0.000972389631947707,40.8069268827883,-73.912417802789,40.8032422462299,-73.9144538488217,0.00975297468836242,0.00878058505641471,2020.1495233311,2020.15049572073,310000000,NA
227,228,0.0213699166909915,40.8032422462299,-73.9144538488217,40.808838435087,-73.8892917900194,0.0311228913793539,0.00975297468836242,2020.15049572073,2020.17186563742,310000000,NA
227,111,0.08174471642739,40.8032422462299,-73.9144538488217,40.7062363392504,-74.0065911505287,0.0914976911157525,0.00975297468836242,2020.15049572073,2020.23224043716,310000000,hCoV-19/USA/NY-NYUMC722/2020
228,112,0.0795004827962817,40.808838435087,-73.8892917900194,40.8419164991737,-73.902066652187,0.110623374175636,0.0311228913793539,2020.17186563742,2020.25136612022,310000000,hCoV-19/USA/NY-NYUMC637/2020
228,229,0.0067013008563081,40.808838435087,-73.8892917900194,40.8310385478043,-73.8403328254727,0.037824192235662,0.0311228913793539,2020.17186563742,2020.17856693828,310000000,NA
229,114,0.0755314223800556,40.8310385478043,-73.8403328254727,40.7378252930322,-73.8600873228515,0.113355614615718,0.037824192235662,2020.17856693828,2020.25409836066,310000000,hCoV-19/USA/NY-NYUMC590/2020
229,113,0.0700669415001189,40.8310385478043,-73.8403328254727,40.821853079012,-73.8728960823823,0.107891133735781,0.037824192235662,2020.17856693828,2020.24863387978,310000000,hCoV-19/USA/NY-NYUMC161/2020
