node1,node2,length,startLat,startLon,endLat,endLon,endNodeL,startNodeL,startYear,endYear,treeID,tipLabel
116,117,0.0182667563557281,40.7329687616705,-73.9103578147414,40.7098055902427,-73.953406477504,0.0182667563557281,0,2020.14191512694,2020.1601818833,160600000,NA
116,145,0.00153976782413254,40.7329687616705,-73.9103578147414,40.7272140958924,-73.9133474826866,0.00153976782413254,0,2020.14191512694,2020.14345489476,160600000,NA
117,123,0.0054011193204139,40.7098055902427,-73.953406477504,40.7539940586202,-73.9439633739208,0.023667875676142,0.0182667563557281,2020.1601818833,2020.16558300262,160600000,NA
117,118,0.011094020785223,40.7098055902427,-73.953406477504,40.7197916713843,-73.933296549488,0.0293607771409511,0.0182667563557281,2020.1601818833,2020.17127590408,160600000,NA
118,1,0.0391066095747428,40.7197916713843,-73.933296549488,40.8181614505972,-73.9122826088561,0.0684673867156939,0.0293607771409511,2020.17127590408,2020.21038251366,160600000,hCoV-19/USA/NY-NYUMC98/2020
118,119,0.0028635165013858,40.7197916713843,-73.933296549488,40.7154708049912,-73.9438855519226,0.0322242936423369,0.0293607771409511,2020.17127590408,2020.17413942058,160600000,NA
119,121,0.000439269156965183,40.7154708049912,-73.9438855519226,40.7184921439399,-73.949182552831,0.032663562799302,0.0322242936423369,2020.17413942058,2020.17457868974,160600000,NA
119,120,0.000351018820922949,40.7154708049912,-73.9438855519226,40.71326327529,-73.9419682535826,0.0325753124632598,0.0322242936423369,2020.17413942058,2020.1744904394,160600000,NA
120,2,0.0741434403724277,40.71326327529,-73.9419682535826,40.6388370891847,-74.0342455387953,0.106718752835688,0.0325753124632598,2020.1744904394,2020.24863387978,160600000,hCoV-19/USA/NY-NYUMC205/2020
120,3,0.035892074252434,40.71326327529,-73.9419682535826,40.7222633484931,-73.972712625832,0.0684673867156939,0.0325753124632598,2020.1744904394,2020.21038251366,160600000,hCoV-19/USA/NY-NYUMC73/2020
121,122,0.0217407665213125,40.7184921439399,-73.949182552831,40.7133459043164,-73.9275273105864,0.0544043293206146,0.032663562799302,2020.17457868974,2020.19631945626,160600000,NA
121,4,0.0358038239163918,40.7184921439399,-73.949182552831,40.8382009170989,-73.9312211632961,0.0684673867156939,0.032663562799302,2020.17457868974,2020.21038251366,160600000,hCoV-19/USA/NY-NYUMC58/2020
122,5,0.0359209808950445,40.7133459043164,-73.9275273105864,40.7411476384798,-73.8762826664071,0.090325310215659,0.0544043293206146,2020.19631945626,2020.23224043716,160600000,hCoV-19/USA/NY-NYUMC718/2020
122,6,0.0714401065749561,40.7133459043164,-73.9275273105864,40.7503489458025,-73.8833064187928,0.125844435895571,0.0544043293206146,2020.19631945626,2020.26775956284,160600000,hCoV-19/USA/NY-NYUMC343/2020
123,124,0.000698512549353492,40.7539940586202,-73.9439633739208,40.7564329897879,-73.9384587213742,0.0243663882254954,0.023667875676142,2020.16558300262,2020.16628151517,160600000,NA
123,7,0.0885153580394823,40.7539940586202,-73.9439633739208,40.812422822372,-73.9652792975437,0.112183233715624,0.023667875676142,2020.16558300262,2020.25409836066,160600000,hCoV-19/USA/NY-NYUMC214/2020
124,134,0.00535798305217311,40.7564329897879,-73.9384587213742,40.7454125179431,-73.9454928200127,0.0297243712776686,0.0243663882254954,2020.16628151517,2020.17163949822,160600000,NA
124,125,0.00520685670707416,40.7564329897879,-73.9384587213742,40.7525585688965,-73.917032100336,0.0295732449325696,0.0243663882254954,2020.16628151517,2020.17148837187,160600000,NA
125,126,0.0014773321653663,40.7525585688965,-73.917032100336,40.7476911788533,-73.9160326613823,0.0310505770979359,0.0295732449325696,2020.17148837187,2020.17296570404,160600000,NA
125,17,0.0634843057229441,40.7525585688965,-73.917032100336,40.7409084036884,-73.975026914831,0.0930575506555137,0.0295732449325696,2020.17148837187,2020.2349726776,160600000,hCoV-19/USA/NY-NYUMC794/2020
126,127,0.00162998432847905,40.7476911788533,-73.9160326613823,40.7290287460969,-73.9304572991702,0.032680561426415,0.0310505770979359,2020.17296570404,2020.17459568837,160600000,NA
126,129,0.000898100399407048,40.7476911788533,-73.9160326613823,40.7518711956656,-73.9211690411595,0.031948677497343,0.0310505770979359,2020.17296570404,2020.17386380444,160600000,NA
127,8,0.0740381914092726,40.7290287460969,-73.9304572991702,40.8047637852378,-73.9033705317336,0.106718752835688,0.032680561426415,2020.17459568837,2020.24863387978,160600000,hCoV-19/USA/NY-NYUMC160/2020
127,128,0.00141769211390613,40.7290287460969,-73.9304572991702,40.7257311381779,-73.9473112049248,0.0340982535403211,0.032680561426415,2020.17459568837,2020.17601338048,160600000,NA
128,10,0.089013941915395,40.7257311381779,-73.9473112049248,40.6077120967572,-74.0257371525227,0.123112195455716,0.0340982535403211,2020.17601338048,2020.2650273224,160600000,hCoV-19/USA/NY-NYUMC345/2020
128,9,0.127265308035389,40.7257311381779,-73.9473112049248,40.723157636455,-73.7561637961299,0.16136356157571,0.0340982535403211,2020.17601338048,2020.30327868852,160600000,hCoV-19/USA/NY-NYUMC430/2020
129,130,0.00226469546106692,40.7518711956656,-73.9211690411595,40.7677815375616,-73.9269985601636,0.0342133729584099,0.031948677497343,2020.17386380444,2020.1761284999,160600000,NA
129,131,0.00124082351069682,40.7518711956656,-73.9211690411595,40.7386255426363,-73.9372244004629,0.0331895010080398,0.031948677497343,2020.17386380444,2020.17510462795,160600000,NA
130,11,0.0970955438170975,40.7677815375616,-73.9269985601636,40.6467685514761,-74.0194182811825,0.131308916775507,0.0342133729584099,2020.1761284999,2020.27322404372,160600000,hCoV-19/USA/NY-NYUMC380/2020
130,12,0.031521773317202,40.7677815375616,-73.9269985601636,40.7638571704065,-73.9767240482703,0.0657351462756118,0.0342133729584099,2020.1761284999,2020.20765027322,160600000,hCoV-19/USA/NY-NYUMC19/2020
131,132,0.000663988068407839,40.7386255426363,-73.9372244004629,40.7347017308165,-73.9337808239078,0.0338534890764476,0.0331895010080398,2020.17510462795,2020.17576861602,160600000,NA
131,13,0.0352778857076541,40.7386255426363,-73.9372244004629,40.8253841614649,-73.8695040934939,0.0684673867156939,0.0331895010080398,2020.17510462795,2020.21038251366,160600000,hCoV-19/USA/NY-NYUMC92/2020
132,16,0.0674007828890803,40.7347017308165,-73.9337808239078,40.7650854401131,-73.9119679895446,0.101254271965528,0.0338534890764476,2020.17576861602,2020.24316939891,160600000,hCoV-19/USA/NY-NYUMC504/2020
132,133,0.0211452238344997,40.7347017308165,-73.9337808239078,40.6683364175221,-73.9401409009708,0.0549987129109473,0.0338534890764476,2020.17576861602,2020.19691383985,160600000,NA
133,15,0.0134686738047466,40.6683364175221,-73.9401409009708,40.628209360166,-73.9666816870668,0.0684673867156939,0.0549987129109473,2020.19691383985,2020.21038251366,160600000,hCoV-19/USA/NY-NYUMC86/2020
133,14,0.0517200399247403,40.6683364175221,-73.9401409009708,40.6653817777259,-73.9264758790228,0.106718752835688,0.0549987129109473,2020.19691383985,2020.24863387978,160600000,hCoV-19/USA/NY-NYUMC198/2020
134,139,0.00132016268379129,40.7454125179431,-73.9454928200127,40.7376666791106,-73.9429203258724,0.0310445339614598,0.0297243712776686,2020.17163949822,2020.1729596609,160600000,NA
134,135,0.00293622652223799,40.7454125179431,-73.9454928200127,40.7184353049605,-73.9496195547532,0.0326605977999065,0.0297243712776686,2020.17163949822,2020.17457572474,160600000,NA
135,136,0.00151496986982558,40.7184353049605,-73.9496195547532,40.7311699356958,-73.9506192774119,0.0341755676697321,0.0326605977999065,2020.17457572474,2020.17609069461,160600000,NA
135,22,0.112309521155775,40.7184353049605,-73.9496195547532,40.7506692928476,-73.8318081134341,0.144970118955681,0.0326605977999065,2020.17457572474,2020.2868852459,160600000,hCoV-19/USA/NY-NYUMC445/2020
136,137,0.0329329160823544,40.7311699356958,-73.9506192774119,40.8531434608537,-73.9092958208207,0.0671084837520865,0.0341755676697321,2020.17609069461,2020.20902361069,160600000,NA
136,21,0.0862043873559064,40.7311699356958,-73.9506192774119,40.6222086603226,-74.0262024676932,0.120379955025638,0.0341755676697321,2020.17609069461,2020.26229508197,160600000,hCoV-19/USA/NY-NYUMC242/2020
137,138,0.103922702677532,40.8531434608537,-73.9092958208207,40.8782814972402,-73.8245579035855,0.171031186429618,0.0671084837520865,2020.20902361069,2020.31294631337,160600000,NA
137,20,0.00135890296360733,40.8531434608537,-73.9092958208207,40.861592470062,-73.9039698337492,0.0684673867156939,0.0671084837520865,2020.20902361069,2020.21038251366,160600000,hCoV-19/USA/NY-NYUMC121/2020
138,19,0.0367804625861039,40.8782814972402,-73.8245579035855,40.7455366173031,-73.8713060054886,0.207811649015722,0.171031186429618,2020.31294631337,2020.34972677596,160600000,hCoV-19/USA/NY-NYUMC912/2020
138,18,0.00672581777589708,40.8782814972402,-73.8245579035855,40.8525809483289,-73.8824918548016,0.177757004205515,0.171031186429618,2020.31294631337,2020.31967213115,160600000,hCoV-19/USA/NY-NYUMC904/2020
139,141,0.00254340552275803,40.7376666791106,-73.9429203258724,40.7407259034839,-73.9275416522472,0.0335879394842179,0.0310445339614598,2020.1729596609,2020.17550306642,160600000,NA
139,140,0.00320817391500741,40.7376666791106,-73.9429203258724,40.6989552702889,-73.9599624154982,0.0342527078764673,0.0310445339614598,2020.1729596609,2020.17616783482,160600000,NA
140,23,0.0560726023391918,40.6989552702889,-73.9599624154982,40.6051641866784,-73.945295817838,0.090325310215659,0.0342527078764673,2020.17616783482,2020.23224043716,160600000,hCoV-19/USA/NY-NYUMC701/2020
140,24,0.0670015640890607,40.6989552702889,-73.9599624154982,40.5588971737886,-73.8909094525008,0.101254271965528,0.0342527078764673,2020.17616783482,2020.24316939891,160600000,hCoV-19/USA/NY-NYUMC229/2020
141,142,0.00056051685953673,40.7407259034839,-73.9275416522472,40.7223884608099,-73.9297647654871,0.0341484563437546,0.0335879394842179,2020.17550306642,2020.17606358328,160600000,NA
141,25,0.0840597751013386,40.7407259034839,-73.9275416522472,40.6475212049097,-74.0085205919159,0.117647714585556,0.0335879394842179,2020.17550306642,2020.25956284153,160600000,hCoV-19/USA/NY-NYUMC256/2020
142,143,0.000112236067867588,40.7223884608099,-73.9297647654871,40.7243578718498,-73.9338103571577,0.0342606924116222,0.0341484563437546,2020.17606358328,2020.17617581935,160600000,NA
142,26,0.0725702964919329,40.7223884608099,-73.9297647654871,40.8752475410637,-73.8308761485969,0.106718752835688,0.0341484563437546,2020.17606358328,2020.24863387978,160600000,hCoV-19/USA/NY-NYUMC591/2020
143,144,0.0321446809115367,40.7243578718498,-73.9338103571577,40.673637831084,-73.9929593055856,0.0664053733231589,0.0342606924116222,2020.17617581935,2020.20832050026,160600000,NA
143,29,0.0560646178040368,40.7243578718498,-73.9338103571577,40.8743030412893,-73.8244020667962,0.090325310215659,0.0342606924116222,2020.17617581935,2020.23224043716,160600000,hCoV-19/USA/NY-NYUMC739/2020
144,28,0.0430456199523833,40.673637831084,-73.9929593055856,40.5977016778057,-74.1678054481681,0.109450993275542,0.0664053733231589,2020.20832050026,2020.25136612022,160600000,hCoV-19/USA/NY-NYUMC636/2020
144,27,0.034848898642369,40.673637831084,-73.9929593055856,40.5883420183825,-74.0849556623747,0.101254271965528,0.0664053733231589,2020.20832050026,2020.24316939891,160600000,hCoV-19/USA/NY-NYUMC302/2020
145,205,0.00901760071901672,40.7272140958924,-73.9133474826866,40.7288371489955,-73.9163281784846,0.0105573685431493,0.00153976782413254,2020.14345489476,2020.15247249548,160600000,NA
145,146,0.000279203114897375,40.7272140958924,-73.9133474826866,40.7241328551449,-73.9048316231953,0.00181897093902991,0.00153976782413254,2020.14345489476,2020.14373409788,160600000,NA
146,147,0.00137175744394272,40.7241328551449,-73.9048316231953,40.7223596530732,-73.9120404590073,0.00319072838297263,0.00181897093902991,2020.14373409788,2020.14510585532,160600000,NA
146,180,0.000759539182549174,40.7241328551449,-73.9048316231953,40.7306415176026,-73.9110223627748,0.00257851012157909,0.00181897093902991,2020.14373409788,2020.14449363706,160600000,NA
147,161,0.00191711067234562,40.7223596530732,-73.9120404590073,40.7243943719172,-73.9182139680974,0.00510783905531825,0.00319072838297263,2020.14510585532,2020.147022966,160600000,NA
147,148,0.0022166854353568,40.7223596530732,-73.9120404590073,40.718634818011,-73.9019292780495,0.00540741381832943,0.00319072838297263,2020.14510585532,2020.14732254076,160600000,NA
148,149,0.0210621470818472,40.718634818011,-73.9019292780495,40.6752139993727,-73.9136436569311,0.0264695609001766,0.00540741381832943,2020.14732254076,2020.16838468784,160600000,NA
148,160,0.0753588920174968,40.718634818011,-73.9019292780495,40.8246171225281,-73.9198730442372,0.0807663058358262,0.00540741381832943,2020.14732254076,2020.22268143278,160600000,NA
149,150,0.00275335986402894,40.6752139993727,-73.9136436569311,40.6622725920762,-73.8950806550826,0.0292229207642056,0.0264695609001766,2020.16838468784,2020.1711380477,160600000,NA
149,151,0.00650713424709562,40.6752139993727,-73.9136436569311,40.7143790877,-73.8484203645153,0.0329766951472723,0.0264695609001766,2020.16838468784,2020.17489182209,160600000,NA
150,31,0.0829603129514186,40.6622725920762,-73.8950806550826,40.6448675988566,-74.0129848272053,0.112183233715624,0.0292229207642056,2020.1711380477,2020.25409836066,160600000,hCoV-19/USA/NY-NYUMC217/2020
150,30,0.0720313512013224,40.6622725920762,-73.8950806550826,40.7215438533111,-74.0107212261745,0.101254271965528,0.0292229207642056,2020.1711380477,2020.24316939891,160600000,hCoV-19/USA/NY-NYUMC562/2020
151,158,0.000667226876311988,40.7143790877,-73.8484203645153,40.7158264648505,-73.851775394603,0.0336439220235842,0.0329766951472723,2020.17489182209,2020.17555904896,160600000,NA
151,152,0.000621366117999123,40.7143790877,-73.8484203645153,40.7091359398422,-73.8584053235924,0.0335980612652714,0.0329766951472723,2020.17489182209,2020.17551318821,160600000,NA
152,153,0.000264047363269682,40.7091359398422,-73.8584053235924,40.711024809633,-73.8565822981069,0.0338621086285411,0.0335980612652714,2020.17551318821,2020.17577723557,160600000,NA
152,155,0.000541819434718344,40.7091359398422,-73.8584053235924,40.7051737920793,-73.8542376793049,0.0341398806999897,0.0335980612652714,2020.17551318821,2020.17605500764,160600000,NA
153,154,0.000173154843896739,40.711024809633,-73.8565822981069,40.7172047943065,-73.8533099085892,0.0340352634724378,0.0338621086285411,2020.17577723557,2020.17595039041,160600000,NA
153,34,0.0865178463970974,40.711024809633,-73.8565822981069,40.7554249611612,-73.9308766687067,0.120379955025638,0.0338621086285411,2020.17577723557,2020.26229508197,160600000,hCoV-19/USA/NY-NYUMC291/2020
154,33,0.0562900467432212,40.7172047943065,-73.8533099085892,40.7498177869327,-73.8703546504848,0.090325310215659,0.0340352634724378,2020.17595039041,2020.23224043716,160600000,hCoV-19/USA/NY-NYUMC688/2020
154,32,0.0672190084930901,40.7172047943065,-73.8533099085892,40.6680304230839,-73.7756889246019,0.101254271965528,0.0340352634724378,2020.17595039041,2020.24316939891,160600000,hCoV-19/USA/NY-NYUMC315/2020
155,156,0.000195324377193912,40.7051737920793,-73.8542376793049,40.7040563629522,-73.840991494471,0.0343352050771836,0.0341398806999897,2020.17605500764,2020.17625033202,160600000,NA
155,35,0.0671143912655382,40.7051737920793,-73.8542376793049,40.7310603598748,-73.7551691877445,0.101254271965528,0.0341398806999897,2020.17605500764,2020.24316939891,160600000,hCoV-19/USA/NY-NYUMC541/2020
156,157,0.0108946581816433,40.7040563629522,-73.840991494471,40.7675028491283,-73.8332497676357,0.0452298632588269,0.0343352050771836,2020.17625033202,2020.1871449902,160600000,NA
156,36,0.0341321816385102,40.7040563629522,-73.840991494471,40.7882338398297,-73.7974970231813,0.0684673867156939,0.0343352050771836,2020.17625033202,2020.21038251366,160600000,hCoV-19/USA/NY-NYUMC80/2020
157,37,0.0587566491367786,40.7675028491283,-73.8332497676357,40.7477077119598,-73.7231794427818,0.103986512395606,0.0452298632588269,2020.1871449902,2020.24590163934,160600000,hCoV-19/USA/NY-NYUMC559/2020
157,38,0.0669533704567973,40.7675028491283,-73.8332497676357,40.7378252930322,-73.8600873228515,0.112183233715624,0.0452298632588269,2020.1871449902,2020.25409836066,160600000,hCoV-19/USA/NY-NYUMC590/2020
158,159,0.0263857587309242,40.7158264648505,-73.851775394603,40.7656880513829,-73.8534297156363,0.0600296807545084,0.0336439220235842,2020.17555904896,2020.2019448077,160600000,NA
158,41,0.0594136286319294,40.7158264648505,-73.851775394603,40.6688046807674,-73.7778079124982,0.0930575506555137,0.0336439220235842,2020.17555904896,2020.2349726776,160600000,hCoV-19/USA/NY-NYUMC811/2020
159,39,0.0494213125210338,40.7656880513829,-73.8534297156363,40.8597367133706,-73.886018871727,0.109450993275542,0.0600296807545084,2020.2019448077,2020.25136612022,160600000,hCoV-19/USA/NY-NYUMC607/2020
159,40,0.057618033831048,40.7656880513829,-73.8534297156363,40.6223228014726,-74.0349354558214,0.117647714585556,0.0600296807545084,2020.2019448077,2020.25956284153,160600000,hCoV-19/USA/NY-NYUMC253/2020
160,43,0.0204879661297017,40.8246171225281,-73.9198730442372,40.8962883753214,-73.8488124646681,0.101254271965528,0.0807663058358262,2020.22268143278,2020.24316939891,160600000,hCoV-19/USA/NY-NYUMC681/2020
160,42,0.077865015309806,40.8246171225281,-73.9198730442372,40.8802618065014,-73.9136062455795,0.158631321145632,0.0807663058358262,2020.22268143278,2020.30054644809,160600000,hCoV-19/USA/NY-NYUMC457/2020
161,169,0.000816930104502428,40.7243943719172,-73.9182139680974,40.7225570610461,-73.9149943792881,0.00592476915982068,0.00510783905531825,2020.147022966,2020.1478398961,160600000,NA
161,162,0.0250500933635949,40.7243943719172,-73.9182139680974,40.6920860350284,-73.900464477489,0.0301579324189131,0.00510783905531825,2020.147022966,2020.17207305936,160600000,NA
162,163,0.00178949209523052,40.6920860350284,-73.900464477489,40.6870706176815,-73.9176169428107,0.0319474245141436,0.0301579324189131,2020.17207305936,2020.17386255145,160600000,NA
162,168,0.00404870868186891,40.6920860350284,-73.900464477489,40.7141606355518,-73.9149747079146,0.034206641100782,0.0301579324189131,2020.17207305936,2020.17612176804,160600000,NA
163,166,0.00239396878884426,40.6870706176815,-73.9176169428107,40.7070399013072,-73.9235856361008,0.0343413933029879,0.0319474245141436,2020.17386255145,2020.17625652024,160600000,NA
163,164,0.000604764066424901,40.6870706176815,-73.9176169428107,40.6879453398281,-73.9169660758681,0.0325521885805685,0.0319474245141436,2020.17386255145,2020.17446731552,160600000,NA
164,165,0.000364023580171596,40.6879453398281,-73.9169660758681,40.6771666573761,-73.9168191240382,0.0329162121607401,0.0325521885805685,2020.17446731552,2020.1748313391,160600000,NA
164,46,0.0550408811950085,40.6879453398281,-73.9169660758681,40.6274803931168,-74.0026948483706,0.087593069775577,0.0325521885805685,2020.17446731552,2020.22950819672,160600000,hCoV-19/USA/NY-NYUMC826/2020
165,45,0.0901959832949759,40.6771666573761,-73.9168191240382,40.633921006965,-73.9954237712867,0.123112195455716,0.0329162121607401,2020.1748313391,2020.2650273224,160600000,hCoV-19/USA/NY-NYUMC354/2020
165,44,0.0355511745549537,40.6771666573761,-73.9168191240382,40.7493569591868,-73.8246411190464,0.0684673867156939,0.0329162121607401,2020.1748313391,2020.21038251366,160600000,hCoV-19/USA/NY-NYUMC94/2020
166,49,0.0395904742926426,40.7070399013072,-73.9235856361008,40.7346805563875,-73.9226783846122,0.0739318675956305,0.0343413933029879,2020.17625652024,2020.21584699454,160600000,hCoV-19/USA/NY-NYUMC748/2020
166,167,0.00818949606425942,40.7070399013072,-73.9235856361008,40.7714598471022,-73.9375962758413,0.0425308893672473,0.0343413933029879,2020.17625652024,2020.18444601631,160600000,NA
167,48,0.0641878634684402,40.7714598471022,-73.9375962758413,40.6374920734337,-74.0091464591969,0.106718752835688,0.0425308893672473,2020.18444601631,2020.24863387978,160600000,hCoV-19/USA/NY-NYUMC158/2020
167,47,0.0587233825982806,40.7714598471022,-73.9375962758413,40.8819720108401,-73.866318883948,0.101254271965528,0.0425308893672473,2020.18444601631,2020.24316939891,160600000,hCoV-19/USA/NY-NYUMC517/2020
168,50,0.0424574669249261,40.7141606355518,-73.9149747079146,40.7561354787091,-73.9775659266455,0.0766641080257081,0.034206641100782,2020.17612176804,2020.21857923497,160600000,hCoV-19/USA/NY-NYUMC719/2020
168,51,0.0670476308647459,40.7141606355518,-73.9149747079146,40.6816690112425,-73.800780147207,0.101254271965528,0.034206641100782,2020.17612176804,2020.24316939891,160600000,hCoV-19/USA/NY-NYUMC567/2020
169,176,0.0243954027186201,40.7225570610461,-73.9149943792881,40.6560337105265,-73.911641539153,0.0303201718784408,0.00592476915982068,2020.1478398961,2020.17223529882,160600000,NA
169,170,0.00625370632211106,40.7225570610461,-73.9149943792881,40.7480115111994,-73.895762970093,0.0121784754819317,0.00592476915982068,2020.1478398961,2020.15409360242,160600000,NA
170,173,0.0206410900807577,40.7480115111994,-73.895762970093,40.7387233054034,-73.8971854682282,0.0328195655626895,0.0121784754819317,2020.15409360242,2020.1747346925,160600000,NA
170,171,0.0193512119489163,40.7480115111994,-73.895762970093,40.6926377482098,-73.941505186432,0.031529687430848,0.0121784754819317,2020.15409360242,2020.17344481437,160600000,NA
171,172,0.00225539184810791,40.6926377482098,-73.941505186432,40.6798077802768,-73.9627341454074,0.0337850792789559,0.031529687430848,2020.17344481437,2020.17570020622,160600000,NA
171,54,0.0697245845346799,40.6926377482098,-73.941505186432,40.7221733794738,-73.9755508029667,0.101254271965528,0.031529687430848,2020.17344481437,2020.24316939891,160600000,hCoV-19/USA/NY-NYUMC414/2020
172,52,0.0702014331166496,40.6798077802768,-73.9627341454074,40.7790452494831,-73.9093402245291,0.103986512395606,0.0337850792789559,2020.17570020622,2020.24590163934,160600000,hCoV-19/USA/NY-NYUMC589/2020
172,53,0.124846241866676,40.6798077802768,-73.9627341454074,40.6798998050019,-73.8487577777653,0.158631321145632,0.0337850792789559,2020.17570020622,2020.30054644809,160600000,hCoV-19/USA/NY-NYUMC432/2020
173,55,0.0602379850928242,40.7387233054034,-73.8971854682282,40.8177010134899,-73.8312716311785,0.0930575506555137,0.0328195655626895,2020.1747346925,2020.2349726776,160600000,hCoV-19/USA/NY-NYUMC825/2020
173,174,0.00148313480625781,40.7387233054034,-73.8971854682282,40.728092469932,-73.8886987937225,0.0343027003689473,0.0328195655626895,2020.1747346925,2020.17621782731,160600000,NA
174,175,0.0259021525657735,40.728092469932,-73.8886987937225,40.7833856173928,-73.9265183056688,0.0602048529347208,0.0343027003689473,2020.17621782731,2020.20211997988,160600000,NA
174,56,0.0724160524667403,40.728092469932,-73.8886987937225,40.8299470562498,-73.9078920040658,0.106718752835688,0.0343027003689473,2020.17621782731,2020.24863387978,160600000,hCoV-19/USA/NY-NYUMC199/2020
175,57,0.0984264682109114,40.7833856173928,-73.9265183056688,40.7625124536136,-73.8181364491275,0.158631321145632,0.0602048529347208,2020.20211997988,2020.30054644809,160600000,hCoV-19/USA/NY-NYUMC462/2020
175,58,0.0301204572809383,40.7833856173928,-73.9265183056688,40.742627106534,-73.9721243199272,0.090325310215659,0.0602048529347208,2020.20211997988,2020.23224043716,160600000,hCoV-19/USA/NY-NYUMC727/2020
176,177,0.00341820700957443,40.6560337105265,-73.911641539153,40.6762687661484,-73.8971988056029,0.0337383788880153,0.0303201718784408,2020.17223529882,2020.17565350583,160600000,NA
176,179,0.0391941895076585,40.6560337105265,-73.911641539153,40.6666942902326,-73.8738578326494,0.0695143613860993,0.0303201718784408,2020.17223529882,2020.21142948833,160600000,NA
177,59,0.0565869313276438,40.6762687661484,-73.8971988056029,40.6782883512615,-73.9641616039469,0.090325310215659,0.0337383788880153,2020.17565350583,2020.23224043716,160600000,hCoV-19/USA/NY-NYUMC755/2020
177,178,0.0231610219678667,40.6762687661484,-73.8971988056029,40.7747632715008,-73.85853265629,0.0568994008558819,0.0337383788880153,2020.17565350583,2020.1988145278,160600000,NA
178,60,0.0115679858598119,40.7747632715008,-73.85853265629,40.714721240987,-73.8383279981835,0.0684673867156939,0.0568994008558819,2020.1988145278,2020.21038251366,160600000,hCoV-19/USA/NY-NYUMC920/2020
178,61,0.044354871109646,40.7747632715008,-73.85853265629,40.8918671142442,-73.8595977191749,0.101254271965528,0.0568994008558819,2020.1988145278,2020.24316939891,160600000,hCoV-19/USA/NY-NYUMC524/2020
179,62,0.061794555389408,40.6666942902326,-73.8738578326494,40.5838054454206,-73.984912956615,0.131308916775507,0.0695143613860993,2020.21142948833,2020.27322404372,160600000,hCoV-19/USA/NY-NYUMC375/2020
179,63,0.0235431892694143,40.6666942902326,-73.8738578326494,40.5886407162506,-73.9711411966013,0.0930575506555137,0.0695143613860993,2020.21142948833,2020.2349726776,160600000,hCoV-19/USA/NY-NYUMC796/2020
180,181,0.0262555492572933,40.7306415176026,-73.9110223627748,40.6801976993256,-73.9538942931503,0.0288340593788724,0.00257851012157909,2020.14449363706,2020.17074918632,160600000,NA
180,183,0.000835267611096674,40.7306415176026,-73.9110223627748,40.7330632553663,-73.9168580519116,0.00341377773267576,0.00257851012157909,2020.14449363706,2020.14532890467,160600000,NA
181,182,0.00446964135648961,40.6801976993256,-73.9538942931503,40.6545356517685,-73.9959142234176,0.033303700735362,0.0288340593788724,2020.17074918632,2020.17521882768,160600000,NA
181,64,0.0806169338966698,40.6801976993256,-73.9538942931503,40.8419164991737,-73.902066652187,0.109450993275542,0.0288340593788724,2020.17074918632,2020.25136612022,160600000,hCoV-19/USA/NY-NYUMC637/2020
182,65,0.0351636859803318,40.6545356517685,-73.9959142234176,40.6292452213414,-74.023980052552,0.0684673867156939,0.033303700735362,2020.17521882768,2020.21038251366,160600000,hCoV-19/USA/NY-NYUMC923/2020
182,66,0.0788795329802622,40.6545356517685,-73.9959142234176,40.6289370538392,-73.960782288976,0.112183233715624,0.033303700735362,2020.17521882768,2020.25409836066,160600000,hCoV-19/USA/NY-NYUMC207/2020
183,184,0.0160319369844731,40.7330632553663,-73.9168580519116,40.7346520186344,-73.9220176987781,0.0194457147171488,0.00341377773267576,2020.14532890467,2020.16136084166,160600000,NA
183,203,0.0274617348297308,40.7330632553663,-73.9168580519116,40.7441064148883,-73.9492236475773,0.0308755125624066,0.00341377773267576,2020.14532890467,2020.1727906395,160600000,NA
184,185,0.0119249968591438,40.7346520186344,-73.9220176987781,40.7161537357098,-73.8954262071781,0.0313707115762926,0.0194457147171488,2020.16136084166,2020.17328583852,160600000,NA
184,193,0.00522799778031147,40.7346520186344,-73.9220176987781,40.7686930527933,-73.9120439413787,0.0246737124974603,0.0194457147171488,2020.16136084166,2020.16658883944,160600000,NA
185,186,0.00135984590545535,40.7161537357098,-73.8954262071781,40.7072575238638,-73.9196159558443,0.032730557481748,0.0313707115762926,2020.17328583852,2020.17464568442,160600000,NA
185,190,0.00273947268113989,40.7161537357098,-73.8954262071781,40.7318267339686,-73.8950150963352,0.0341101842574325,0.0313707115762926,2020.17328583852,2020.1760253112,160600000,NA
186,187,0.00116791895941917,40.7072575238638,-73.9196159558443,40.6965045567205,-73.9301576241724,0.0338984764411672,0.032730557481748,2020.17464568442,2020.17581360338,160600000,NA
186,189,0.000645686095955472,40.7072575238638,-73.9196159558443,40.703925840881,-73.9109830115218,0.0333762435777035,0.032730557481748,2020.17464568442,2020.17529137052,160600000,NA
187,188,0.000342048875338591,40.6965045567205,-73.9301576241724,40.6919085355461,-73.9326192869143,0.0342405253165058,0.0338984764411672,2020.17581360338,2020.17615565226,160600000,NA
187,69,0.075552516834375,40.6965045567205,-73.9301576241724,40.8501959648434,-73.9046874548666,0.109450993275542,0.0338984764411672,2020.17581360338,2020.25136612022,160600000,hCoV-19/USA/NY-NYUMC613/2020
188,68,0.124390795829126,40.6919085355461,-73.9326192869143,40.7602422095494,-73.9217142194898,0.158631321145632,0.0342405253165058,2020.17615565226,2020.30054644809,160600000,hCoV-19/USA/NY-NYUMC469/2020
188,67,0.0861394297091327,40.6919085355461,-73.9326192869143,40.5502173307943,-74.1449480700235,0.120379955025638,0.0342405253165058,2020.17615565226,2020.26229508197,160600000,hCoV-19/USA/NY-NYUMC231/2020
189,70,0.0760747496978387,40.703925840881,-73.9109830115218,40.8316369096351,-73.9180837614849,0.109450993275542,0.0333762435777035,2020.17529137052,2020.25136612022,160600000,hCoV-19/USA/NY-NYUMC621/2020
189,71,0.0678780283878245,40.703925840881,-73.9109830115218,40.8834703978805,-73.9117501296647,0.101254271965528,0.0333762435777035,2020.17529137052,2020.24316939891,160600000,hCoV-19/USA/NY-NYUMC519/2020
190,191,0.00016879790363214,40.7318267339686,-73.8950150963352,40.7253263010486,-73.8996635108073,0.0342789821610647,0.0341101842574325,2020.1760253112,2020.1761941091,160600000,NA
190,75,0.0671440877080954,40.7318267339686,-73.8950150963352,40.6749459845957,-73.9359358944072,0.101254271965528,0.0341101842574325,2020.1760253112,2020.24316939891,160600000,hCoV-19/USA/NY-NYUMC301/2020
191,192,0.0412108901936257,40.7253263010486,-73.8996635108073,40.6450782408279,-73.7962585446989,0.0754898723546903,0.0342789821610647,2020.1761941091,2020.2174049993,160600000,NA
191,72,0.105226655924457,40.7253263010486,-73.8996635108073,40.8349009397891,-73.8696575822929,0.139505638085522,0.0342789821610647,2020.1761941091,2020.28142076503,160600000,hCoV-19/USA/NY-NYUMC403/2020
192,74,0.12958953622095,40.6450782408279,-73.7962585446989,40.7172421726623,-73.9804443372429,0.20507940857564,0.0754898723546903,2020.2174049993,2020.34699453552,160600000,hCoV-19/USA/NY-NYUMC913/2020
192,73,0.0175676783008233,40.6450782408279,-73.7962585446989,40.6810491288933,-73.762050467689,0.0930575506555137,0.0754898723546903,2020.2174049993,2020.2349726776,160600000,hCoV-19/USA/NY-NYUMC767/2020
193,197,0.000920135427061375,40.7686930527933,-73.9120439413787,40.7657308229203,-73.9034047307923,0.0255938479245217,0.0246737124974603,2020.16658883944,2020.16750897487,160600000,NA
193,194,0.00643834140973526,40.7686930527933,-73.9120439413787,40.7592844490585,-73.9095781165938,0.0311120539071956,0.0246737124974603,2020.16658883944,2020.17302718085,160600000,NA
194,195,0.000574293405421644,40.7592844490585,-73.9095781165938,40.7597705902145,-73.9055545395743,0.0316863473126172,0.0311120539071956,2020.17302718085,2020.17360147425,160600000,NA
194,79,0.0783389393683466,40.7592844490585,-73.9095781165938,40.6032461844581,-73.9368390376192,0.109450993275542,0.0311120539071956,2020.17302718085,2020.25136612022,160600000,hCoV-19/USA/NY-NYUMC595/2020
195,78,0.0695679246529107,40.7597705902145,-73.9055545395743,40.8771773797914,-73.8691373798826,0.101254271965528,0.0316863473126172,2020.17360147425,2020.24316939891,160600000,hCoV-19/USA/NY-NYUMC549/2020
195,196,0.0278784125021505,40.7597705902145,-73.9055545395743,40.6529731452679,-73.9769929774415,0.0595647598147677,0.0316863473126172,2020.17360147425,2020.20147988676,160600000,NA
196,77,0.000705905590911909,40.6529731452679,-73.9769929774415,40.6606737193785,-73.9533242942901,0.0602706654056796,0.0595647598147677,2020.20147988676,2020.20218579235,160600000,hCoV-19/USA/NY-NYUMC12/2020
196,76,0.0498862334607745,40.6529731452679,-73.9769929774415,40.5933468783976,-73.960198574249,0.109450993275542,0.0595647598147677,2020.20147988676,2020.25136612022,160600000,hCoV-19/USA/NY-NYUMC250/2020
197,201,0.00665467274873283,40.7657308229203,-73.9034047307923,40.7793125623765,-73.8636951823715,0.0322485206732545,0.0255938479245217,2020.16750897487,2020.17416364761,160600000,NA
197,198,2.81972707243949e-05,40.7657308229203,-73.9034047307923,40.765351347329,-73.9062587040445,0.0256220451952461,0.0255938479245217,2020.16750897487,2020.16753717214,160600000,NA
198,199,0.00636063377344678,40.765351347329,-73.9062587040445,40.754625324219,-73.9545955433874,0.0319826789686929,0.0256220451952461,2020.16753717214,2020.17389780591,160600000,NA
198,80,0.0483098224003845,40.765351347329,-73.9062587040445,40.7557139854231,-73.9710660715269,0.0739318675956305,0.0256220451952461,2020.16753717214,2020.21584699454,160600000,hCoV-19/USA/NY-NYUMC709/2020
199,81,0.036484707747001,40.754625324219,-73.9545955433874,40.8281941179378,-73.9267616846938,0.0684673867156939,0.0319826789686929,2020.17389780591,2020.21038251366,160600000,hCoV-19/USA/NY-NYUMC78/2020
199,200,0.00142559347581239,40.754625324219,-73.9545955433874,40.7577591491127,-73.9560861900314,0.0334082724445053,0.0319826789686929,2020.17389780591,2020.17532339938,160600000,NA
200,82,0.0596492782110084,40.7577591491127,-73.9560861900314,40.8735583736584,-73.9227594694349,0.0930575506555137,0.0334082724445053,2020.17532339938,2020.2349726776,160600000,hCoV-19/USA/NY-NYUMC769/2020
200,83,0.0760427208310369,40.7577591491127,-73.9560861900314,40.7441382114543,-73.9943830602391,0.109450993275542,0.0334082724445053,2020.17532339938,2020.25136612022,160600000,hCoV-19/USA/NY-NYUMC608/2020
201,202,0.00095650019184082,40.7793125623765,-73.8636951823715,40.7799722510758,-73.8675367744516,0.0332050208650953,0.0322485206732545,2020.17416364761,2020.17512014781,160600000,NA
201,86,0.071737991722351,40.7793125623765,-73.8636951823715,40.7086396565438,-73.848961127929,0.103986512395606,0.0322485206732545,2020.17416364761,2020.24590163934,160600000,hCoV-19/USA/NY-NYUMC560/2020
202,84,0.0352623658505985,40.7799722510758,-73.8675367744516,40.8762876680981,-73.9026105215071,0.0684673867156939,0.0332050208650953,2020.17512014781,2020.21038251366,160600000,hCoV-19/USA/NY-NYUMC38/2020
202,85,0.136355262030633,40.7799722510758,-73.8675367744516,40.6710441547741,-73.8459461619124,0.169560282895728,0.0332050208650953,2020.17512014781,2020.31147540984,160600000,hCoV-19/USA/NY-NYUMC838/2020
203,204,0.000379506872988766,40.7441064148883,-73.9492236475773,40.7370300295906,-73.9534135827851,0.0312550194353953,0.0308755125624066,2020.1727906395,2020.17317014638,160600000,NA
203,89,0.0375918741532873,40.7441064148883,-73.9492236475773,40.7900195438269,-73.9788875383427,0.0684673867156939,0.0308755125624066,2020.1727906395,2020.21038251366,160600000,hCoV-19/USA/NY-NYUMC120/2020
204,88,0.0618025312201184,40.7370300295906,-73.9534135827851,40.8479430292651,-73.9198629133241,0.0930575506555137,0.0312550194353953,2020.17317014638,2020.2349726776,160600000,hCoV-19/USA/NY-NYUMC792/2020
204,87,0.0809282142802289,40.7370300295906,-73.9534135827851,40.6090699278379,-73.9974431427721,0.112183233715624,0.0312550194353953,2020.17317014638,2020.25409836066,160600000,hCoV-19/USA/NY-NYUMC248/2020
205,217,0.0199547885828007,40.7288371489955,-73.9163281784846,40.6720508102354,-73.9431874462804,0.03051215712595,0.0105573685431493,2020.15247249548,2020.17242728407,160600000,NA
205,206,0.0184790328251527,40.7288371489955,-73.9163281784846,40.7425981480253,-73.9193701582844,0.029036401368302,0.0105573685431493,2020.15247249548,2020.17095152831,160600000,NA
206,210,0.000369278374164894,40.7425981480253,-73.9193701582844,40.7390817343855,-73.9136756072271,0.0294056797424669,0.029036401368302,2020.17095152831,2020.17132080668,160600000,NA
206,207,0.000522471902541566,40.7425981480253,-73.9193701582844,40.7315908937193,-73.92982878495,0.0295588732708435,0.029036401368302,2020.17095152831,2020.17147400021,160600000,NA
207,90,0.077159879564844,40.7315908937193,-73.92982878495,40.7611013964715,-73.9681516787415,0.106718752835688,0.0295588732708435,2020.17147400021,2020.24863387978,160600000,hCoV-19/USA/NY-NYUMC178/2020
207,208,0.00399679685558271,40.7315908937193,-73.92982878495,40.7319281349861,-73.9357935450843,0.0335556701264262,0.0295588732708435,2020.17147400021,2020.17547079707,160600000,NA
208,209,0.000405218560342813,40.7319281349861,-73.9357935450843,40.7263091133319,-73.9413676639718,0.0339608886867691,0.0335556701264262,2020.17547079707,2020.17587601563,160600000,NA
208,93,0.105949967959095,40.7319281349861,-73.9357935450843,40.7463730381282,-73.9820105444655,0.139505638085522,0.0335556701264262,2020.17547079707,2020.28142076503,160600000,hCoV-19/USA/NY-NYUMC398/2020
209,92,0.0345064980289248,40.7263091133319,-73.9413676639718,40.777743487841,-73.9518013270567,0.0684673867156939,0.0339608886867691,2020.17587601563,2020.21038251366,160600000,hCoV-19/USA/NY-NYUMC673/2020
209,91,0.0672933832787589,40.7263091133319,-73.9413676639718,40.7455704678325,-73.8352579843952,0.101254271965528,0.0339608886867691,2020.17587601563,2020.24316939891,160600000,hCoV-19/USA/NY-NYUMC521/2020
210,211,0.00349893160580289,40.7390817343855,-73.9136756072271,40.721623737688,-73.9320173420617,0.0329046113482697,0.0294056797424669,2020.17132080668,2020.17481973829,160600000,NA
210,212,0.00252184813770678,40.7390817343855,-73.9136756072271,40.7427276901511,-73.9214193698207,0.0319275278801736,0.0294056797424669,2020.17132080668,2020.17384265482,160600000,NA
211,95,0.0738141414874178,40.721623737688,-73.9320173420617,40.7656363422313,-73.8930705278426,0.106718752835688,0.0329046113482697,2020.17481973829,2020.24863387978,160600000,hCoV-19/USA/NY-NYUMC883/2020
211,94,0.0574206988673893,40.721623737688,-73.9320173420617,40.6197801895252,-74.0207088509375,0.090325310215659,0.0329046113482697,2020.17481973829,2020.23224043716,160600000,hCoV-19/USA/NY-NYUMC782/2020
212,213,0.000935999711818541,40.7427276901511,-73.9214193698207,40.7314654929159,-73.9297494637405,0.0328635275919922,0.0319275278801736,2020.17384265482,2020.17477865453,160600000,NA
212,216,0.00179006910914017,40.7427276901511,-73.9214193698207,40.7428908413267,-73.9195927431662,0.0337175969893138,0.0319275278801736,2020.17384265482,2020.17563272393,160600000,NA
213,214,0.000385685464193208,40.7314654929159,-73.9297494637405,40.7321027811545,-73.9282894970159,0.0332492130561854,0.0328635275919922,2020.17477865453,2020.17516434,160600000,NA
213,215,0.000194479282851767,40.7314654929159,-73.9297494637405,40.736852059411,-73.9269831081048,0.0330580068748439,0.0328635275919922,2020.17477865453,2020.17497313382,160600000,NA
214,97,0.0734695397795022,40.7321027811545,-73.9282894970159,40.821853079012,-73.8728960823823,0.106718752835688,0.0332492130561854,2020.17516434,2020.24863387978,160600000,hCoV-19/USA/NY-NYUMC161/2020
214,96,0.0543438567193916,40.7321027811545,-73.9282894970159,40.7377512422397,-73.8996909571257,0.087593069775577,0.0332492130561854,2020.17516434,2020.22950819672,160600000,hCoV-19/USA/NY-NYUMC786/2020
215,98,0.068196265090684,40.736852059411,-73.9269831081048,40.5914803804265,-73.9391722840999,0.101254271965528,0.0330580068748439,2020.17497313382,2020.24316939891,160600000,hCoV-19/USA/NY-NYUMC305/2020
215,99,0.0354093798408499,40.736852059411,-73.9269831081048,40.5835361354102,-74.1897432923967,0.0684673867156939,0.0330580068748439,2020.17497313382,2020.21038251366,160600000,hCoV-19/USA/NY-NYUMC118/2020
216,100,0.0784656367263104,40.7428908413267,-73.9195927431662,40.6914123560652,-73.8232457742389,0.112183233715624,0.0337175969893138,2020.17563272393,2020.25409836066,160600000,hCoV-19/USA/NY-NYUMC598/2020
216,101,0.03474978972638,40.7428908413267,-73.9195927431662,40.7762420546567,-73.9067702741432,0.0684673867156939,0.0337175969893138,2020.17563272393,2020.21038251366,160600000,hCoV-19/USA/NY-NYUMC64/2020
217,218,0.000206952650807085,40.6720508102354,-73.9431874462804,40.6720694324049,-73.9385908585211,0.030719109776757,0.03051215712595,2020.17242728407,2020.17263423672,160600000,NA
217,228,0.00252874989607801,40.6720508102354,-73.9431874462804,40.6866765524019,-73.9256288200257,0.033040907022028,0.03051215712595,2020.17242728407,2020.17495603396,160600000,NA
218,219,7.50563019393524e-05,40.6720694324049,-73.9385908585211,40.6624724461858,-73.9443979091212,0.0307941660786964,0.030719109776757,2020.17263423672,2020.17270929302,160600000,NA
218,227,0.00263797817017916,40.6720694324049,-73.9385908585211,40.6812141582763,-73.9349933859458,0.0333570879469362,0.030719109776757,2020.17263423672,2020.17527221489,160600000,NA
219,220,0.000346447027502472,40.6624724461858,-73.9443979091212,40.6702021658371,-73.9381303818629,0.0311406131061989,0.0307941660786964,2020.17270929302,2020.17305574005,160600000,NA
219,110,0.0704601058868315,40.6624724461858,-73.9443979091212,40.637370308389,-74.0950650869601,0.101254271965528,0.0307941660786964,2020.17270929302,2020.24316939891,160600000,hCoV-19/USA/NY-NYUMC566/2020
220,221,0.00208179085756616,40.6702021658371,-73.9381303818629,40.6773310320723,-73.9380434357735,0.033222403963765,0.0311406131061989,2020.17305574005,2020.1751375309,160600000,NA
220,224,0.000172389583822347,40.6702021658371,-73.9381303818629,40.6666627050921,-73.9386128306573,0.0313130026900212,0.0311406131061989,2020.17305574005,2020.17322812963,160600000,NA
221,102,0.152731321551765,40.6773310320723,-73.9380434357735,40.6527417933624,-73.9069421598065,0.18595372551553,0.033222403963765,2020.1751375309,2020.32786885246,160600000,hCoV-19/USA/NY-NYUMC887/2020
221,222,0.000586824108249562,40.6773310320723,-73.9380434357735,40.6875621932811,-73.9410512844999,0.0338092280720146,0.033222403963765,2020.1751375309,2020.17572435501,160600000,NA
222,223,0.000163773928521377,40.6875621932811,-73.9410512844999,40.6849238791787,-73.9452317476786,0.033973002000536,0.0338092280720146,2020.17572435501,2020.17588812894,160600000,NA
222,103,0.0756417652035276,40.6875621932811,-73.9410512844999,40.6939227168328,-73.7538659411165,0.109450993275542,0.0338092280720146,2020.17572435501,2020.25136612022,160600000,hCoV-19/USA/NY-NYUMC617/2020
223,105,0.0891391934551801,40.6849238791787,-73.9452317476786,40.6327177911553,-74.0323329993309,0.123112195455716,0.033973002000536,2020.17588812894,2020.2650273224,160600000,hCoV-19/USA/NY-NYUMC351/2020
223,104,0.067281269964992,40.6849238791787,-73.9452317476786,40.6562581241589,-73.8966236149505,0.101254271965528,0.033973002000536,2020.17588812894,2020.24316939891,160600000,hCoV-19/USA/NY-NYUMC570/2020
224,226,0.0020308087533816,40.6666627050921,-73.9386128306573,40.6617531125438,-73.9304242371429,0.0333438114434028,0.0313130026900212,2020.17322812963,2020.17525893838,160600000,NA
224,225,0.00113172330178554,40.6666627050921,-73.9386128306573,40.6621556217819,-73.9427398581478,0.0324447259918068,0.0313130026900212,2020.17322812963,2020.17435985293,160600000,NA
225,107,0.126186595153825,40.6621556217819,-73.9427398581478,40.622860656602,-73.9119987365331,0.158631321145632,0.0324447259918068,2020.17435985293,2020.30054644809,160600000,hCoV-19/USA/NY-NYUMC448/2020
225,106,0.0742740268438808,40.6621556217819,-73.9427398581478,40.6533040647924,-73.9651679829441,0.106718752835688,0.0324447259918068,2020.17435985293,2020.24863387978,160600000,hCoV-19/USA/NY-NYUMC147/2020
226,109,0.0870361435822357,40.6617531125438,-73.9304242371429,40.6720286393196,-73.8064605127022,0.120379955025638,0.0333438114434028,2020.17525893838,2020.26229508197,160600000,hCoV-19/USA/NY-NYUMC234/2020
226,108,0.0733749413922847,40.6617531125438,-73.9304242371429,40.6775143432447,-73.9567086629512,0.106718752835688,0.0333438114434028,2020.17525893838,2020.24863387978,160600000,hCoV-19/USA/NY-NYUMC186/2020
227,112,0.078826145768688,40.6812141582763,-73.9349933859458,40.7920909037073,-73.9514547749646,0.112183233715624,0.0333570879469362,2020.17527221489,2020.25409836066,160600000,hCoV-19/USA/NY-NYUMC599/2020
227,111,0.078826145768688,40.6812141582763,-73.9349933859458,40.7533086534691,-73.910799315166,0.112183233715624,0.0333570879469362,2020.17527221489,2020.25409836066,160600000,hCoV-19/USA/NY-NYUMC644/2020
228,229,0.137297779124948,40.6866765524019,-73.9256288200257,40.8112348371869,-73.8268118828042,0.170338686146976,0.033040907022028,2020.17495603396,2020.31225381309,160600000,NA
228,115,0.0791423266935962,40.6866765524019,-73.9256288200257,40.5931745303049,-73.7726750441845,0.112183233715624,0.033040907022028,2020.17495603396,2020.25409836066,160600000,hCoV-19/USA/NY-NYUMC603/2020
229,113,0.0374729628687465,40.8112348371869,-73.8268118828042,40.7173091604636,-73.827997629047,0.207811649015722,0.170338686146976,2020.31225381309,2020.34972677596,160600000,hCoV-19/USA/NY-NYUMC893/2020
229,114,0.0374729628687465,40.8112348371869,-73.8268118828042,40.8185649072773,-73.8731335848325,0.207811649015722,0.170338686146976,2020.31225381309,2020.34972677596,160600000,hCoV-19/USA/NY-NYUMC914/2020
