node1,node2,length,startLat,startLon,endLat,endLon,endNodeL,startNodeL,startYear,endYear,treeID,tipLabel
111,132,0.00386961551592566,40.7556893213307,-73.9006032418386,40.7410105525627,-73.9010093076222,0.00386961551592566,0,2020.14237844371,2020.14624805923,474400000,NA
111,112,0.00567068129420387,40.7556893213307,-73.9006032418386,40.7669629814542,-73.8794421049317,0.00567068129420387,0,2020.14237844371,2020.14804912501,474400000,NA
112,113,0.000248543547805069,40.7669629814542,-73.8794421049317,40.7626709082601,-73.8885932222865,0.00591922484200894,0.00567068129420387,2020.14804912501,2020.14829766855,474400000,NA
112,117,0.0143331039121307,40.7669629814542,-73.8794421049317,40.7483093214133,-73.8764887370502,0.0200037852063345,0.00567068129420387,2020.14804912501,2020.16238222892,474400000,NA
113,1,0.09487173035886,40.7626709082601,-73.8885932222865,40.7868080952266,-73.8385929493836,0.100790955200869,0.00591922484200894,2020.14829766855,2020.24316939891,474400000,hCoV-19/USA/NY-NYUMC587/2020
113,114,0.0200578014292814,40.7626709082601,-73.8885932222865,40.8051992067731,-73.8821170449992,0.0259770262712903,0.00591922484200894,2020.14829766855,2020.16835546998,474400000,NA
114,115,0.00489477238200992,40.8051992067731,-73.8821170449992,40.7589035455784,-73.9067573175555,0.0308717986533003,0.0259770262712903,2020.16835546998,2020.17325024237,474400000,NA
114,116,0.0084762249716433,40.8051992067731,-73.8821170449992,40.8101464874235,-73.9153047873074,0.0344532512429336,0.0259770262712903,2020.16835546998,2020.17683169496,474400000,NA
115,2,0.0371322712977346,40.7589035455784,-73.9067573175555,40.8181614505972,-73.9122826088561,0.0680040699510349,0.0308717986533003,2020.17325024237,2020.21038251366,474400000,hCoV-19/USA/NY-NYUMC98/2020
115,3,0.0945093204776115,40.7589035455784,-73.9067573175555,40.7503489458025,-73.8833064187928,0.125381119130912,0.0308717986533003,2020.17325024237,2020.26775956284,474400000,hCoV-19/USA/NY-NYUMC343/2020
116,4,0.0390152995880379,40.8101464874235,-73.9153047873074,40.7462679992842,-73.9839421934153,0.0734685508309715,0.0344532512429336,2020.17683169496,2020.21584699454,474400000,hCoV-19/USA/NY-NYUMC707/2020
116,5,0.0335508187081012,40.8101464874235,-73.9153047873074,40.8382009170989,-73.9312211632961,0.0680040699510349,0.0344532512429336,2020.17683169496,2020.21038251366,474400000,hCoV-19/USA/NY-NYUMC58/2020
117,124,0.00851178742611414,40.7483093214133,-73.8764887370502,40.7196449820747,-73.9014043263983,0.0285155726324487,0.0200037852063345,2020.16238222892,2020.17089401634,474400000,NA
117,118,0.00992323363067835,40.7483093214133,-73.8764887370502,40.7467217993696,-73.8880138678987,0.0299270188370129,0.0200037852063345,2020.16238222892,2020.17230546255,474400000,NA
118,119,0.00209950284260002,40.7467217993696,-73.8880138678987,40.7746348231717,-73.8691114417591,0.0320265216796129,0.0299270188370129,2020.17230546255,2020.17440496539,474400000,NA
118,122,0.00220859004506535,40.7467217993696,-73.8880138678987,40.7489958497063,-73.8864615176026,0.0321356088820782,0.0299270188370129,2020.17230546255,2020.17451405259,474400000,NA
119,121,0.00413143387599318,40.7746348231717,-73.8691114417591,40.7985412070503,-73.8780413597622,0.0361579555556061,0.0320265216796129,2020.17440496539,2020.17853639927,474400000,NA
119,120,0.00239609451724665,40.7746348231717,-73.8691114417591,40.7679631131474,-73.8613961738969,0.0344226161968595,0.0320265216796129,2020.17440496539,2020.17680105991,474400000,NA
120,6,0.0554393772541405,40.7679631131474,-73.8613961738969,40.8743030412893,-73.8244020667962,0.089861993451,0.0344226161968595,2020.17680105991,2020.23224043716,474400000,hCoV-19/USA/NY-NYUMC739/2020
120,7,0.0335814537541753,40.7679631131474,-73.8613961738969,40.861592470062,-73.9039698337492,0.0680040699510349,0.0344226161968595,2020.17680105991,2020.21038251366,474400000,hCoV-19/USA/NY-NYUMC121/2020
121,9,0.0318461143954288,40.7985412070503,-73.8780413597622,40.8253841614649,-73.8695040934939,0.0680040699510349,0.0361579555556061,2020.17853639927,2020.21038251366,474400000,hCoV-19/USA/NY-NYUMC92/2020
121,8,0.0892231635753056,40.7985412070503,-73.8780413597622,40.648296522881,-73.9144224411191,0.125381119130912,0.0361579555556061,2020.17853639927,2020.26775956284,474400000,hCoV-19/USA/NY-NYUMC360/2020
122,10,0.0741198271889503,40.7489958497063,-73.8864615176026,40.6871946097698,-73.8153140045002,0.106255436071029,0.0321356088820782,2020.17451405259,2020.24863387978,474400000,hCoV-19/USA/NY-NYUMC157/2020
122,123,0.00382760612075317,40.7489958497063,-73.8864615176026,40.7761747660752,-73.8598437064135,0.0359632150028314,0.0321356088820782,2020.17451405259,2020.17834165872,474400000,NA
123,11,0.0702922210681972,40.7761747660752,-73.8598437064135,40.8047637852378,-73.9033705317336,0.106255436071029,0.0359632150028314,2020.17834165872,2020.24863387978,474400000,hCoV-19/USA/NY-NYUMC160/2020
123,12,0.0702922210681972,40.7761747660752,-73.8598437064135,40.8752475410637,-73.8308761485969,0.106255436071029,0.0359632150028314,2020.17834165872,2020.24863387978,474400000,hCoV-19/USA/NY-NYUMC591/2020
124,127,0.00322395913403797,40.7196449820747,-73.9014043263983,40.7123638895212,-73.8943577102547,0.0317395317664866,0.0285155726324487,2020.17089401634,2020.17411797548,474400000,NA
124,125,0.0069106301790719,40.7196449820747,-73.9014043263983,40.7198520883162,-73.8833255968058,0.0354262028115206,0.0285155726324487,2020.17089401634,2020.17780464652,474400000,NA
125,15,0.0762937141394447,40.7198520883162,-73.8833255968058,40.7303701647368,-73.8866333601109,0.111719916950965,0.0354262028115206,2020.17780464652,2020.25409836066,474400000,hCoV-19/USA/NY-NYUMC597/2020
125,126,0.000193350099954748,40.7198520883162,-73.8833255968058,40.7241378869702,-73.8842385739727,0.0356195529114753,0.0354262028115206,2020.17780464652,2020.17799799662,474400000,NA
126,13,0.0651714022893936,40.7241378869702,-73.8842385739727,40.5588971737886,-73.8909094525008,0.100790955200869,0.0356195529114753,2020.17799799662,2020.24316939891,474400000,hCoV-19/USA/NY-NYUMC229/2020
126,14,0.0815648449094221,40.7241378869702,-73.8842385739727,40.6332881534098,-74.0094052226576,0.117184397820897,0.0356195529114753,2020.17799799662,2020.25956284153,474400000,hCoV-19/USA/NY-NYUMC285/2020
127,128,0.00129766539522713,40.7123638895212,-73.8943577102547,40.7146690789545,-73.8947521227357,0.0330371971617138,0.0317395317664866,2020.17411797548,2020.17541564087,474400000,NA
127,16,0.0690514234343823,40.7123638895212,-73.8943577102547,40.5814922328351,-73.8259079163823,0.100790955200869,0.0317395317664866,2020.17411797548,2020.24316939891,474400000,hCoV-19/USA/NY-NYUMC511/2020
128,129,0.000529579249759937,40.7146690789545,-73.8947521227357,40.7141954209709,-73.8999919016053,0.0335667764114737,0.0330371971617138,2020.17541564087,2020.17594522012,474400000,NA
128,21,0.111469605029308,40.7146690789545,-73.8947521227357,40.7506692928476,-73.8318081134341,0.144506802191022,0.0330371971617138,2020.17541564087,2020.2868852459,474400000,hCoV-19/USA/NY-NYUMC445/2020
129,130,0.00078612370061712,40.7141954209709,-73.8999919016053,40.7052844937348,-73.90497427914,0.0343529001120908,0.0335667764114737,2020.17594522012,2020.17673134382,474400000,NA
129,17,0.0426340148495754,40.7141954209709,-73.8999919016053,40.6169504938103,-74.0016745372953,0.0762007912610491,0.0335667764114737,2020.17594522012,2020.21857923497,474400000,hCoV-19/USA/NY-NYUMC742/2020
130,18,0.12654734469896,40.7052844937348,-73.90497427914,40.723157636455,-73.7561637961299,0.160900244811051,0.0343529001120908,2020.17673134382,2020.30327868852,474400000,hCoV-19/USA/NY-NYUMC430/2020
130,131,0.00119764607936826,40.7052844937348,-73.90497427914,40.7024769770098,-73.9044109867456,0.0355505461914591,0.0343529001120908,2020.17673134382,2020.1779289899,474400000,NA
131,19,0.0324535237595758,40.7024769770098,-73.9044109867456,40.733879714996,-73.9891000962731,0.0680040699510349,0.0355505461914591,2020.1779289899,2020.21038251366,474400000,hCoV-19/USA/NY-NYUMC661/2020
131,20,0.141743141249397,40.7024769770098,-73.9044109867456,40.8525809483289,-73.8824918548016,0.177293687440856,0.0355505461914591,2020.1779289899,2020.31967213115,474400000,hCoV-19/USA/NY-NYUMC904/2020
132,133,9.94793086726564e-05,40.7410105525627,-73.9010093076222,40.735292226524,-73.9024032702443,0.00396909482459831,0.00386961551592566,2020.14624805923,2020.14634753854,474400000,NA
132,212,0.00161722114237972,40.7410105525627,-73.9010093076222,40.7311185026669,-73.9059774392177,0.00548683665830538,0.00386961551592566,2020.14624805923,2020.14786528037,474400000,NA
133,190,0.00168275411471414,40.735292226524,-73.9024032702443,40.7478892167993,-73.8951095187261,0.00565184893931245,0.00396909482459831,2020.14634753854,2020.14803029265,474400000,NA
133,134,0.00116330565796649,40.735292226524,-73.9024032702443,40.7146361163682,-73.9012022900147,0.0051324004825648,0.00396909482459831,2020.14634753854,2020.1475108442,474400000,NA
134,135,0.00039243050959184,40.7146361163682,-73.9012022900147,40.7163725667118,-73.9012626705976,0.00552483099215664,0.0051324004825648,2020.1475108442,2020.1479032747,474400000,NA
134,157,0.000313950292984144,40.7146361163682,-73.9012022900147,40.7236657879973,-73.8969749250171,0.00544635077554895,0.0051324004825648,2020.1475108442,2020.14782479449,474400000,NA
135,136,0.000470919303809575,40.7163725667118,-73.9012626705976,40.7141930504778,-73.8991701577729,0.00599575029596622,0.00552483099215664,2020.1479032747,2020.14837419401,474400000,NA
135,148,1.53265791027479e-05,40.7163725667118,-73.9012626705976,40.7170443049885,-73.9027379729765,0.00554015757125939,0.00552483099215664,2020.1479032747,2020.14791860128,474400000,NA
136,139,0.014839587722892,40.7141930504778,-73.8991701577729,40.7331523896479,-73.9309546446647,0.0208353380188582,0.00599575029596622,2020.14837419401,2020.16321378173,474400000,NA
136,137,0.0283946447068638,40.7141930504778,-73.8991701577729,40.7658359487127,-73.933724801798,0.03439039500283,0.00599575029596622,2020.14837419401,2020.17676883872,474400000,NA
137,138,0.000680286465973762,40.7658359487127,-73.933724801798,40.7648403439978,-73.9353153042896,0.0350706814688038,0.03439039500283,2020.17676883872,2020.17744912518,474400000,NA
137,22,0.0336136749482049,40.7658359487127,-73.933724801798,40.8762876680981,-73.9026105215071,0.0680040699510349,0.03439039500283,2020.17676883872,2020.21038251366,474400000,hCoV-19/USA/NY-NYUMC38/2020
138,23,0.134026284662266,40.7648403439978,-73.9353153042896,40.6710441547741,-73.8459461619124,0.169096966131069,0.0350706814688038,2020.17744912518,2020.31147540984,474400000,hCoV-19/USA/NY-NYUMC838/2020
138,24,0.0520590715421143,40.7648403439978,-73.9353153042896,40.7250498538332,-73.9944254085499,0.087129753010918,0.0350706814688038,2020.17744912518,2020.22950819672,474400000,hCoV-19/USA/NY-NYUMC823/2020
139,140,0.00876973441874776,40.7331523896479,-73.9309546446647,40.7207991355924,-73.9420183110377,0.029605072437606,0.0208353380188582,2020.16321378173,2020.17198351615,474400000,NA
139,145,0.0151793001949819,40.7331523896479,-73.9309546446647,40.7986412986304,-73.9146363498473,0.0360146382138401,0.0208353380188582,2020.16321378173,2020.17839308193,474400000,NA
140,141,0.00450903176652864,40.7207991355924,-73.9420183110377,40.7370011362802,-73.9357646560116,0.0341141042041346,0.029605072437606,2020.17198351615,2020.17649254792,474400000,NA
140,25,0.0766503636334226,40.7207991355924,-73.9420183110377,40.7623374113589,-73.9713628006699,0.106255436071029,0.029605072437606,2020.17198351615,2020.24863387978,474400000,hCoV-19/USA/NY-NYUMC167/2020
141,143,0.00208279889435017,40.7370011362802,-73.9357646560116,40.7686711468477,-73.9117699940125,0.0361969030984848,0.0341141042041346,2020.17649254792,2020.17857534681,474400000,NA
141,142,0.00222391924020113,40.7370011362802,-73.9357646560116,40.7475232546939,-73.9190388776784,0.0363380234443357,0.0341141042041346,2020.17649254792,2020.17871646716,474400000,NA
142,26,0.121829980936637,40.7475232546939,-73.9190388776784,40.8802618065014,-73.9136062455795,0.158168004380973,0.0363380234443357,2020.17871646716,2020.30054644809,474400000,hCoV-19/USA/NY-NYUMC457/2020
142,27,0.089043095686576,40.7475232546939,-73.9190388776784,40.6431044580712,-74.0040451054367,0.125381119130912,0.0363380234443357,2020.17871646716,2020.26775956284,474400000,hCoV-19/USA/NY-NYUMC350/2020
143,30,0.0318071668525501,40.7686711468477,-73.9117699940125,40.8281941179378,-73.9267616846938,0.0680040699510349,0.0361969030984848,2020.17857534681,2020.21038251366,474400000,hCoV-19/USA/NY-NYUMC78/2020
143,144,0.000158304234807338,40.7686711468477,-73.9117699940125,40.7692875914469,-73.9146175601335,0.0363552073332921,0.0361969030984848,2020.17857534681,2020.17873365105,474400000,NA
144,29,0.0535067861177079,40.7692875914469,-73.9146175601335,40.6197801895252,-74.0207088509375,0.089861993451,0.0363552073332921,2020.17873365105,2020.23224043716,474400000,hCoV-19/USA/NY-NYUMC782/2020
144,28,0.0316488626177427,40.7692875914469,-73.9146175601335,40.7762420546567,-73.9067702741432,0.0680040699510349,0.0363552073332921,2020.17873365105,2020.21038251366,474400000,hCoV-19/USA/NY-NYUMC64/2020
145,31,0.0729730382970431,40.7986412986304,-73.9146363498473,40.8597367133706,-73.886018871727,0.108987676510883,0.0360146382138401,2020.17839308193,2020.25136612022,474400000,hCoV-19/USA/NY-NYUMC607/2020
145,146,0.000567453466745749,40.7986412986304,-73.9146363498473,40.7942765681706,-73.9209777425393,0.0365820916805858,0.0360146382138401,2020.17839308193,2020.17896053539,474400000,NA
146,32,0.0642088635202831,40.7942765681706,-73.9209777425393,40.8962883753214,-73.8488124646681,0.100790955200869,0.0365820916805858,2020.17896053539,2020.24316939891,474400000,hCoV-19/USA/NY-NYUMC681/2020
146,147,0.141258507018121,40.7942765681706,-73.9209777425393,40.7503111354073,-73.9672730797028,0.177840598698707,0.0365820916805858,2020.17896053539,2020.32021904241,474400000,NA
147,33,0.0322399739822063,40.7503111354073,-73.9672730797028,40.6716029294849,-73.9647051965108,0.210080572680913,0.177840598698707,2020.32021904241,2020.35245901639,474400000,hCoV-19/USA/NY-NYUMC897/2020
147,34,0.0267754931122741,40.7503111354073,-73.9672730797028,40.7172421726623,-73.9804443372429,0.204616091810981,0.177840598698707,2020.32021904241,2020.34699453552,474400000,hCoV-19/USA/NY-NYUMC913/2020
148,150,0.0148854264660736,40.7170443049885,-73.9027379729765,40.7346127462605,-73.9184527862294,0.020425584037333,0.00554015757125939,2020.14791860128,2020.16280402775,474400000,NA
148,149,0.0224366703133433,40.7170443049885,-73.9027379729765,40.740752598002,-73.827570540463,0.0279768278846027,0.00554015757125939,2020.14791860128,2020.1703552716,474400000,NA
149,36,0.0892075699362948,40.740752598002,-73.827570540463,40.6827921443313,-73.9010400875772,0.117184397820897,0.0279768278846027,2020.1703552716,2020.25956284153,474400000,hCoV-19/USA/NY-NYUMC288/2020
149,35,0.0372950016263502,40.740752598002,-73.827570540463,40.7785762122093,-73.8201928720758,0.0652718295109528,0.0279768278846027,2020.1703552716,2020.20765027322,474400000,hCoV-19/USA/NY-NYUMC28/2020
150,37,0.0858298520336955,40.7346127462605,-73.9184527862294,40.821853079012,-73.8728960823823,0.106255436071029,0.020425584037333,2020.16280402775,2020.24863387978,474400000,hCoV-19/USA/NY-NYUMC161/2020
150,151,0.00108609024906395,40.7346127462605,-73.9184527862294,40.7458353104897,-73.9142154392095,0.021511674286397,0.020425584037333,2020.16280402775,2020.163890118,474400000,NA
151,152,0.0113022554803063,40.7458353104897,-73.9142154392095,40.7740192777017,-73.9288276696267,0.0328139297667033,0.021511674286397,2020.163890118,2020.17519237348,474400000,NA
151,156,0.0148202258628195,40.7458353104897,-73.9142154392095,40.7638314685315,-73.9184403774809,0.0363319001492165,0.021511674286397,2020.163890118,2020.17871034386,474400000,NA
152,155,0.00322752135591933,40.7740192777017,-73.9288276696267,40.7853406908457,-73.9325702583008,0.0360414511226226,0.0328139297667033,2020.17519237348,2020.17841989484,474400000,NA
152,153,0.00314441885878561,40.7740192777017,-73.9288276696267,40.7944833849954,-73.9409392077977,0.0359583486254889,0.0328139297667033,2020.17519237348,2020.17833679234,474400000,NA
153,40,0.0375102022054827,40.7944833849954,-73.9409392077977,40.7557139854231,-73.9710660715269,0.0734685508309715,0.0359583486254889,2020.17833679234,2020.21584699454,474400000,hCoV-19/USA/NY-NYUMC709/2020
153,154,0.000423438266881987,40.7944833849954,-73.9409392077977,40.8057169808207,-73.9373073339065,0.0363817868923709,0.0359583486254889,2020.17833679234,2020.1787602306,474400000,NA
154,38,0.102660534428492,40.8057169808207,-73.9373073339065,40.6259814331591,-73.9343347587688,0.139042321320863,0.0363817868923709,2020.1787602306,2020.28142076503,474400000,hCoV-19/USA/NY-NYUMC402/2020
154,39,0.0644091683084981,40.8057169808207,-73.9373073339065,40.8771773797914,-73.8691373798826,0.100790955200869,0.0363817868923709,2020.1787602306,2020.24316939891,474400000,hCoV-19/USA/NY-NYUMC549/2020
155,42,0.0729462253882606,40.7853406908457,-73.9325702583008,40.6794533247556,-73.8623804544818,0.108987676510883,0.0360414511226226,2020.17841989484,2020.25136612022,474400000,hCoV-19/USA/NY-NYUMC323/2020
155,41,0.0319626188284123,40.7853406908457,-73.9325702583008,40.7739424081579,-73.9454578195455,0.0680040699510349,0.0360414511226226,2020.17841989484,2020.21038251366,474400000,hCoV-19/USA/NY-NYUMC63/2020
156,44,0.0644590550516525,40.7638314685315,-73.9184403774809,40.6746864300508,-74.0027239985277,0.100790955200869,0.0363319001492165,2020.17871034386,2020.24316939891,474400000,hCoV-19/USA/NY-NYUMC540/2020
156,43,0.0316721698018184,40.7638314685315,-73.9184403774809,40.777743487841,-73.9518013270567,0.0680040699510349,0.0363319001492165,2020.17871034386,2020.21038251366,474400000,hCoV-19/USA/NY-NYUMC673/2020
157,158,0.000310031805617977,40.7236657879973,-73.8969749250171,40.7248850082589,-73.8971879434821,0.00575638258116692,0.00544635077554895,2020.14782479449,2020.14813482629,474400000,NA
157,166,8.83438043637608e-05,40.7236657879973,-73.8969749250171,40.7211142365762,-73.8976400328382,0.00553469457991271,0.00544635077554895,2020.14782479449,2020.14791313829,474400000,NA
158,159,0.0268780074201087,40.7248850082589,-73.8971879434821,40.740338579404,-73.9569458479201,0.0326343900012756,0.00575638258116692,2020.14813482629,2020.17501283371,474400000,NA
158,163,0.0275793887748647,40.7248850082589,-73.8971879434821,40.7699735042182,-73.9250464448608,0.0333357713560316,0.00575638258116692,2020.14813482629,2020.17571421507,474400000,NA
159,45,0.0790855269496896,40.740338579404,-73.9569458479201,40.7920909037073,-73.9514547749646,0.111719916950965,0.0326343900012756,2020.17501283371,2020.25409836066,474400000,hCoV-19/USA/NY-NYUMC599/2020
159,160,0.00282389300474556,40.740338579404,-73.9569458479201,40.7203322454551,-73.9594258826052,0.0354582830060211,0.0326343900012756,2020.17501283371,2020.17783672672,474400000,NA
160,162,0.00109068979996885,40.7203322454551,-73.9594258826052,40.7115038909633,-73.9593036706218,0.03654897280599,0.0354582830060211,2020.17783672672,2020.17892741652,474400000,NA
160,161,0.000293121746137631,40.7203322454551,-73.9594258826052,40.7201725222582,-73.9568036953607,0.0357514047521588,0.0354582830060211,2020.17783672672,2020.17812984846,474400000,NA
161,46,0.0240559438888618,40.7201725222582,-73.9568036953607,40.6606737193785,-73.9533242942901,0.0598073486410206,0.0357514047521588,2020.17812984846,2020.20218579235,474400000,hCoV-19/USA/NY-NYUMC12/2020
161,47,0.0705040313188698,40.7201725222582,-73.9568036953607,40.7482719487499,-73.8752786013116,0.106255436071029,0.0357514047521588,2020.17812984846,2020.24863387978,474400000,hCoV-19/USA/NY-NYUMC187/2020
162,49,0.0888321463249217,40.7115038909633,-73.9593036706218,40.5978164780544,-73.9623792006783,0.125381119130912,0.03654897280599,2020.17892741652,2020.26775956284,474400000,hCoV-19/USA/NY-NYUMC298/2020
162,48,0.0724387037048932,40.7115038909633,-73.9593036706218,40.6061816999522,-74.0305640225372,0.108987676510883,0.03654897280599,2020.17892741652,2020.25136612022,474400000,hCoV-19/USA/NY-NYUMC596/2020
163,50,0.0756519051548516,40.7699735042182,-73.9250464448608,40.8419164991737,-73.902066652187,0.108987676510883,0.0333357713560316,2020.17571421507,2020.25136612022,474400000,hCoV-19/USA/NY-NYUMC637/2020
163,164,0.00239747649164559,40.7699735042182,-73.9250464448608,40.773615371027,-73.9323626610841,0.0357332478476772,0.0333357713560316,2020.17571421507,2020.17811169156,474400000,NA
164,53,0.0677899477832693,40.773615371027,-73.9323626610841,40.6216150235714,-74.0157116066432,0.103523195630947,0.0357332478476772,2020.17811169156,2020.24590163934,474400000,hCoV-19/USA/NY-NYUMC324/2020
164,165,0.000435702924062142,40.773615371027,-73.9323626610841,40.7791974427726,-73.9324553695396,0.0361689507717393,0.0357332478476772,2020.17811169156,2020.17854739448,474400000,NA
165,51,0.0646220044291296,40.7791974427726,-73.9324553695396,40.7211136281707,-73.9795416681888,0.100790955200869,0.0361689507717393,2020.17854739448,2020.24316939891,474400000,hCoV-19/USA/NY-NYUMC568/2020
165,52,0.0400318404893098,40.7791974427726,-73.9324553695396,40.7641501850388,-73.9126555323891,0.0762007912610491,0.0361689507717393,2020.17854739448,2020.21857923497,474400000,hCoV-19/USA/NY-NYUMC765/2020
166,186,0.000398371170262507,40.7211142365762,-73.8976400328382,40.7186636507131,-73.9041395188962,0.00593306575017521,0.00553469457991271,2020.14791313829,2020.14831150946,474400000,NA
166,167,0.000176967919368498,40.7211142365762,-73.8976400328382,40.7261017156301,-73.8964463052885,0.00571166249928121,0.00553469457991271,2020.14791313829,2020.14809010621,474400000,NA
167,168,0.0227340673159671,40.7261017156301,-73.8964463052885,40.6708269756738,-73.8913642121234,0.0284457298152483,0.00571166249928121,2020.14809010621,2020.17082417353,474400000,NA
167,172,4.86941751564884e-05,40.7261017156301,-73.8964463052885,40.7211846238238,-73.8985185261532,0.00576035667443769,0.00571166249928121,2020.14809010621,2020.14813880039,474400000,NA
168,170,0.00688109501602185,40.6708269756738,-73.8913642121234,40.6892773442575,-73.9046134000164,0.0353268248312701,0.0284457298152483,2020.17082417353,2020.17770526854,474400000,NA
168,169,0.00590553331648697,40.6708269756738,-73.8913642121234,40.6364403120897,-73.8624645544471,0.0343512631317353,0.0284457298152483,2020.17082417353,2020.17672970684,474400000,NA
169,55,0.0418495281293139,40.6364403120897,-73.8624645544471,40.6110011019325,-73.7478724655276,0.0762007912610491,0.0343512631317353,2020.17672970684,2020.21857923497,474400000,hCoV-19/USA/NY-NYUMC721/2020
169,54,0.0582429707591194,40.6364403120897,-73.8624645544471,40.8479430292651,-73.9198629133241,0.0925942338908547,0.0343512631317353,2020.17672970684,2020.2349726776,474400000,hCoV-19/USA/NY-NYUMC792/2020
170,58,0.0654641303695988,40.6892773442575,-73.9046134000164,40.7183470731248,-73.7716401273386,0.100790955200869,0.0353268248312701,2020.17770526854,2020.24316939891,474400000,hCoV-19/USA/NY-NYUMC583/2020
170,171,0.108687712911639,40.6892773442575,-73.9046134000164,40.6218407978146,-73.9936788317801,0.14401453774291,0.0353268248312701,2020.17770526854,2020.28639298146,474400000,NA
171,56,0.0250824283881599,40.6218407978146,-73.9936788317801,40.7028796717329,-73.9718308298713,0.169096966131069,0.14401453774291,2020.28639298146,2020.31147540984,474400000,hCoV-19/USA/NY-NYUMC899/2020
171,57,0.00322450488796731,40.6218407978146,-73.9936788317801,40.6157734545373,-73.996983687332,0.147239042630877,0.14401453774291,2020.28639298146,2020.28961748634,474400000,hCoV-19/USA/NY-NYUMC468/2020
172,173,0.0165409715281154,40.7211846238238,-73.8985185261532,40.6972654585382,-73.8364123812519,0.0223013282025531,0.00576035667443769,2020.14813880039,2020.16467977191,474400000,NA
172,176,0.0160162961607306,40.7211846238238,-73.8985185261532,40.7580794638022,-73.8547069977397,0.0217766528351683,0.00576035667443769,2020.14813880039,2020.16415509655,474400000,NA
173,59,0.0457027417484817,40.6972654585382,-73.8364123812519,40.708138189078,-73.7498417418248,0.0680040699510349,0.0223013282025531,2020.16467977191,2020.21038251366,474400000,hCoV-19/USA/NY-NYUMC919/2020
173,174,0.00863016023090588,40.6972654585382,-73.8364123812519,40.6619371648824,-73.8005092364766,0.030931488433459,0.0223013282025531,2020.16467977191,2020.17330993215,474400000,NA
174,175,0.00281619281051637,40.6619371648824,-73.8005092364766,40.6641075679539,-73.7900816358233,0.0337476812439754,0.030931488433459,2020.17330993215,2020.17612612496,474400000,NA
174,60,0.0370725815175759,40.6619371648824,-73.8005092364766,40.6831259909713,-73.7809490803789,0.0680040699510349,0.030931488433459,2020.17330993215,2020.21038251366,474400000,hCoV-19/USA/NY-NYUMC659/2020
175,61,0.0752399952669078,40.6641075679539,-73.7900816358233,40.6939227168328,-73.7538659411165,0.108987676510883,0.0337476812439754,2020.17612612496,2020.25136612022,474400000,hCoV-19/USA/NY-NYUMC617/2020
175,62,0.0670432739568936,40.6641075679539,-73.7900816358233,40.7310603598748,-73.7551691877445,0.100790955200869,0.0337476812439754,2020.17612612496,2020.24316939891,474400000,hCoV-19/USA/NY-NYUMC541/2020
176,178,0.00755160336473673,40.7580794638022,-73.8547069977397,40.7526597446337,-73.8716711098554,0.0293282561999051,0.0217766528351683,2020.16415509655,2020.17170669991,474400000,NA
176,177,0.0143213565064773,40.7580794638022,-73.8547069977397,40.7538648644151,-73.8351109557348,0.0360980093416456,0.0217766528351683,2020.16415509655,2020.17847645305,474400000,NA
177,64,0.0674251862893009,40.7538648644151,-73.8351109557348,40.7477077119598,-73.7231794427818,0.103523195630947,0.0360980093416456,2020.17847645305,2020.24590163934,474400000,hCoV-19/USA/NY-NYUMC559/2020
177,63,0.135731197219274,40.7538648644151,-73.8351109557348,40.6735324669866,-73.8195186841184,0.17182920656092,0.0360980093416456,2020.17847645305,2020.31420765027,474400000,hCoV-19/USA/NY-NYUMC885/2020
178,179,0.00305031038424811,40.7526597446337,-73.8716711098554,40.7670888671523,-73.8756149529122,0.0323785665841532,0.0293282561999051,2020.17170669991,2020.1747570103,474400000,NA
178,184,0.00539692520395058,40.7526597446337,-73.8716711098554,40.790173767557,-73.8578110181265,0.0347251814038556,0.0293282561999051,2020.17170669991,2020.17710362512,474400000,NA
179,180,0.00234698980414796,40.7670888671523,-73.8756149529122,40.7693101806758,-73.8644843117187,0.0347255563883011,0.0323785665841532,2020.1747570103,2020.1771040001,474400000,NA
179,65,0.12578943779682,40.7670888671523,-73.8756149529122,40.6685054548865,-73.8290085446559,0.158168004380973,0.0323785665841532,2020.1747570103,2020.30054644809,474400000,hCoV-19/USA/NY-NYUMC455/2020
180,66,0.104316764932562,40.7693101806758,-73.8644843117187,40.8349009397891,-73.8696575822929,0.139042321320863,0.0347255563883011,2020.1771040001,2020.28142076503,474400000,hCoV-19/USA/NY-NYUMC403/2020
180,181,0.00032102164406711,40.7693101806758,-73.8644843117187,40.7631685319336,-73.8639948117708,0.0350465780323682,0.0347255563883011,2020.1771040001,2020.17742502174,474400000,NA
181,70,0.076673338918597,40.7631685319336,-73.8639948117708,40.6289370538392,-73.960782288976,0.111719916950965,0.0350465780323682,2020.17742502174,2020.25409836066,474400000,hCoV-19/USA/NY-NYUMC207/2020
181,182,0.000293919162551365,40.7631685319336,-73.8639948117708,40.7692869419484,-73.8598655243511,0.0353404971949196,0.0350465780323682,2020.17742502174,2020.17771894091,474400000,NA
182,183,0.00103878244431052,40.7692869419484,-73.8598655243511,40.7527446657248,-73.8773945225404,0.0363792796392301,0.0353404971949196,2020.17771894091,2020.17875772335,474400000,NA
182,69,0.0517892558159984,40.7692869419484,-73.8598655243511,40.7377512422397,-73.8996909571257,0.087129753010918,0.0353404971949196,2020.17771894091,2020.22950819672,474400000,hCoV-19/USA/NY-NYUMC786/2020
183,68,0.0753406373117351,40.7527446657248,-73.8773945225404,40.6914123560652,-73.8232457742389,0.111719916950965,0.0363792796392301,2020.17875772335,2020.25409836066,474400000,hCoV-19/USA/NY-NYUMC598/2020
183,67,0.0562149542516246,40.7527446657248,-73.8773945225404,40.7649441556046,-73.867069336295,0.0925942338908547,0.0363792796392301,2020.17875772335,2020.2349726776,474400000,hCoV-19/USA/NY-NYUMC816/2020
184,185,0.00111806579432558,40.790173767557,-73.8578110181265,40.7795893494689,-73.8681542155842,0.0358432471981812,0.0347251814038556,2020.17710362512,2020.17822169091,474400000,NA
184,73,0.0332788885471792,40.790173767557,-73.8578110181265,40.7882338398297,-73.7974970231813,0.0680040699510349,0.0347251814038556,2020.17710362512,2020.21038251366,474400000,hCoV-19/USA/NY-NYUMC80/2020
185,71,0.0321608227528536,40.7795893494689,-73.8681542155842,40.7743593408759,-73.8995054090954,0.0680040699510349,0.0358432471981812,2020.17822169091,2020.21038251366,474400000,hCoV-19/USA/NY-NYUMC72/2020
185,72,0.171505085052882,40.7795893494689,-73.8681542155842,40.8185649072773,-73.8731335848325,0.207348332251063,0.0358432471981812,2020.17822169091,2020.34972677596,474400000,hCoV-19/USA/NY-NYUMC914/2020
186,189,0.0272443820589482,40.7186636507131,-73.9041395188962,40.7292872469302,-73.9131217896301,0.0331774478091235,0.00593306575017521,2020.14831150946,2020.17555589152,474400000,NA
186,187,0.0236179804366081,40.7186636507131,-73.9041395188962,40.7241339817083,-73.9577860175628,0.0295510461867833,0.00593306575017521,2020.14831150946,2020.1719294899,474400000,NA
187,188,0.00538303520410552,40.7241339817083,-73.9577860175628,40.7173293195052,-73.9755372107595,0.0349340813908888,0.0295510461867833,2020.1719294899,2020.1773125251,474400000,NA
187,74,0.0821688707641819,40.7241339817083,-73.9577860175628,40.7378252930322,-73.8600873228515,0.111719916950965,0.0295510461867833,2020.1719294899,2020.25409836066,474400000,hCoV-19/USA/NY-NYUMC590/2020
188,75,0.0658568738099801,40.7173293195052,-73.9755372107595,40.7211782583487,-73.9462399707776,0.100790955200869,0.0349340813908888,2020.1773125251,2020.24316939891,474400000,hCoV-19/USA/NY-NYUMC551/2020
188,76,0.0713213546801397,40.7173293195052,-73.9755372107595,40.6525463430275,-74.0036044343422,0.106255436071029,0.0349340813908888,2020.1773125251,2020.24863387978,474400000,hCoV-19/USA/NY-NYUMC196/2020
189,77,0.0730779882619051,40.7292872469302,-73.9131217896301,40.7407004445965,-73.9806337802662,0.106255436071029,0.0331774478091235,2020.17555589152,2020.24863387978,474400000,hCoV-19/USA/NY-NYUMC153/2020
189,78,0.0676135073917455,40.7292872469302,-73.9131217896301,40.7455704678325,-73.8352579843952,0.100790955200869,0.0331774478091235,2020.17555589152,2020.24316939891,474400000,hCoV-19/USA/NY-NYUMC521/2020
190,201,0.000119935242169661,40.7478892167993,-73.8951095187261,40.739186010139,-73.8995102353743,0.00577178418148211,0.00565184893931245,2020.14803029265,2020.14815022789,474400000,NA
190,191,0.0190709047614272,40.7478892167993,-73.8951095187261,40.7470272651615,-73.9265431486823,0.0247227537007396,0.00565184893931245,2020.14803029265,2020.16710119741,474400000,NA
191,192,0.00135784030164732,40.7470272651615,-73.9265431486823,40.7588894462947,-73.8985426237609,0.0260805940023869,0.0247227537007396,2020.16710119741,2020.16845903771,474400000,NA
191,196,0.00458069745965675,40.7470272651615,-73.9265431486823,40.7434827432649,-73.9261130425657,0.0293034511603964,0.0247227537007396,2020.16710119741,2020.17168189487,474400000,NA
192,194,0.00638920787406935,40.7588894462947,-73.8985426237609,40.759529348704,-73.9221579400677,0.0324698018764563,0.0260805940023869,2020.16845903771,2020.17484824559,474400000,NA
192,193,0.00694256442841742,40.7588894462947,-73.8985426237609,40.757848986167,-73.9156127155594,0.0330231584308044,0.0260805940023869,2020.16845903771,2020.17540160214,474400000,NA
193,79,0.0349809115202305,40.757848986167,-73.9156127155594,40.7493569591868,-73.8246411190464,0.0680040699510349,0.0330231584308044,2020.17540160214,2020.21038251366,474400000,hCoV-19/USA/NY-NYUMC94/2020
193,80,0.0759645180800788,40.757848986167,-73.9156127155594,40.8549837905493,-73.9258289253539,0.108987676510883,0.0330231584308044,2020.17540160214,2020.25136612022,474400000,hCoV-19/USA/NY-NYUMC685/2020
194,195,0.000230501632862173,40.759529348704,-73.9221579400677,40.7599793971691,-73.9228198668142,0.0327003035093185,0.0324698018764563,2020.17484824559,2020.17507874722,474400000,NA
194,81,0.106572519444406,40.759529348704,-73.9221579400677,40.6567039733594,-73.8693522558567,0.139042321320863,0.0324698018764563,2020.17484824559,2020.28142076503,474400000,hCoV-19/USA/NY-NYUMC394/2020
195,82,0.0680906516915505,40.7599793971691,-73.9228198668142,40.8819720108401,-73.866318883948,0.100790955200869,0.0327003035093185,2020.17507874722,2020.24316939891,474400000,hCoV-19/USA/NY-NYUMC517/2020
195,83,0.0899485751817386,40.7599793971691,-73.9228198668142,40.633921006965,-73.9954237712867,0.122648878691057,0.0327003035093185,2020.17507874722,2020.2650273224,474400000,hCoV-19/USA/NY-NYUMC354/2020
196,197,0.00109487989858975,40.7434827432649,-73.9261130425657,40.7507517978653,-73.9333636621888,0.0303983310589861,0.0293034511603964,2020.17168189487,2020.17277677477,474400000,NA
196,198,0.00354619390877081,40.7434827432649,-73.9261130425657,40.735647972058,-73.9361825770058,0.0328496450691672,0.0293034511603964,2020.17168189487,2020.17522808878,474400000,NA
197,84,0.0348734984519667,40.7507517978653,-73.9333636621888,40.7507538051986,-73.9811768705278,0.0652718295109528,0.0303983310589861,2020.17277677477,2020.20765027322,474400000,hCoV-19/USA/NY-NYUMC658/2020
197,85,0.045802460202063,40.7507517978653,-73.9333636621888,40.7561354787091,-73.9775659266455,0.0762007912610491,0.0303983310589861,2020.17277677477,2020.21857923497,474400000,hCoV-19/USA/NY-NYUMC719/2020
198,200,0.00234117850502252,40.735647972058,-73.9361825770058,40.7143108320904,-73.9253968376324,0.0351908235741897,0.0328496450691672,2020.17522808878,2020.17756926729,474400000,NA
198,199,0.000624059324599885,40.735647972058,-73.9361825770058,40.7374111861074,-73.9358155974173,0.0334737043937671,0.0328496450691672,2020.17522808878,2020.17585214811,474400000,NA
199,87,0.0727817316772615,40.7374111861074,-73.9358155974173,40.5852948267358,-73.951003045517,0.106255436071029,0.0334737043937671,2020.17585214811,2020.24863387978,474400000,hCoV-19/USA/NY-NYUMC155/2020
199,86,0.0345303655572678,40.7374111861074,-73.9358155974173,40.7475864907637,-73.9715309611186,0.0680040699510349,0.0334737043937671,2020.17585214811,2020.21038251366,474400000,hCoV-19/USA/NY-NYUMC672/2020
200,89,0.0382777272567818,40.7143108320904,-73.9253968376324,40.7346805563875,-73.9226783846122,0.0734685508309715,0.0351908235741897,2020.17756926729,2020.21584699454,474400000,hCoV-19/USA/NY-NYUMC748/2020
200,88,0.0710646124968388,40.7143108320904,-73.9253968376324,40.7685584239299,-73.8784796049089,0.106255436071029,0.0351908235741897,2020.17756926729,2020.24863387978,474400000,hCoV-19/USA/NY-NYUMC193/2020
201,211,0.0306236168236051,40.739186010139,-73.8995102353743,40.6508205491382,-73.9942662150862,0.0363954010050872,0.00577178418148211,2020.14815022789,2020.17877384472,474400000,NA
201,202,0.000190484821041087,40.739186010139,-73.8995102353743,40.7439718297865,-73.8976216246427,0.0059622690025232,0.00577178418148211,2020.14815022789,2020.14834071272,474400000,NA
202,203,0.0207860796181454,40.7439718297865,-73.8976216246427,40.7209034682011,-73.9430839171614,0.0267483486206685,0.0059622690025232,2020.14834071272,2020.16912679233,474400000,NA
202,205,0.0183069311029319,40.7439718297865,-73.8976216246427,40.7685326345224,-73.8984050423057,0.0242692001054551,0.0059622690025232,2020.14834071272,2020.16664764382,474400000,NA
203,90,0.115026213130272,40.7209034682011,-73.9430839171614,40.6700248479394,-73.9902803374386,0.14177456175094,0.0267483486206685,2020.16912679233,2020.28415300546,474400000,hCoV-19/USA/NY-NYUMC446/2020
203,204,0.00976725424653424,40.7209034682011,-73.9430839171614,40.7481088358771,-73.9501540433939,0.0365156028672028,0.0267483486206685,2020.16912679233,2020.17889404658,474400000,NA
204,91,0.0533463905837973,40.7481088358771,-73.9501540433939,40.6782883512615,-73.9641616039469,0.089861993451,0.0365156028672028,2020.17889404658,2020.23224043716,474400000,hCoV-19/USA/NY-NYUMC755/2020
204,92,0.0642753523336662,40.7481088358771,-73.9501540433939,40.8918671142442,-73.8595977191749,0.100790955200869,0.0365156028672028,2020.17889404658,2020.24316939891,474400000,hCoV-19/USA/NY-NYUMC524/2020
205,99,0.0765217550954138,40.7685326345224,-73.8984050423057,40.7059698713338,-73.9540056932043,0.100790955200869,0.0242692001054551,2020.16664764382,2020.24316939891,474400000,hCoV-19/USA/NY-NYUMC547/2020
205,206,0.00462749168338447,40.7685326345224,-73.8984050423057,40.7741605911932,-73.8978598296679,0.0288966917888396,0.0242692001054551,2020.16664764382,2020.1712751355,474400000,NA
206,210,0.0020082973549205,40.7741605911932,-73.8978598296679,40.7819776365209,-73.8876275147031,0.0309049891437601,0.0288966917888396,2020.1712751355,2020.17328343286,474400000,NA
206,207,0.00513050018923386,40.7741605911932,-73.8978598296679,40.7619598819523,-73.901851840327,0.0340271919780734,0.0288966917888396,2020.1712751355,2020.17640563569,474400000,NA
207,96,0.1241408124029,40.7619598819523,-73.901851840327,40.7625124536136,-73.8181364491275,0.158168004380973,0.0340271919780734,2020.17640563569,2020.30054644809,474400000,hCoV-19/USA/NY-NYUMC462/2020
207,208,0.00110522827311602,40.7619598819523,-73.901851840327,40.7598923433798,-73.8971783709248,0.0351324202511895,0.0340271919780734,2020.17640563569,2020.17751086396,474400000,NA
208,209,0.00109114879685931,40.7598923433798,-73.8971783709248,40.7604475334975,-73.8981006015189,0.0362235690480488,0.0351324202511895,2020.17751086396,2020.17860201276,474400000,NA
208,95,0.0328716496998454,40.7598923433798,-73.8971783709248,40.7267660640199,-73.8560862957384,0.0680040699510349,0.0351324202511895,2020.17751086396,2020.21038251366,474400000,hCoV-19/USA/NY-NYUMC922/2020
209,93,0.0317805009029861,40.7604475334975,-73.8981006015189,40.7169856494059,-73.9271704369447,0.0680040699510349,0.0362235690480488,2020.17860201276,2020.21038251366,474400000,hCoV-19/USA/NY-NYUMC119/2020
209,94,0.0563706648428059,40.7604475334975,-73.8981006015189,40.8177010134899,-73.8312716311785,0.0925942338908547,0.0362235690480488,2020.17860201276,2020.2349726776,474400000,hCoV-19/USA/NY-NYUMC825/2020
210,97,0.0753504469272685,40.7819776365209,-73.8876275147031,40.8299470562498,-73.9078920040658,0.106255436071029,0.0309049891437601,2020.17328343286,2020.24863387978,474400000,hCoV-19/USA/NY-NYUMC199/2020
210,98,0.05895700430724,40.7819776365209,-73.8876275147031,40.742627106534,-73.9721243199272,0.089861993451,0.0309049891437601,2020.17328343286,2020.23224043716,474400000,hCoV-19/USA/NY-NYUMC727/2020
211,100,0.075324515945878,40.6508205491382,-73.9942662150862,40.6081078999332,-73.9834686626581,0.111719916950965,0.0363954010050872,2020.17877384472,2020.25409836066,474400000,hCoV-19/USA/NY-NYUMC246/2020
211,101,0.121772603375886,40.6508205491382,-73.9942662150862,40.6798998050019,-73.8487577777653,0.158168004380973,0.0363954010050872,2020.17877384472,2020.30054644809,474400000,hCoV-19/USA/NY-NYUMC432/2020
212,216,0.000389216440108725,40.7311185026669,-73.9059774392177,40.7233273312279,-73.9169006358134,0.0058760530984141,0.00548683665830538,2020.14786528037,2020.14825449681,474400000,NA
212,213,0.0114845374971345,40.7311185026669,-73.9059774392177,40.7596386967635,-73.9443837889848,0.0169713741554399,0.00548683665830538,2020.14786528037,2020.15934981787,474400000,NA
213,102,0.130267668475437,40.7596386967635,-73.9443837889848,40.6018308784703,-74.0048131276813,0.147239042630877,0.0169713741554399,2020.15934981787,2020.28961748634,474400000,hCoV-19/USA/NY-NYUMC466/2020
213,214,0.0186349964925896,40.7596386967635,-73.9443837889848,40.8247931978607,-73.933488913968,0.0356063706480295,0.0169713741554399,2020.15934981787,2020.17798481436,474400000,NA
214,215,0.000835850988061743,40.8247931978607,-73.933488913968,40.8168714118062,-73.922870727198,0.0364422216360912,0.0356063706480295,2020.17798481436,2020.17882066535,474400000,NA
214,103,0.0733813058628537,40.8247931978607,-73.933488913968,40.8501959648434,-73.9046874548666,0.108987676510883,0.0356063706480295,2020.17798481436,2020.25136612022,474400000,hCoV-19/USA/NY-NYUMC613/2020
215,104,0.0643487335647777,40.8168714118062,-73.922870727198,40.8834703978805,-73.9117501296647,0.100790955200869,0.0364422216360912,2020.17882066535,2020.24316939891,474400000,hCoV-19/USA/NY-NYUMC519/2020
215,105,0.072545454874792,40.8168714118062,-73.922870727198,40.8316369096351,-73.9180837614849,0.108987676510883,0.0364422216360912,2020.17882066535,2020.25136612022,474400000,hCoV-19/USA/NY-NYUMC621/2020
216,217,0.0268448592614363,40.7233273312279,-73.9169006358134,40.6377888102582,-73.9847708118804,0.0327209123598504,0.0058760530984141,2020.14825449681,2020.17509935607,474400000,NA
216,106,0.0539312955426065,40.7233273312279,-73.9169006358134,40.7441685809208,-73.9797389130969,0.0598073486410206,0.0058760530984141,2020.14825449681,2020.20218579235,474400000,hCoV-19/USA/NY-NYUMC22/2020
217,218,0.00236937110477492,40.6377888102582,-73.9847708118804,40.6205789809061,-73.9983478186691,0.0350902834646254,0.0327209123598504,2020.17509935607,2020.17746872718,474400000,NA
217,219,0.00243931066285416,40.6377888102582,-73.9847708118804,40.632050219526,-73.9958428450336,0.0351602230227046,0.0327209123598504,2020.17509935607,2020.17753866674,474400000,NA
218,107,0.0766296334863399,40.6205789809061,-73.9983478186691,40.6245508931925,-73.9503985612396,0.111719916950965,0.0350902834646254,2020.17746872718,2020.25409836066,474400000,hCoV-19/USA/NY-NYUMC228/2020
218,108,0.0711651526064032,40.6205789809061,-73.9983478186691,40.5966541265131,-74.0001253797246,0.106255436071029,0.0350902834646254,2020.17746872718,2020.24863387978,474400000,hCoV-19/USA/NY-NYUMC144/2020
219,109,0.0656307321781643,40.632050219526,-73.9958428450336,40.5914803804265,-73.9391722840999,0.100790955200869,0.0351602230227046,2020.17753866674,2020.24316939891,474400000,hCoV-19/USA/NY-NYUMC305/2020
219,110,0.0328438469283303,40.632050219526,-73.9958428450336,40.6307546617416,-74.0148062896867,0.0680040699510349,0.0351602230227046,2020.17753866674,2020.21038251366,474400000,hCoV-19/USA/NY-NYUMC79/2020
