node1,node2,length,startLat,startLon,endLat,endLon,endNodeL,startNodeL,startYear,endYear,treeID,tipLabel
116,178,0.00466274989289969,40.7355310181757,-73.924133539038,40.7411120861026,-73.9319241403087,0.00466274989289969,0,2020.13983449272,2020.14449724262,345200000,NA
116,117,0.00405858025958383,40.7355310181757,-73.924133539038,40.7069443502586,-73.9340680560484,0.00405858025958383,0,2020.13983449272,2020.14389307298,345200000,NA
117,118,0.000922292507184036,40.7069443502586,-73.9340680560484,40.7107273199842,-73.9354052297624,0.00498087276676787,0.00405858025958383,2020.14389307298,2020.14481536549,345200000,NA
117,171,0.0169698044616286,40.7069443502586,-73.9340680560484,40.7311963498662,-73.9376517778766,0.0210283847212124,0.00405858025958383,2020.14389307298,2020.16086287744,345200000,NA
118,119,0.000125325114668728,40.7107273199842,-73.9354052297624,40.713852380556,-73.9342191623604,0.0051061978814366,0.00498087276676787,2020.14481536549,2020.1449406906,345200000,NA
118,169,0.0121580435144141,40.7107273199842,-73.9354052297624,40.7497848792477,-73.9464273475885,0.0171389162811819,0.00498087276676787,2020.14481536549,2020.156973409,345200000,NA
119,143,0.00314709265001092,40.713852380556,-73.9342191623604,40.7207120799182,-73.9200683189179,0.00825329053144752,0.0051061978814366,2020.1449406906,2020.14808778325,345200000,NA
119,120,0.0175453264726874,40.713852380556,-73.9342191623604,40.6719871148067,-73.9819438119482,0.022651524354124,0.0051061978814366,2020.1449406906,2020.16248601708,345200000,NA
120,127,0.000125772347892267,40.6719871148067,-73.9819438119482,40.6679183882956,-73.9828774961896,0.0227772967020162,0.022651524354124,2020.16248601708,2020.16261178942,345200000,NA
120,121,0.000333000898909391,40.6719871148067,-73.9819438119482,40.6784500157304,-73.9892655052733,0.0229845252530333,0.022651524354124,2020.16248601708,2020.16281901798,345200000,NA
121,122,0.0369687437748274,40.6784500157304,-73.9892655052733,40.6639156542262,-73.937232636422,0.0599532690278607,0.0229845252530333,2020.16281901798,2020.19978776175,345200000,NA
121,123,0.00123350029859659,40.6784500157304,-73.9892655052733,40.6761849305716,-73.9664531064122,0.0242180255516299,0.0229845252530333,2020.16281901798,2020.16405251827,345200000,NA
122,1,0.051578358465689,40.6639156542262,-73.937232636422,40.5933468783976,-73.960198574249,0.11153162749355,0.0599532690278607,2020.19978776175,2020.25136612022,345200000,hCoV-19/USA/NY-NYUMC250/2020
122,2,0.00239803059582641,40.6639156542262,-73.937232636422,40.6606737193785,-73.9533242942901,0.0623512996236872,0.0599532690278607,2020.19978776175,2020.20218579235,345200000,hCoV-19/USA/NY-NYUMC12/2020
123,125,0.00167783928233078,40.6761849305716,-73.9664531064122,40.6783039217173,-73.9795804826341,0.0258958648339607,0.0242180255516299,2020.16405251827,2020.16573035756,345200000,NA
123,124,0.00194308167441165,40.6761849305716,-73.9664531064122,40.6517354001033,-73.987690606254,0.0261611072260416,0.0242180255516299,2020.16405251827,2020.16599559995,345200000,NA
124,3,0.101763962887537,40.6517354001033,-73.987690606254,40.6112061873269,-73.9869925190621,0.127925070113578,0.0261611072260416,2020.16599559995,2020.26775956284,345200000,hCoV-19/USA/NY-NYUMC362/2020
124,4,0.0416546732675778,40.6517354001033,-73.987690606254,40.5912749087691,-74.1122988613584,0.0678157804936194,0.0261611072260416,2020.16599559995,2020.20765027322,345200000,hCoV-19/USA/NY-NYUMC30/2020
125,5,0.0774390413495748,40.6783039217173,-73.9795804826341,40.5407411435219,-74.2119570622373,0.103334906183535,0.0258958648339607,2020.16573035756,2020.24316939891,345200000,hCoV-19/USA/NY-NYUMC409/2020
125,126,0.00244901539144046,40.6783039217173,-73.9795804826341,40.6955184587433,-73.977370122517,0.0283448802254012,0.0258958648339607,2020.16573035756,2020.16817937295,345200000,NA
126,7,0.181547403008329,40.6955184587433,-73.977370122517,40.8185649072773,-73.8731335848325,0.20989228323373,0.0283448802254012,2020.16817937295,2020.34972677596,345200000,hCoV-19/USA/NY-NYUMC914/2020
126,6,0.0422031407083002,40.6955184587433,-73.977370122517,40.7523738858961,-73.9833415340605,0.0705480209337014,0.0283448802254012,2020.16817937295,2020.21038251366,345200000,hCoV-19/USA/NY-NYUMC221/2020
127,128,0.000112984256531029,40.6679183882956,-73.9828774961896,40.6643222608807,-73.986046113459,0.0228902809585473,0.0227772967020162,2020.16261178942,2020.16272477368,345200000,NA
127,134,0.00151259643503779,40.6679183882956,-73.9828774961896,40.6714125257973,-73.9730783999288,0.024289893137054,0.0227772967020162,2020.16261178942,2020.16412438586,345200000,NA
128,131,0.000226511624242143,40.6643222608807,-73.986046113459,40.666875133757,-73.9855314911608,0.0231167925827894,0.0228902809585473,2020.16272477368,2020.16295128531,345200000,NA
128,129,0.0132496334873508,40.6643222608807,-73.986046113459,40.6215654288382,-73.9935944445555,0.036139914445898,0.0228902809585473,2020.16272477368,2020.17597440717,345200000,NA
129,8,0.0781239534877338,40.6215654288382,-73.9935944445555,40.6448675988566,-74.0129848272053,0.114263867933632,0.036139914445898,2020.17597440717,2020.25409836066,345200000,hCoV-19/USA/NY-NYUMC217/2020
129,130,0.000261239911292122,40.6215654288382,-73.9935944445555,40.6156575226801,-73.9873188892833,0.0364011543571901,0.036139914445898,2020.17597440717,2020.17623564708,345200000,NA
130,10,0.0915239157563881,40.6156575226801,-73.9873188892833,40.6067764966501,-74.0284017920478,0.127925070113578,0.0364011543571901,2020.17623564708,2020.26775956284,345200000,hCoV-19/USA/NY-NYUMC335/2020
130,9,0.0860594348864559,40.6156575226801,-73.9873188892833,40.5613580548334,-73.9190732861445,0.122460589243646,0.0364011543571901,2020.17623564708,2020.26229508197,345200000,hCoV-19/USA/NY-NYUMC240/2020
131,132,0.00888592499969709,40.666875133757,-73.9855314911608,40.6107494413431,-73.9517370942843,0.0320027175824865,0.0231167925827894,2020.16295128531,2020.17183721031,345200000,NA
131,11,0.0802181136007461,40.666875133757,-73.9855314911608,40.7215438533111,-74.0107212261745,0.103334906183535,0.0231167925827894,2020.16295128531,2020.24316939891,345200000,hCoV-19/USA/NY-NYUMC562/2020
132,14,0.0904578716611595,40.6107494413431,-73.9517370942843,40.6720286393196,-73.8064605127022,0.122460589243646,0.0320027175824865,2020.17183721031,2020.26229508197,345200000,hCoV-19/USA/NY-NYUMC234/2020
132,133,0.033434087729907,40.6107494413431,-73.9517370942843,40.6262772423656,-73.978505168615,0.0654368053123935,0.0320027175824865,2020.17183721031,2020.20527129803,345200000,NA
133,13,0.106204111801343,40.6262772423656,-73.978505168615,40.6059050506028,-74.0220360976346,0.171640917113736,0.0654368053123935,2020.20527129803,2020.31147540984,345200000,hCoV-19/USA/NY-NYUMC435/2020
133,12,0.100739630921178,40.6262772423656,-73.978505168615,40.5939090623852,-74.1942482079437,0.166176436233572,0.0654368053123935,2020.20527129803,2020.30601092896,345200000,hCoV-19/USA/NY-NYUMC479/2020
134,142,0.0012665029044599,40.6714125257973,-73.9730783999288,40.6702831385648,-73.9581829457398,0.0255563960415139,0.024289893137054,2020.16412438586,2020.16539088876,345200000,NA
134,135,0.000877615645897861,40.6714125257973,-73.9730783999288,40.6737291946772,-73.9792897809431,0.0251675087829519,0.024289893137054,2020.16412438586,2020.16500200151,345200000,NA
135,136,0.000343046616394005,40.6737291946772,-73.9792897809431,40.6688210341881,-73.9827600340768,0.0255105553993459,0.0251675087829519,2020.16500200151,2020.16534504812,345200000,NA
135,139,0.000775585572513227,40.6737291946772,-73.9792897809431,40.6780589300364,-73.9784535523338,0.0259430943554651,0.0251675087829519,2020.16500200151,2020.16577758708,345200000,NA
136,137,4.57783018146252e-05,40.6688210341881,-73.9827600340768,40.6670565952248,-73.9806681975108,0.0255563337011605,0.0255105553993459,2020.16534504812,2020.16539082642,345200000,NA
136,15,0.0996822742743777,40.6688210341881,-73.9827600340768,40.6094614079401,-73.9966250620818,0.125192829673724,0.0255105553993459,2020.16534504812,2020.2650273224,345200000,hCoV-19/USA/NY-NYUMC352/2020
137,138,0.031712139137086,40.6670565952248,-73.9806681975108,40.6670762033473,-74.0290589840285,0.0572684728382465,0.0255563337011605,2020.16539082642,2020.19710296556,345200000,NA
137,16,0.102368736412418,40.6670565952248,-73.9806681975108,40.6268056940713,-74.010548771725,0.127925070113578,0.0255563337011605,2020.16539082642,2020.26775956284,345200000,hCoV-19/USA/NY-NYUMC336/2020
138,18,0.130765886895291,40.6670762033473,-74.0290589840285,40.6527417933624,-73.9069421598065,0.188034359733537,0.0572684728382465,2020.19710296556,2020.32786885246,345200000,hCoV-19/USA/NY-NYUMC887/2020
138,17,0.046066433345289,40.6670762033473,-74.0290589840285,40.6746864300508,-74.0027239985277,0.103334906183535,0.0572684728382465,2020.19710296556,2020.24316939891,345200000,hCoV-19/USA/NY-NYUMC540/2020
139,140,0.00365506006354246,40.6780589300364,-73.9784535523338,40.691733490003,-73.9342268807029,0.0295981544190076,0.0259430943554651,2020.16577758708,2020.16943264714,345200000,NA
139,141,0.0465874971590334,40.6780589300364,-73.9784535523338,40.6484855601295,-73.9457162408789,0.0725305915144985,0.0259430943554651,2020.16577758708,2020.21236508424,345200000,NA
140,20,0.0819334730745422,40.691733490003,-73.9342268807029,40.6939227168328,-73.7538659411165,0.11153162749355,0.0295981544190076,2020.16943264714,2020.25136612022,345200000,hCoV-19/USA/NY-NYUMC617/2020
140,19,0.111988117884522,40.691733490003,-73.9342268807029,40.8349009397891,-73.8696575822929,0.141586272303529,0.0295981544190076,2020.16943264714,2020.28142076503,345200000,hCoV-19/USA/NY-NYUMC403/2020
141,21,0.0226075933590228,40.6484855601295,-73.9457162408789,40.7475976717573,-73.9694062838136,0.0951381848735212,0.0725305915144985,2020.21236508424,2020.2349726776,345200000,hCoV-19/USA/NY-NYUMC781/2020
141,22,0.030804314669037,40.6484855601295,-73.9457162408789,40.6070066372221,-73.9557923072449,0.103334906183535,0.0725305915144985,2020.21236508424,2020.24316939891,345200000,hCoV-19/USA/NY-NYUMC680/2020
142,24,0.0449916248921875,40.6702831385648,-73.9581829457398,40.6675728962418,-73.9379002362335,0.0705480209337014,0.0255563960415139,2020.16539088876,2020.21038251366,345200000,hCoV-19/USA/NY-NYUMC880/2020
142,23,0.0641173079520707,40.6702831385648,-73.9581829457398,40.6469987444172,-74.0188466019032,0.0896737039935846,0.0255563960415139,2020.16539088876,2020.22950819672,345200000,hCoV-19/USA/NY-NYUMC785/2020
143,163,0.00600821226080564,40.7207120799182,-73.9200683189179,40.7308695776857,-73.9513345583197,0.0142615027922532,0.00825329053144752,2020.14808778325,2020.15409599551,345200000,NA
143,144,0.00484181220588412,40.7207120799182,-73.9200683189179,40.7180016019058,-73.8861078695862,0.0130951027373316,0.00825329053144752,2020.14808778325,2020.15292959546,345200000,NA
144,150,0.0019999543630384,40.7180016019058,-73.8861078695862,40.6994152280379,-73.9015937093229,0.01509505710037,0.0130951027373316,2020.15292959546,2020.15492954982,345200000,NA
144,145,0.00624189414617127,40.7180016019058,-73.8861078695862,40.7188064680417,-73.85420279548,0.0193369968835029,0.0130951027373316,2020.15292959546,2020.15917148961,345200000,NA
145,146,0.00297708270160865,40.7188064680417,-73.85420279548,40.7234804362364,-73.8356092525285,0.0223140795851116,0.0193369968835029,2020.15917148961,2020.16214857231,345200000,NA
145,148,0.00304641470481565,40.7188064680417,-73.85420279548,40.7102542343873,-73.8795366689112,0.0223834115883186,0.0193369968835029,2020.15917148961,2020.16221790431,345200000,NA
146,27,0.0482339413485899,40.7234804362364,-73.8356092525285,40.6546168001901,-73.7441354372391,0.0705480209337014,0.0223140795851116,2020.16214857231,2020.21038251366,345200000,hCoV-19/USA/NY-NYUMC89/2020
146,147,0.0402836895242262,40.7234804362364,-73.8356092525285,40.8348368860826,-73.8315223087579,0.0625977691093378,0.0223140795851116,2020.16214857231,2020.20243226183,345200000,NA
147,26,0.117239869314185,40.8348368860826,-73.8315223087579,40.8525809483289,-73.8824918548016,0.179837638423523,0.0625977691093378,2020.20243226183,2020.31967213115,345200000,hCoV-19/USA/NY-NYUMC904/2020
147,25,0.0462016179443573,40.8348368860826,-73.8315223087579,40.8752475410637,-73.8308761485969,0.108799387053695,0.0625977691093378,2020.20243226183,2020.24863387978,345200000,hCoV-19/USA/NY-NYUMC591/2020
148,149,0.00486028848848802,40.7102542343873,-73.8795366689112,40.7283533041185,-73.9156445729534,0.0272437000768066,0.0223834115883186,2020.16221790431,2020.1670781928,345200000,NA
148,28,0.0481646093453829,40.7102542343873,-73.8795366689112,40.7128579562522,-73.8344621815468,0.0705480209337014,0.0223834115883186,2020.16221790431,2020.21038251366,345200000,hCoV-19/USA/NY-NYUMC62/2020
149,29,0.0433043208568948,40.7283533041185,-73.9156445729534,40.861592470062,-73.9039698337492,0.0705480209337014,0.0272437000768066,2020.1670781928,2020.21038251366,345200000,hCoV-19/USA/NY-NYUMC121/2020
149,30,0.0433043208568948,40.7283533041185,-73.9156445729534,40.8253841614649,-73.8695040934939,0.0705480209337014,0.0272437000768066,2020.1670781928,2020.21038251366,345200000,hCoV-19/USA/NY-NYUMC92/2020
150,154,0.00158341529082859,40.6994152280379,-73.9015937093229,40.6893829269979,-73.9112089218266,0.0166784723911986,0.01509505710037,2020.15492954982,2020.15651296511,345200000,NA
150,151,0.00317412371771483,40.6994152280379,-73.9015937093229,40.7053649977469,-73.9080879513063,0.0182691808180849,0.01509505710037,2020.15492954982,2020.15810367354,345200000,NA
151,152,0.00651668731606639,40.7053649977469,-73.9080879513063,40.6939361104137,-73.92690294636,0.0247858681341513,0.0182691808180849,2020.15810367354,2020.16462036086,345200000,NA
151,31,0.0850657253654506,40.7053649977469,-73.9080879513063,40.7650854401131,-73.9119679895446,0.103334906183535,0.0182691808180849,2020.15810367354,2020.24316939891,345200000,hCoV-19/USA/NY-NYUMC504/2020
152,34,0.0676200762995153,40.6939361104137,-73.92690294636,40.8743030412893,-73.8244020667962,0.0924059444336666,0.0247858681341513,2020.16462036086,2020.23224043716,345200000,hCoV-19/USA/NY-NYUMC739/2020
152,153,0.00142959245215721,40.6939361104137,-73.92690294636,40.6855431537549,-73.9360244016574,0.0262154605863085,0.0247858681341513,2020.16462036086,2020.16604995331,345200000,NA
153,33,0.0443325603473929,40.6855431537549,-73.9360244016574,40.6311194009159,-74.0088053276495,0.0705480209337014,0.0262154605863085,2020.16604995331,2020.21038251366,345200000,hCoV-19/USA/NY-NYUMC110/2020
153,32,0.077119445597227,40.6855431537549,-73.9360244016574,40.6229655666593,-73.9460479659298,0.103334906183535,0.0262154605863085,2020.16604995331,2020.24316939891,345200000,hCoV-19/USA/NY-NYUMC410/2020
154,35,0.0538695485425028,40.6893829269979,-73.9112089218266,40.6793738301739,-73.7276249957336,0.0705480209337014,0.0166784723911986,2020.15651296511,2020.21038251366,345200000,hCoV-19/USA/NY-NYUMC49/2020
154,155,0.00214751777981972,40.6893829269979,-73.9112089218266,40.6914216712296,-73.9106780421016,0.0188259901710184,0.0166784723911986,2020.15651296511,2020.15866048289,345200000,NA
155,36,0.0517220307626831,40.6914216712296,-73.9106780421016,40.733879714996,-73.9891000962731,0.0705480209337014,0.0188259901710184,2020.15866048289,2020.21038251366,345200000,hCoV-19/USA/NY-NYUMC661/2020
155,156,0.00101803431224562,40.6914216712296,-73.9106780421016,40.7051250132451,-73.9351808555254,0.019844024483264,0.0188259901710184,2020.15866048289,2020.15967851721,345200000,NA
156,157,0.000393110372578387,40.7051250132451,-73.9351808555254,40.6961277993991,-73.9342197465422,0.0202371348558424,0.019844024483264,2020.15967851721,2020.16007162758,345200000,NA
156,161,0.00507673005374279,40.7051250132451,-73.9351808555254,40.7428618691648,-73.923100755673,0.0249207545370068,0.019844024483264,2020.15967851721,2020.16475524726,345200000,NA
157,37,0.0830977713276931,40.6961277993991,-73.9342197465422,40.5883420183825,-74.0849556623747,0.103334906183535,0.0202371348558424,2020.16007162758,2020.24316939891,345200000,hCoV-19/USA/NY-NYUMC302/2020
157,158,0.00771257482912424,40.6961277993991,-73.9342197465422,40.7019807605759,-73.9555714772174,0.0279497096849666,0.0202371348558424,2020.16007162758,2020.16778420241,345200000,NA
158,159,0.0289264053756718,40.7019807605759,-73.9555714772174,40.6891190359024,-74.0185361372565,0.0568761150606384,0.0279497096849666,2020.16778420241,2020.19671060778,345200000,NA
158,38,0.0808496773687285,40.7019807605759,-73.9555714772174,40.7368623093924,-74.005762552901,0.108799387053695,0.0279497096849666,2020.16778420241,2020.24863387978,345200000,hCoV-19/USA/NY-NYUMC204/2020
159,41,0.0737811954930218,40.6891190359024,-74.0185361372565,40.6989443086496,-73.9815135151593,0.13065731055366,0.0568761150606384,2020.19671060778,2020.27049180328,345200000,hCoV-19/USA/NY-NYUMC384/2020
159,160,0.00119064473250644,40.6891190359024,-74.0185361372565,40.6860675436982,-74.0265926024681,0.0580667597931449,0.0568761150606384,2020.19671060778,2020.19790125252,345200000,NA
160,40,0.102645195570495,40.6860675436982,-74.0265926024681,40.5976835502581,-73.9591912565361,0.16071195536364,0.0580667597931449,2020.19790125252,2020.30054644809,345200000,hCoV-19/USA/NY-NYUMC459/2020
160,39,0.0316069442004397,40.6860675436982,-74.0265926024681,40.6172154105058,-73.9925603979273,0.0896737039935846,0.0580667597931449,2020.19790125252,2020.22950819672,345200000,hCoV-19/USA/NY-NYUMC813/2020
161,42,0.089343113396625,40.7428618691648,-73.923100755673,40.7303701647368,-73.8866333601109,0.114263867933632,0.0249207545370068,2020.16475524726,2020.25409836066,345200000,hCoV-19/USA/NY-NYUMC597/2020
161,162,0.0347254045749761,40.7428618691648,-73.923100755673,40.7416827727778,-73.8311086650428,0.0596461591119828,0.0249207545370068,2020.16475524726,2020.19948065183,345200000,NA
162,44,0.0491532279417123,40.7416827727778,-73.8311086650428,40.8047637852378,-73.9033705317336,0.108799387053695,0.0596461591119828,2020.19948065183,2020.24863387978,345200000,hCoV-19/USA/NY-NYUMC160/2020
162,43,0.0327597853216838,40.7416827727778,-73.8311086650428,40.6013802360967,-73.7464622700957,0.0924059444336666,0.0596461591119828,2020.19948065183,2020.23224043716,345200000,hCoV-19/USA/NY-NYUMC699/2020
163,166,0.00378750083947266,40.7308695776857,-73.9513345583197,40.7299440064894,-73.9466149152501,0.0180490036317258,0.0142615027922532,2020.15409599551,2020.15788349635,345200000,NA
163,164,0.00976209373737941,40.7308695776857,-73.9513345583197,40.7494130639307,-73.9027401282063,0.0240235965296326,0.0142615027922532,2020.15409599551,2020.16385808925,345200000,NA
164,45,0.0465244244040688,40.7494130639307,-73.9027401282063,40.8181614505972,-73.9122826088561,0.0705480209337014,0.0240235965296326,2020.16385808925,2020.21038251366,345200000,hCoV-19/USA/NY-NYUMC98/2020
164,165,0.0349817634848579,40.7494130639307,-73.9027401282063,40.7872848791589,-73.9029621016428,0.0590053600144905,0.0240235965296326,2020.16385808925,2020.19883985274,345200000,NA
165,47,0.150886923219239,40.7872848791589,-73.9029621016428,40.6208501173686,-73.9776428942691,0.20989228323373,0.0590053600144905,2020.19883985274,2020.34972677596,345200000,hCoV-19/USA/NY-NYUMC886/2020
165,46,0.0689197100990878,40.7872848791589,-73.9029621016428,40.7503489458025,-73.8833064187928,0.127925070113578,0.0590053600144905,2020.19883985274,2020.26775956284,345200000,hCoV-19/USA/NY-NYUMC343/2020
166,48,0.0852859025518097,40.7299440064894,-73.9466149152501,40.7868080952266,-73.8385929493836,0.103334906183535,0.0180490036317258,2020.15788349635,2020.24316939891,345200000,hCoV-19/USA/NY-NYUMC587/2020
166,167,0.00696402514821992,40.7299440064894,-73.9466149152501,40.7675613321457,-73.9461482477112,0.0250130287799457,0.0180490036317258,2020.15788349635,2020.1648475215,345200000,NA
167,49,0.089250839153686,40.7675613321457,-73.9461482477112,40.7925812072459,-73.9483365136793,0.114263867933632,0.0250130287799457,2020.1648475215,2020.25409836066,345200000,hCoV-19/USA/NY-NYUMC252/2020
167,168,0.000838540848823732,40.7675613321457,-73.9461482477112,40.7584566974999,-73.9487444166231,0.0258515696287695,0.0250130287799457,2020.1648475215,2020.16568606235,345200000,NA
168,50,0.0446964513049319,40.7584566974999,-73.9487444166231,40.8382009170989,-73.9312211632961,0.0705480209337014,0.0258515696287695,2020.16568606235,2020.21038251366,345200000,hCoV-19/USA/NY-NYUMC58/2020
168,51,0.0829478174249256,40.7584566974999,-73.9487444166231,40.6388370891847,-74.0342455387953,0.108799387053695,0.0258515696287695,2020.16568606235,2020.24863387978,345200000,hCoV-19/USA/NY-NYUMC205/2020
169,170,0.00133027749002887,40.7497848792477,-73.9464273475885,40.7420993691013,-73.9422981865774,0.0184691937712108,0.0171389162811819,2020.156973409,2020.15830368649,345200000,NA
169,52,0.0861959899023536,40.7497848792477,-73.9464273475885,40.8771773797914,-73.8691373798826,0.103334906183535,0.0171389162811819,2020.156973409,2020.24316939891,345200000,hCoV-19/USA/NY-NYUMC549/2020
170,54,0.0520788271624906,40.7420993691013,-73.9422981865774,40.8281941179378,-73.9267616846938,0.0705480209337014,0.0184691937712108,2020.15830368649,2020.21038251366,345200000,hCoV-19/USA/NY-NYUMC78/2020
170,53,0.0520788271624906,40.7420993691013,-73.9422981865774,40.7762420546567,-73.9067702741432,0.0705480209337014,0.0184691937712108,2020.15830368649,2020.21038251366,345200000,hCoV-19/USA/NY-NYUMC64/2020
171,62,0.0932354832124193,40.7311963498662,-73.9376517778766,40.6288553973435,-73.9998588531161,0.114263867933632,0.0210283847212124,2020.16086287744,2020.25409836066,345200000,hCoV-19/USA/NY-NYUMC209/2020
171,172,0.00105176165454243,40.7311963498662,-73.9376517778766,40.731745634829,-73.9217747324978,0.0220801463757549,0.0210283847212124,2020.16086287744,2020.1619146391,345200000,NA
172,55,0.138631808987885,40.731745634829,-73.9217747324978,40.6685054548865,-73.8290085446559,0.16071195536364,0.0220801463757549,2020.1619146391,2020.30054644809,345200000,hCoV-19/USA/NY-NYUMC455/2020
172,173,0.00182635092960062,40.731745634829,-73.9217747324978,40.7235477725611,-73.9208143178893,0.0239064973053555,0.0220801463757549,2020.1619146391,2020.16374099003,345200000,NA
173,61,0.0466415236283459,40.7235477725611,-73.9208143178893,40.708138189078,-73.7498417418248,0.0705480209337014,0.0239064973053555,2020.16374099003,2020.21038251366,345200000,hCoV-19/USA/NY-NYUMC919/2020
173,174,0.000477034046836855,40.7235477725611,-73.9208143178893,40.7203204944877,-73.9200655700421,0.0243835313521923,0.0239064973053555,2020.16374099003,2020.16421802407,345200000,NA
174,176,0.00157405648367193,40.7203204944877,-73.9200655700421,40.7059393355288,-73.943216910075,0.0259575878358643,0.0243835313521923,2020.16421802407,2020.16579208056,345200000,NA
174,175,0.0077226275111722,40.7203204944877,-73.9200655700421,40.7290664528018,-73.9096542673359,0.0321061588633645,0.0243835313521923,2020.16421802407,2020.17194065159,345200000,NA
175,56,0.109480113440165,40.7290664528018,-73.9096542673359,40.7463730381282,-73.9820105444655,0.141586272303529,0.0321061588633645,2020.17194065159,2020.28142076503,345200000,hCoV-19/USA/NY-NYUMC398/2020
175,57,0.0357096216302548,40.7290664528018,-73.9096542673359,40.7785762122093,-73.8201928720758,0.0678157804936194,0.0321061588633645,2020.17194065159,2020.20765027322,345200000,hCoV-19/USA/NY-NYUMC28/2020
176,58,0.0883062800977675,40.7059393355288,-73.943216910075,40.6914123560652,-73.8232457742389,0.114263867933632,0.0259575878358643,2020.16579208056,2020.25409836066,345200000,hCoV-19/USA/NY-NYUMC598/2020
176,177,0.000918438567848207,40.7059393355288,-73.943216910075,40.7252253951214,-73.9300085937447,0.0268760264037125,0.0259575878358643,2020.16579208056,2020.16671051913,345200000,NA
177,60,0.076458879779823,40.7252253951214,-73.9300085937447,40.8962883753214,-73.8488124646681,0.103334906183535,0.0268760264037125,2020.16671051913,2020.24316939891,345200000,hCoV-19/USA/NY-NYUMC681/2020
177,59,0.120174726769976,40.7252253951214,-73.9300085937447,40.5930372018341,-73.9618404854155,0.147050753173689,0.0268760264037125,2020.16671051913,2020.2868852459,345200000,hCoV-19/USA/NY-NYUMC439/2020
178,179,0.000464031866782122,40.7411120861026,-73.9319241403087,40.7442564245665,-73.9236225862634,0.00512678175968181,0.00466274989289969,2020.14449724262,2020.14496127448,345200000,NA
178,227,0.0154715297366094,40.7411120861026,-73.9319241403087,40.7527092843693,-73.9033506937741,0.0201342796295091,0.00466274989289969,2020.14449724262,2020.15996877235,345200000,NA
179,216,0.00469342345523072,40.7442564245665,-73.9236225862634,40.7412182392541,-73.9078255597202,0.00982020521491253,0.00512678175968181,2020.14496127448,2020.14965469794,345200000,NA
179,180,0.00742159067630085,40.7442564245665,-73.9236225862634,40.7658824241996,-73.9066266537342,0.0125483724359827,0.00512678175968181,2020.14496127448,2020.15238286516,345200000,NA
180,181,0.00255671150834985,40.7658824241996,-73.9066266537342,40.7763814605529,-73.901681300948,0.0151050839443325,0.0125483724359827,2020.15238286516,2020.15493957667,345200000,NA
180,209,0.00978049383782995,40.7658824241996,-73.9066266537342,40.7036727966531,-73.955366397999,0.0223288662738126,0.0125483724359827,2020.15238286516,2020.162163359,345200000,NA
181,182,0.00271769361544466,40.7763814605529,-73.901681300948,40.7834332917822,-73.8751389124434,0.0178227775597772,0.0151050839443325,2020.15493957667,2020.15765727028,345200000,NA
181,183,0.00192506718237123,40.7763814605529,-73.901681300948,40.7626394342636,-73.8983954574605,0.0170301511267038,0.0151050839443325,2020.15493957667,2020.15686464385,345200000,NA
182,64,0.0527252433739242,40.7834332917822,-73.8751389124434,40.8762876680981,-73.9026105215071,0.0705480209337014,0.0178227775597772,2020.15765727028,2020.21038251366,345200000,hCoV-19/USA/NY-NYUMC38/2020
182,63,0.129227975613912,40.7834332917822,-73.8751389124434,40.7852812644379,-73.927225857349,0.147050753173689,0.0178227775597772,2020.15765727028,2020.2868852459,345200000,hCoV-19/USA/NY-NYUMC447/2020
183,184,0.0016785008535288,40.7626394342636,-73.8983954574605,40.7574492816141,-73.8929016587806,0.0187086519802326,0.0170301511267038,2020.15686464385,2020.1585431447,345200000,NA
183,203,0.00169603792991205,40.7626394342636,-73.8983954574605,40.7651630717644,-73.9140063733021,0.0187261890566158,0.0170301511267038,2020.15686464385,2020.15856068178,345200000,NA
184,185,0.000170478233953886,40.7574492816141,-73.8929016587806,40.7573608980452,-73.8934975871121,0.0188791302141864,0.0187086519802326,2020.1585431447,2020.15871362294,345200000,NA
184,188,0.00265770735518081,40.7574492816141,-73.8929016587806,40.7387284789623,-73.8916198030013,0.0213663593354134,0.0187086519802326,2020.1585431447,2020.16120085206,345200000,NA
185,186,0.00434974325325749,40.7573608980452,-73.8934975871121,40.7717107400851,-73.9017280358129,0.0232288734674439,0.0188791302141864,2020.15871362294,2020.16306336619,345200000,NA
185,187,0.00694746138484031,40.7573608980452,-73.8934975871121,40.7655654564126,-73.8792569020744,0.0258265915990268,0.0188791302141864,2020.15871362294,2020.16566108432,345200000,NA
186,65,0.0391224261562432,40.7717107400851,-73.9017280358129,40.7441685809208,-73.9797389130969,0.0623512996236872,0.0232288734674439,2020.16306336619,2020.20218579235,345200000,hCoV-19/USA/NY-NYUMC22/2020
186,66,0.0855705135862512,40.7717107400851,-73.9017280358129,40.7623374113589,-73.9713628006699,0.108799387053695,0.0232288734674439,2020.16306336619,2020.24863387978,345200000,hCoV-19/USA/NY-NYUMC167/2020
187,67,0.104830718954634,40.7655654564126,-73.8792569020744,40.7437375091091,-73.8351008711859,0.13065731055366,0.0258265915990268,2020.16566108432,2020.27049180328,345200000,hCoV-19/USA/NY-NYUMC364/2020
187,68,0.0829727954546683,40.7655654564126,-73.8792569020744,40.7053798561,-73.8360913197813,0.108799387053695,0.0258265915990268,2020.16566108432,2020.24863387978,345200000,hCoV-19/USA/NY-NYUMC136/2020
188,189,0.0033030626053665,40.7387284789623,-73.8916198030013,40.7654991875226,-73.8728679753526,0.0246694219407799,0.0213663593354134,2020.16120085206,2020.16450391466,345200000,NA
188,197,0.00196921954474608,40.7387284789623,-73.8916198030013,40.7485157613943,-73.8846315413946,0.0233355788801594,0.0213663593354134,2020.16120085206,2020.1631700716,345200000,NA
189,193,0.00148458679467933,40.7654991875226,-73.8728679753526,40.7762813345645,-73.8663949112695,0.0261540087354592,0.0246694219407799,2020.16450391466,2020.16598850146,345200000,NA
189,190,0.00056612864646155,40.7654991875226,-73.8728679753526,40.7609770634755,-73.8727889589435,0.0252355505872414,0.0246694219407799,2020.16450391466,2020.16507004331,345200000,NA
190,72,0.0780993555962941,40.7609770634755,-73.8727889589435,40.6978435816112,-73.9920923338634,0.103334906183535,0.0252355505872414,2020.16507004331,2020.24316939891,345200000,hCoV-19/USA/NY-NYUMC319/2020
190,191,0.0109456377902782,40.7609770634755,-73.8727889589435,40.7674131826823,-73.8474413643165,0.0361811883775196,0.0252355505872414,2020.16507004331,2020.1760156811,345200000,NA
191,69,0.0671537178060159,40.7674131826823,-73.8474413643165,40.8918671142442,-73.8595977191749,0.103334906183535,0.0361811883775196,2020.1760156811,2020.24316939891,345200000,hCoV-19/USA/NY-NYUMC524/2020
191,192,0.0384572026459846,40.7674131826823,-73.8474413643165,40.6824093628492,-73.8363136609464,0.0746383910235042,0.0361811883775196,2020.1760156811,2020.21447288375,345200000,NA
192,70,0.0177675534101624,40.6824093628492,-73.8363136609464,40.7214057032357,-73.7989507193224,0.0924059444336666,0.0746383910235042,2020.21447288375,2020.23224043716,345200000,hCoV-19/USA/NY-NYUMC706/2020
192,71,0.0204997938500171,40.6824093628492,-73.8363136609464,40.5886407162506,-73.9711411966013,0.0951381848735212,0.0746383910235042,2020.21447288375,2020.2349726776,345200000,hCoV-19/USA/NY-NYUMC796/2020
193,194,0.00321014913951012,40.7762813345645,-73.8663949112695,40.7752008868354,-73.8456395396921,0.0293641578749693,0.0261540087354592,2020.16598850146,2020.1691986506,345200000,NA
193,77,0.0799131378781539,40.7762813345645,-73.8663949112695,40.7790452494831,-73.9093402245291,0.106067146613613,0.0261540087354592,2020.16598850146,2020.24590163934,345200000,hCoV-19/USA/NY-NYUMC589/2020
194,76,0.0794352291787258,40.7752008868354,-73.8456395396921,40.7840291556198,-73.7778524648704,0.108799387053695,0.0293641578749693,2020.1691986506,2020.24863387978,345200000,hCoV-19/USA/NY-NYUMC593/2020
194,195,0.0282327190472166,40.7752008868354,-73.8456395396921,40.8151294370522,-73.8498862226616,0.0575968769221859,0.0293641578749693,2020.1691986506,2020.19743136964,345200000,NA
195,73,0.0375413079513353,40.8151294370522,-73.8498862226616,40.8177010134899,-73.8312716311785,0.0951381848735212,0.0575968769221859,2020.19743136964,2020.2349726776,345200000,hCoV-19/USA/NY-NYUMC825/2020
195,196,0.00782866682595532,40.8151294370522,-73.8498862226616,40.8103165781754,-73.841803406069,0.0654255437481412,0.0575968769221859,2020.19743136964,2020.20526003647,345200000,NA
196,74,0.0952864116154985,40.8103165781754,-73.841803406069,40.7669725010674,-73.8104108821342,0.16071195536364,0.0654255437481412,2020.20526003647,2020.30054644809,345200000,hCoV-19/USA/NY-NYUMC436/2020
196,75,0.0433738433055539,40.8103165781754,-73.841803406069,40.8299470562498,-73.9078920040658,0.108799387053695,0.0654255437481412,2020.20526003647,2020.24863387978,345200000,hCoV-19/USA/NY-NYUMC199/2020
197,198,0.0006871731402045,40.7485157613943,-73.8846315413946,40.7549586335082,-73.8838759015559,0.0240227520203639,0.0233355788801594,2020.1631700716,2020.16385724474,345200000,NA
197,201,0.00129090185678535,40.7485157613943,-73.8846315413946,40.752499064438,-73.8931199649758,0.0246264807369448,0.0233355788801594,2020.1631700716,2020.16446097346,345200000,NA
198,199,0.0101347972519879,40.7549586335082,-73.8838759015559,40.749926402956,-73.9104783094129,0.0341575492723518,0.0240227520203639,2020.16385724474,2020.17399204199,345200000,NA
198,81,0.0875088754731858,40.7549586335082,-73.8838759015559,40.8711540442832,-73.9180528692027,0.11153162749355,0.0240227520203639,2020.16385724474,2020.25136612022,345200000,hCoV-19/USA/NY-NYUMC620/2020
199,78,0.0746418377813433,40.749926402956,-73.9104783094129,40.7685584239299,-73.8784796049089,0.108799387053695,0.0341575492723518,2020.17399204199,2020.24863387978,345200000,hCoV-19/USA/NY-NYUMC193/2020
199,200,0.0346297215058591,40.749926402956,-73.9104783094129,40.6758311887847,-73.9456421948257,0.0687872707782109,0.0341575492723518,2020.17399204199,2020.2086217635,345200000,NA
200,80,0.0809957228353325,40.6758311887847,-73.9456421948257,40.7504093691795,-73.9792710885346,0.149782993613543,0.0687872707782109,2020.2086217635,2020.28961748634,345200000,hCoV-19/USA/NY-NYUMC427/2020
200,79,0.0208864332153736,40.6758311887847,-73.9456421948257,40.6274803931168,-74.0026948483706,0.0896737039935846,0.0687872707782109,2020.2086217635,2020.22950819672,345200000,hCoV-19/USA/NY-NYUMC826/2020
201,202,0.000257488688253066,40.752499064438,-73.8931199649758,40.7497194705164,-73.8966580233055,0.0248839694251979,0.0246264807369448,2020.16446097346,2020.16471846215,345200000,NA
201,82,0.0787084254465907,40.752499064438,-73.8931199649758,40.8819720108401,-73.866318883948,0.103334906183535,0.0246264807369448,2020.16446097346,2020.24316939891,345200000,hCoV-19/USA/NY-NYUMC517/2020
202,83,0.0784509367583376,40.7497194705164,-73.8966580233055,40.7703629277398,-73.9485793622217,0.103334906183535,0.0248839694251979,2020.16471846215,2020.24316939891,345200000,hCoV-19/USA/NY-NYUMC312/2020
202,84,0.116702302878331,40.7497194705164,-73.8966580233055,40.6567039733594,-73.8693522558567,0.141586272303529,0.0248839694251979,2020.16471846215,2020.28142076503,345200000,hCoV-19/USA/NY-NYUMC394/2020
203,204,2.16330535119935e-05,40.7651630717644,-73.9140063733021,40.7638255876167,-73.9129332003487,0.0187478221101278,0.0187261890566158,2020.15856068178,2020.15858231483,345200000,NA
203,91,0.141985766307024,40.7651630717644,-73.9140063733021,40.8802618065014,-73.9136062455795,0.16071195536364,0.0187261890566158,2020.15856068178,2020.30054644809,345200000,hCoV-19/USA/NY-NYUMC457/2020
204,90,0.0736581223235388,40.7638255876167,-73.9129332003487,40.6489716120887,-73.8504584581818,0.0924059444336666,0.0187478221101278,2020.15858231483,2020.23224043716,345200000,hCoV-19/USA/NY-NYUMC732/2020
204,205,0.0140732417822342,40.7638255876167,-73.9129332003487,40.7563289422499,-73.9288795502954,0.032821063892362,0.0187478221101278,2020.15858231483,2020.17265555661,345200000,NA
205,208,0.000525581895911842,40.7563289422499,-73.9288795502954,40.7503786789637,-73.9363791244184,0.0333466457882739,0.032821063892362,2020.17265555661,2020.17318113851,345200000,NA
205,206,0.0386893694816689,40.7563289422499,-73.9288795502954,40.7698376779966,-73.9442316778472,0.0715104333740309,0.032821063892362,2020.17265555661,2020.2113449261,345200000,NA
206,207,0.00218109540725184,40.7698376779966,-73.9442316778472,40.7435793170524,-73.9182463821484,0.0736915287812827,0.0715104333740309,2020.2113449261,2020.2135260215,345200000,NA
206,85,0.0318244728095046,40.7698376779966,-73.9442316778472,40.8834703978805,-73.9117501296647,0.103334906183535,0.0715104333740309,2020.2113449261,2020.24316939891,345200000,hCoV-19/USA/NY-NYUMC519/2020
207,86,0.037840098712267,40.7435793170524,-73.9182463821484,40.8501959648434,-73.9046874548666,0.11153162749355,0.0736915287812827,2020.2135260215,2020.25136612022,345200000,hCoV-19/USA/NY-NYUMC613/2020
207,87,0.037840098712267,40.7435793170524,-73.9182463821484,40.8316369096351,-73.9180837614849,0.11153162749355,0.0736915287812827,2020.2135260215,2020.25136612022,345200000,hCoV-19/USA/NY-NYUMC621/2020
208,88,0.0699882603952616,40.7503786789637,-73.9363791244184,40.5795539535976,-73.9602552138115,0.103334906183535,0.0333466457882739,2020.17318113851,2020.24316939891,345200000,hCoV-19/USA/NY-NYUMC548/2020
208,89,0.127365309575366,40.7503786789637,-73.9363791244184,40.7602422095494,-73.9217142194898,0.16071195536364,0.0333466457882739,2020.17318113851,2020.30054644809,345200000,hCoV-19/USA/NY-NYUMC469/2020
209,92,0.0482191546598888,40.7036727966531,-73.955366397999,40.777743487841,-73.9518013270567,0.0705480209337014,0.0223288662738126,2020.162163359,2020.21038251366,345200000,hCoV-19/USA/NY-NYUMC673/2020
209,210,0.00294600824064759,40.7036727966531,-73.955366397999,40.690396717769,-73.9948560551886,0.0252748745144602,0.0223288662738126,2020.162163359,2020.16510936724,345200000,NA
210,211,0.00544217134732686,40.690396717769,-73.9948560551886,40.7022314683688,-74.0100203369014,0.0307170458617871,0.0252748745144602,2020.16510936724,2020.17055153858,345200000,NA
210,215,0.000820261668944222,40.690396717769,-73.9948560551886,40.686308751693,-73.9902941173029,0.0260951361834044,0.0252748745144602,2020.16510936724,2020.16592962891,345200000,NA
211,213,0.0299514628029913,40.7022314683688,-74.0100203369014,40.6807006155378,-74.0560075002558,0.0606685086647783,0.0307170458617871,2020.17055153858,2020.20050300139,345200000,NA
211,212,0.0435338154678049,40.7022314683688,-74.0100203369014,40.7546867244303,-73.9273815936941,0.0742508613295919,0.0307170458617871,2020.17055153858,2020.21408535405,345200000,NA
212,94,0.0345485257241032,40.7546867244303,-73.9273815936941,40.7407004445965,-73.9806337802662,0.108799387053695,0.0742508613295919,2020.21408535405,2020.24863387978,345200000,hCoV-19/USA/NY-NYUMC153/2020
212,93,0.0290840448539436,40.7546867244303,-73.9273815936941,40.7455704678325,-73.8352579843952,0.103334906183535,0.0742508613295919,2020.21408535405,2020.24316939891,345200000,hCoV-19/USA/NY-NYUMC521/2020
213,214,0.00368178629913649,40.6807006155378,-74.0560075002558,40.677907913252,-74.039514481857,0.0643502949639148,0.0606685086647783,2020.20050300139,2020.20418478769,345200000,NA
213,95,0.0426663975187572,40.6807006155378,-74.0560075002558,40.637370308389,-74.0950650869601,0.103334906183535,0.0606685086647783,2020.20050300139,2020.24316939891,345200000,hCoV-19/USA/NY-NYUMC566/2020
214,97,0.0307878899096064,40.677907913252,-74.039514481857,40.6118393200168,-74.0253056027361,0.0951381848735212,0.0643502949639148,2020.20418478769,2020.2349726776,345200000,hCoV-19/USA/NY-NYUMC804/2020
214,96,0.0471813325296349,40.677907913252,-74.039514481857,40.7619534591867,-73.9257877196577,0.11153162749355,0.0643502949639148,2020.20418478769,2020.25136612022,345200000,hCoV-19/USA/NY-NYUMC594/2020
215,98,0.0827042508702907,40.686308751693,-73.9902941173029,40.7611013964715,-73.9681516787415,0.108799387053695,0.0260951361834044,2020.16592962891,2020.24863387978,345200000,hCoV-19/USA/NY-NYUMC178/2020
215,99,0.0690430486901168,40.686308751693,-73.9902941173029,40.6139146269085,-74.0036332229254,0.0951381848735212,0.0260951361834044,2020.16592962891,2020.2349726776,345200000,hCoV-19/USA/NY-NYUMC766/2020
216,217,0.0159802507142405,40.7412182392541,-73.9078255597202,40.7313394300552,-73.8633148118245,0.025800455929153,0.00982020521491253,2020.14965469794,2020.16563494865,345200000,NA
216,219,0.0046249004599426,40.7412182392541,-73.9078255597202,40.727159891399,-73.8906957796732,0.0144451056748551,0.00982020521491253,2020.14965469794,2020.1542795984,345200000,NA
217,102,0.0693377289443682,40.7313394300552,-73.8633148118245,40.8479430292651,-73.9198629133241,0.0951381848735212,0.025800455929153,2020.16563494865,2020.2349726776,345200000,hCoV-19/USA/NY-NYUMC792/2020
217,218,0.0400819681478287,40.7313394300552,-73.8633148118245,40.6520969524573,-73.7857607832888,0.0658824240769817,0.025800455929153,2020.16563494865,2020.2057169168,345200000,NA
218,101,0.0128623181667339,40.6520969524573,-73.7857607832888,40.6110011019325,-73.7478724655276,0.0787447422437157,0.0658824240769817,2020.2057169168,2020.21857923497,345200000,hCoV-19/USA/NY-NYUMC721/2020
218,100,0.094829531286658,40.6520969524573,-73.7857607832888,40.6494437092484,-73.9454775269545,0.16071195536364,0.0658824240769817,2020.2057169168,2020.30054644809,345200000,hCoV-19/USA/NY-NYUMC460/2020
219,221,0.00672304569685589,40.727159891399,-73.8906957796732,40.7177467052041,-73.8711382749377,0.021168151371711,0.0144451056748551,2020.1542795984,2020.16100264409,345200000,NA
219,220,0.0177946854800151,40.727159891399,-73.8906957796732,40.7592558837247,-73.8904707728676,0.0322397911548702,0.0144451056748551,2020.1542795984,2020.17207428388,345200000,NA
220,103,0.0437727106587679,40.7592558837247,-73.8904707728676,40.6832144193083,-73.7406901212571,0.0760125018136381,0.0322397911548702,2020.17207428388,2020.21584699454,345200000,hCoV-19/USA/NY-NYUMC830/2020
220,104,0.0792918363386796,40.7592558837247,-73.8904707728676,40.8597367133706,-73.886018871727,0.11153162749355,0.0322397911548702,2020.17207428388,2020.25136612022,345200000,hCoV-19/USA/NY-NYUMC607/2020
221,222,0.00280662756299441,40.7177467052041,-73.8711382749377,40.7193697680268,-73.8818051058226,0.0239747789347054,0.021168151371711,2020.16100264409,2020.16380927166,345200000,NA
221,225,0.00457645981614496,40.7177467052041,-73.8711382749377,40.7154752417275,-73.9001707199233,0.025744611187856,0.021168151371711,2020.16100264409,2020.16557910391,345200000,NA
222,223,0.0343354690630046,40.7193697680268,-73.8818051058226,40.6790920963631,-73.8316881535609,0.05831024799771,0.0239747789347054,2020.16380927166,2020.19814474072,345200000,NA
222,105,0.0793601272488301,40.7193697680268,-73.8818051058226,40.7779836124027,-73.9554655121561,0.103334906183535,0.0239747789347054,2020.16380927166,2020.24316939891,345200000,hCoV-19/USA/NY-NYUMC309/2020
223,224,0.017447459494922,40.6790920963631,-73.8316881535609,40.665575630518,-73.7997584579599,0.075757707492632,0.05831024799771,2020.19814474072,2020.21559220022,345200000,NA
223,108,0.0532213794958398,40.6790920963631,-73.8316881535609,40.7372474897535,-73.8360832900241,0.11153162749355,0.05831024799771,2020.19814474072,2020.25136612022,345200000,hCoV-19/USA/NY-NYUMC647/2020
224,106,0.0385061604409998,40.665575630518,-73.7997584579599,40.5931745303049,-73.7726750441845,0.114263867933632,0.075757707492632,2020.21559220022,2020.25409836066,345200000,hCoV-19/USA/NY-NYUMC603/2020
224,107,0.0193804773808893,40.665575630518,-73.7997584579599,40.7055490812184,-73.744671194876,0.0951381848735212,0.075757707492632,2020.21559220022,2020.2349726776,345200000,hCoV-19/USA/NY-NYUMC774/2020
225,109,0.0666613332458106,40.7154752417275,-73.9001707199233,40.7072313817539,-73.8251349169622,0.0924059444336666,0.025744611187856,2020.16557910391,2020.23224043716,345200000,hCoV-19/USA/NY-NYUMC743/2020
225,226,0.00013476603143367,40.7154752417275,-73.9001707199233,40.7145892942618,-73.9024501866251,0.0258793772192897,0.025744611187856,2020.16557910391,2020.16571386994,345200000,NA
226,111,0.0856522502742601,40.7145892942618,-73.9024501866251,40.8419164991737,-73.902066652187,0.11153162749355,0.0258793772192897,2020.16571386994,2020.25136612022,345200000,hCoV-19/USA/NY-NYUMC637/2020
226,110,0.0829200098344055,40.7145892942618,-73.9024501866251,40.6533040647924,-73.9651679829441,0.108799387053695,0.0258793772192897,2020.16571386994,2020.24863387978,345200000,hCoV-19/USA/NY-NYUMC147/2020
227,112,0.0750039052440122,40.7527092843693,-73.9033506937741,40.7649441556046,-73.867069336295,0.0951381848735212,0.0201342796295091,2020.15996877235,2020.2349726776,345200000,hCoV-19/USA/NY-NYUMC816/2020
227,228,0.00295588477247721,40.7527092843693,-73.9033506937741,40.7550439605451,-73.8743030807322,0.0230901644019863,0.0201342796295091,2020.15996877235,2020.16292465712,345200000,NA
228,229,0.0357105162358972,40.7550439605451,-73.8743030807322,40.7961690386556,-73.9338127798275,0.0588006806378835,0.0230901644019863,2020.16292465712,2020.19863517336,345200000,NA
228,115,0.0720480204715349,40.7550439605451,-73.8743030807322,40.700962746593,-73.8282086309938,0.0951381848735212,0.0230901644019863,2020.16292465712,2020.2349726776,345200000,hCoV-19/USA/NY-NYUMC802/2020
229,113,0.0636599086057625,40.7961690386556,-73.9338127798275,40.7554249611612,-73.9308766687067,0.122460589243646,0.0588006806378835,2020.19863517336,2020.26229508197,345200000,hCoV-19/USA/NY-NYUMC291/2020
229,114,0.0499987064158116,40.7961690386556,-73.9338127798275,40.821853079012,-73.8728960823823,0.108799387053695,0.0588006806378835,2020.19863517336,2020.24863387978,345200000,hCoV-19/USA/NY-NYUMC161/2020
