node1,node2,length,startLat,startLon,endLat,endLon,endNodeL,startNodeL,startYear,endYear,treeID,tipLabel
116,117,0.000180872883503685,40.7292477667172,-73.9426680718692,40.7255905123601,-73.9426846234855,0.000180872883503685,0,2020.14072369454,2020.14090456742,185400000,NA
116,203,0.00928565677825724,40.7292477667172,-73.9426680718692,40.7392801474818,-73.9209453879347,0.00928565677825724,0,2020.14072369454,2020.15000935132,185400000,NA
117,118,0.00332812285446163,40.7255905123601,-73.9426846234855,40.7370369876427,-73.9363483234368,0.00350899573796531,0.000180872883503685,2020.14090456742,2020.14423269028,185400000,NA
117,183,0.00677717636027622,40.7255905123601,-73.9426846234855,40.7806240744305,-73.9144075830702,0.00695804924377991,0.000180872883503685,2020.14090456742,2020.14768174378,185400000,NA
118,1,0.0634175829413703,40.7370369876427,-73.9363483234368,40.7785762122093,-73.8201928720758,0.0669265786793357,0.00350899573796531,2020.14423269028,2020.20765027322,185400000,hCoV-19/USA/NY-NYUMC28/2020
118,119,0.00407261762450911,40.7370369876427,-73.9363483234368,40.7288721437507,-73.9449640467715,0.00758161336247443,0.00350899573796531,2020.14423269028,2020.1483053079,185400000,NA
119,120,0.000652667189518452,40.7288721437507,-73.9449640467715,40.7075379493507,-73.9645297844909,0.00823428055199288,0.00758161336247443,2020.1483053079,2020.14895797509,185400000,NA
119,164,0.0355036034010079,40.7288721437507,-73.9449640467715,40.8125887044907,-73.9698047141995,0.0430852167634823,0.00758161336247443,2020.1483053079,2020.1838089113,185400000,NA
120,144,0.000381199797260007,40.7075379493507,-73.9645297844909,40.7066988107062,-73.9671024868165,0.00861548034925289,0.00823428055199288,2020.14895797509,2020.14933917489,185400000,NA
120,121,0.0072196478825704,40.7075379493507,-73.9645297844909,40.6539044359339,-73.9482029706863,0.0154539284345633,0.00823428055199288,2020.14895797509,2020.15617762298,185400000,NA
121,128,0.0262074866700915,40.6539044359339,-73.9482029706863,40.6460602240663,-74.0045755037653,0.0416614151046547,0.0154539284345633,2020.15617762298,2020.18238510965,185400000,NA
121,122,0.0208102151601183,40.6539044359339,-73.9482029706863,40.6854392022944,-73.811892640869,0.0362641435946816,0.0154539284345633,2020.15617762298,2020.17698783814,185400000,NA
122,8,0.0333946755247361,40.6854392022944,-73.811892640869,40.6831259909713,-73.7809490803789,0.0696588191194177,0.0362641435946816,2020.17698783814,2020.21038251366,185400000,hCoV-19/USA/NY-NYUMC659/2020
122,123,0.000676315968877461,40.6854392022944,-73.811892640869,40.6858493493215,-73.7941679448191,0.0369404595635591,0.0362641435946816,2020.17698783814,2020.1776641541,185400000,NA
123,127,0.0229538538913319,40.6858493493215,-73.7941679448191,40.6791539262397,-73.7796298284842,0.0598943134548909,0.0369404595635591,2020.1776641541,2020.200618008,185400000,NA
123,124,0.0136610811892885,40.6858493493215,-73.7941679448191,40.6556879909312,-73.778159926175,0.0506015407528475,0.0369404595635591,2020.1776641541,2020.19132523529,185400000,NA
124,5,0.04364744230639,40.6556879909312,-73.778159926175,40.7055490812184,-73.744671194876,0.0942489830592375,0.0506015407528475,2020.19132523529,2020.2349726776,185400000,hCoV-19/USA/NY-NYUMC774/2020
124,125,0.000371599200695238,40.6556879909312,-73.778159926175,40.6540926257527,-73.7851986186968,0.0509731399535428,0.0506015407528475,2020.19132523529,2020.19169683449,185400000,NA
125,2,0.0624015261658053,40.6540926257527,-73.7851986186968,40.5931745303049,-73.7726750441845,0.113374666119348,0.0509731399535428,2020.19169683449,2020.25409836066,185400000,hCoV-19/USA/NY-NYUMC603/2020
125,126,0.0377631965349141,40.6540926257527,-73.7851986186968,40.6526619118756,-73.7753760476039,0.0887363364884569,0.0509731399535428,2020.19169683449,2020.22946003103,185400000,NA
126,3,0.0710864170608991,40.6526619118756,-73.7753760476039,40.6967110755991,-73.8836825314943,0.159822753549356,0.0887363364884569,2020.22946003103,2020.30054644809,185400000,hCoV-19/USA/NY-NYUMC456/2020
126,4,0.0055126465707806,40.6526619118756,-73.7753760476039,40.6810491288933,-73.762050467689,0.0942489830592375,0.0887363364884569,2020.22946003103,2020.2349726776,185400000,hCoV-19/USA/NY-NYUMC767/2020
127,7,0.0507481122243751,40.6791539262397,-73.7796298284842,40.6939227168328,-73.7538659411165,0.110642425679266,0.0598943134548909,2020.200618008,2020.25136612022,185400000,hCoV-19/USA/NY-NYUMC617/2020
127,6,0.00976450566452675,40.6791539262397,-73.7796298284842,40.708138189078,-73.7498417418248,0.0696588191194177,0.0598943134548909,2020.200618008,2020.21038251366,185400000,hCoV-19/USA/NY-NYUMC919/2020
128,129,0.00458465102567909,40.6460602240663,-74.0045755037653,40.7353648518561,-73.9400402129317,0.0462460661303338,0.0416614151046547,2020.18238510965,2020.18696976067,185400000,NA
128,141,0.00690678672974401,40.6460602240663,-74.0045755037653,40.5975782934347,-74.0198964167974,0.0485682018343987,0.0416614151046547,2020.18238510965,2020.18929189638,185400000,NA
129,131,0.000755627503793183,40.7353648518561,-73.9400402129317,40.7432653221782,-73.9449447760869,0.047001693634127,0.0462460661303338,2020.18696976067,2020.18772538818,185400000,NA
129,130,0.00354152915396835,40.7353648518561,-73.9400402129317,40.7287839595529,-73.998082024198,0.0497875952843022,0.0462460661303338,2020.18696976067,2020.19051128983,185400000,NA
130,9,0.110035158265054,40.7287839595529,-73.998082024198,40.6782158675139,-73.987952152472,0.159822753549356,0.0497875952843022,2020.19051128983,2020.30054644809,185400000,hCoV-19/USA/NY-NYUMC472/2020
130,10,0.110035158265054,40.7287839595529,-73.998082024198,40.6427407047125,-73.941370427049,0.159822753549356,0.0497875952843022,2020.19051128983,2020.30054644809,185400000,hCoV-19/USA/NY-NYUMC454/2020
131,138,0.00098544376141485,40.7432653221782,-73.9449447760869,40.7425483001821,-73.9421295684368,0.0479871373955419,0.047001693634127,2020.18772538818,2020.18871083194,185400000,NA
131,132,0.000150594934109516,40.7432653221782,-73.9449447760869,40.7466972124955,-73.9408035686443,0.0471522885682365,0.047001693634127,2020.18772538818,2020.18787598311,185400000,NA
132,133,0.000872090318102814,40.7466972124955,-73.9408035686443,40.7612638655585,-73.9430349167166,0.0480243788863393,0.0471522885682365,2020.18787598311,2020.18874807343,185400000,NA
132,17,0.0607578966711748,40.7466972124955,-73.9408035686443,40.821853079012,-73.8728960823823,0.107910185239411,0.0471522885682365,2020.18787598311,2020.24863387978,185400000,hCoV-19/USA/NY-NYUMC161/2020
133,134,2.14778937715487e-05,40.7612638655585,-73.9430349167166,40.7646053431846,-73.9398594181102,0.0480458567801109,0.0480243788863393,2020.18874807343,2020.18876955132,185400000,NA
133,11,0.059885806353072,40.7612638655585,-73.9430349167166,40.7482719487499,-73.8752786013116,0.107910185239411,0.0480243788863393,2020.18874807343,2020.24863387978,185400000,hCoV-19/USA/NY-NYUMC187/2020
134,135,0.0026945429356468,40.7646053431846,-73.9398594181102,40.7709147789827,-73.9332919909322,0.0507403997157577,0.0480458567801109,2020.18876955132,2020.19146409426,185400000,NA
134,16,0.0462031262791266,40.7646053431846,-73.9398594181102,40.6909318207711,-73.8196724602627,0.0942489830592375,0.0480458567801109,2020.18876955132,2020.2349726776,185400000,hCoV-19/USA/NY-NYUMC788/2020
135,12,0.0517053046534941,40.7709147789827,-73.9332919909322,40.8962883753214,-73.8488124646681,0.102445704369252,0.0507403997157577,2020.19146409426,2020.24316939891,185400000,hCoV-19/USA/NY-NYUMC681/2020
135,136,0.000184145139287772,40.7709147789827,-73.9332919909322,40.774242438846,-73.9312473445302,0.0509245448550455,0.0507403997157577,2020.19146409426,2020.1916482394,185400000,NA
136,13,0.0870402851943453,40.774242438846,-73.9312473445302,40.773980570208,-73.9005154527354,0.137964830049391,0.0509245448550455,2020.1916482394,2020.27868852459,185400000,hCoV-19/USA/NY-NYUMC407/2020
136,137,0.0132152952406635,40.774242438846,-73.9312473445302,40.7625350488183,-73.9018413424842,0.0641398400957089,0.0509245448550455,2020.1916482394,2020.20486353464,185400000,NA
137,15,0.00551897902370874,40.7625350488183,-73.9018413424842,40.7743593408759,-73.8995054090954,0.0696588191194177,0.0641398400957089,2020.20486353464,2020.21038251366,185400000,hCoV-19/USA/NY-NYUMC72/2020
137,14,0.144863241323737,40.7625350488183,-73.9018413424842,40.8185649072773,-73.8731335848325,0.209003081419446,0.0641398400957089,2020.20486353464,2020.34972677596,185400000,hCoV-19/USA/NY-NYUMC914/2020
138,140,0.00273791375488561,40.7425483001821,-73.9421295684368,40.7336075533006,-73.939177452277,0.0507250511504275,0.0479871373955419,2020.18871083194,2020.19144874569,185400000,NA
138,139,0.00122203738420892,40.7425483001821,-73.9421295684368,40.7497823461885,-73.9366548592148,0.0492091747797508,0.0479871373955419,2020.18871083194,2020.18993286932,185400000,NA
139,19,0.053236529589501,40.7497823461885,-73.9366548592148,40.7211782583487,-73.9462399707776,0.102445704369252,0.0492091747797508,2020.18993286932,2020.24316939891,185400000,hCoV-19/USA/NY-NYUMC551/2020
139,18,0.0641654913395973,40.7497823461885,-73.9366548592148,40.7533086534691,-73.910799315166,0.113374666119348,0.0492091747797508,2020.18993286932,2020.25409836066,185400000,hCoV-19/USA/NY-NYUMC644/2020
140,20,0.0162015275289082,40.7336075533006,-73.939177452277,40.7302798560701,-74.0029744895201,0.0669265786793357,0.0507250511504275,2020.19144874569,2020.20765027322,185400000,hCoV-19/USA/NY-NYUMC27/2020
140,21,0.0162015275289082,40.7336075533006,-73.939177452277,40.7089801120876,-74.0001597853612,0.0669265786793357,0.0507250511504275,2020.19144874569,2020.20765027322,185400000,hCoV-19/USA/NY-NYUMC13/2020
141,142,0.00249398717231,40.5975782934347,-74.0198964167974,40.6248149348718,-73.9929080596131,0.0510621890067088,0.0485682018343987,2020.18929189638,2020.19178588355,185400000,NA
141,22,0.053877502534853,40.5975782934347,-74.0198964167974,40.7455704678325,-73.8352579843952,0.102445704369252,0.0485682018343987,2020.18929189638,2020.24316939891,185400000,hCoV-19/USA/NY-NYUMC521/2020
142,143,0.0330437358704604,40.6248149348718,-73.9929080596131,40.5828552110536,-74.0043139721982,0.0841059248771692,0.0510621890067088,2020.19178588355,2020.22482961942,185400000,NA
142,23,0.0595802366725573,40.6248149348718,-73.9929080596131,40.61374825758,-73.9830117090132,0.110642425679266,0.0510621890067088,2020.19178588355,2020.25136612022,185400000,hCoV-19/USA/NY-NYUMC634/2020
143,24,0.0265365008020968,40.5828552110536,-74.0043139721982,40.5933468783976,-73.960198574249,0.110642425679266,0.0841059248771692,2020.22482961942,2020.25136612022,185400000,hCoV-19/USA/NY-NYUMC250/2020
143,25,0.0183397794920826,40.5828552110536,-74.0043139721982,40.5732697539796,-74.0049679740401,0.102445704369252,0.0841059248771692,2020.22482961942,2020.24316939891,185400000,hCoV-19/USA/NY-NYUMC585/2020
144,163,0.0376373952411541,40.7066988107062,-73.9671024868165,40.6415256817772,-73.9154412366348,0.046252875590407,0.00861548034925289,2020.14933917489,2020.18697657013,185400000,NA
144,145,9.29877853970973e-05,40.7066988107062,-73.9671024868165,40.7110570586379,-73.9656376658097,0.00870846813464998,0.00861548034925289,2020.14933917489,2020.14943216268,185400000,NA
145,156,0.0285153983545872,40.7110570586379,-73.9656376658097,40.6234510829655,-74.0679758877064,0.0372238664892371,0.00870846813464998,2020.14943216268,2020.17794756103,185400000,NA
145,146,0.00523353432103871,40.7110570586379,-73.9656376658097,40.6998599170894,-73.9514796519511,0.0139420024556887,0.00870846813464998,2020.14943216268,2020.154665697,185400000,NA
146,147,0.0313567611286368,40.6998599170894,-73.9514796519511,40.6860771885337,-74.0195337702164,0.0452987635843255,0.0139420024556887,2020.154665697,2020.18602245813,185400000,NA
146,155,0.076348832275878,40.6998599170894,-73.9514796519511,40.7238277962234,-73.9180060039224,0.0902908347315667,0.0139420024556887,2020.154665697,2020.23101452927,185400000,NA
147,153,0.000902286003776898,40.6860771885337,-74.0195337702164,40.6944778696179,-74.0185355758135,0.0462010495881024,0.0452987635843255,2020.18602245813,2020.18692474413,185400000,NA
147,148,0.00292586095645492,40.6860771885337,-74.0195337702164,40.6758872361181,-74.0119228946933,0.0482246245407804,0.0452987635843255,2020.18602245813,2020.18894831908,185400000,NA
148,150,0.000114652980624075,40.6758872361181,-74.0119228946933,40.6829627122155,-74.0050100408292,0.0483392775214045,0.0482246245407804,2020.18894831908,2020.18906297206,185400000,NA
148,149,0.00282125387870258,40.6758872361181,-74.0119228946933,40.6435942075458,-74.0202453265232,0.051045878419483,0.0482246245407804,2020.18894831908,2020.19176957296,185400000,NA
149,26,0.0404708641998998,40.6435942075458,-74.0202453265232,40.6197801895252,-74.0207088509375,0.0915167426193829,0.051045878419483,2020.19176957296,2020.23224043716,185400000,hCoV-19/USA/NY-NYUMC782/2020
149,27,0.0513998259497687,40.6435942075458,-74.0202453265232,40.6222874075047,-73.9658727222114,0.102445704369252,0.051045878419483,2020.19176957296,2020.24316939891,185400000,hCoV-19/USA/NY-NYUMC525/2020
150,151,0.00175651631623117,40.6829627122155,-74.0050100408292,40.6741449171832,-74.0051206646386,0.0500957938376357,0.0483392775214045,2020.18906297206,2020.19081948838,185400000,NA
150,152,0.00271393225763708,40.6829627122155,-74.0050100408292,40.6829964387045,-74.0069790165833,0.0510532097790416,0.0483392775214045,2020.18906297206,2020.19177690432,185400000,NA
151,28,0.019563025281782,40.6741449171832,-74.0051206646386,40.6336784001767,-74.0143189051405,0.0696588191194177,0.0500957938376357,2020.19081948838,2020.21038251366,185400000,hCoV-19/USA/NY-NYUMC97/2020
151,29,0.0605466318416303,40.6741449171832,-74.0051206646386,40.7441382114543,-73.9943830602391,0.110642425679266,0.0500957938376357,2020.19081948838,2020.25136612022,185400000,hCoV-19/USA/NY-NYUMC608/2020
152,31,0.0732504180803983,40.6829964387045,-74.0069790165833,40.6327177911553,-74.0323329993309,0.12430362785944,0.0510532097790416,2020.19177690432,2020.2650273224,185400000,hCoV-19/USA/NY-NYUMC351/2020
152,30,0.0268023306503903,40.6829964387045,-74.0069790165833,40.7641501850388,-73.9126555323891,0.0778555404294319,0.0510532097790416,2020.19177690432,2020.21857923497,185400000,hCoV-19/USA/NY-NYUMC765/2020
153,34,0.113621703961254,40.6944778696179,-74.0185355758135,40.8802618065014,-73.9136062455795,0.159822753549356,0.0462010495881024,2020.18692474413,2020.30054644809,185400000,hCoV-19/USA/NY-NYUMC457/2020
153,154,0.00386685838160497,40.6944778696179,-74.0185355758135,40.7665056778749,-73.882196362471,0.0500679079697074,0.0462010495881024,2020.18692474413,2020.19079160251,185400000,NA
154,33,0.0277876324597245,40.7665056778749,-73.882196362471,40.6110011019325,-73.7478724655276,0.0778555404294319,0.0500679079697074,2020.19079160251,2020.21857923497,185400000,hCoV-19/USA/NY-NYUMC721/2020
154,32,0.0441810750895301,40.7665056778749,-73.882196362471,40.8479430292651,-73.9198629133241,0.0942489830592375,0.0500679079697074,2020.19079160251,2020.2349726776,185400000,hCoV-19/USA/NY-NYUMC792/2020
155,36,0.09138984230775,40.7238277962234,-73.9180060039224,40.6682835155714,-73.9355470017412,0.181680677039317,0.0902908347315667,2020.23101452927,2020.32240437158,185400000,hCoV-19/USA/NY-NYUMC896/2020
155,35,0.0504062357576787,40.7238277962234,-73.9180060039224,40.8349009397891,-73.8696575822929,0.140697070489245,0.0902908347315667,2020.23101452927,2020.28142076503,185400000,hCoV-19/USA/NY-NYUMC403/2020
156,157,0.00904611724477941,40.6234510829655,-74.0679758877064,40.6253504018416,-74.0402402738609,0.0462699837340166,0.0372238664892371,2020.17794756103,2020.18699367828,185400000,NA
156,161,0.00795253082772884,40.6234510829655,-74.0679758877064,40.6023841914287,-74.0792992905767,0.045176397316966,0.0372238664892371,2020.17794756103,2020.18590009186,185400000,NA
157,41,0.0616402015053948,40.6253504018416,-74.0402402738609,40.7656363422313,-73.8930705278426,0.107910185239411,0.0462699837340166,2020.18699367828,2020.24863387978,185400000,hCoV-19/USA/NY-NYUMC883/2020
157,158,0.000176583970833866,40.6253504018416,-74.0402402738609,40.6291132198794,-74.0361316306601,0.0464465677048504,0.0462699837340166,2020.18699367828,2020.18717026225,185400000,NA
158,40,0.0232122514145673,40.6291132198794,-74.0361316306601,40.6219768476312,-74.0362136521176,0.0696588191194177,0.0464465677048504,2020.18717026225,2020.21038251366,185400000,hCoV-19/USA/NY-NYUMC924/2020
158,159,0.00162431636303315,40.6291132198794,-74.0361316306601,40.6295925694726,-74.0608751378335,0.0480708840678836,0.0464465677048504,2020.18717026225,2020.18879457861,185400000,NA
159,37,0.0434458585514993,40.6295925694726,-74.0608751378335,40.7062363392504,-74.0065911505287,0.0915167426193829,0.0480708840678836,2020.18879457861,2020.23224043716,185400000,hCoV-19/USA/NY-NYUMC722/2020
159,160,0.0211542316572189,40.6295925694726,-74.0608751378335,40.6429275327461,-74.0441872339566,0.0692251157251024,0.0480708840678836,2020.18879457861,2020.20994881027,185400000,NA
160,39,0.0332205886441493,40.6429275327461,-74.0441872339566,40.637370308389,-74.0950650869601,0.102445704369252,0.0692251157251024,2020.20994881027,2020.24316939891,185400000,hCoV-19/USA/NY-NYUMC566/2020
160,38,0.0332205886441493,40.6429275327461,-74.0441872339566,40.6484592960247,-73.9665650271191,0.102445704369252,0.0692251157251024,2020.20994881027,2020.24316939891,185400000,hCoV-19/USA/NY-NYUMC501/2020
161,44,0.0572693070522858,40.6023841914287,-74.0792992905767,40.553989855272,-74.1158740343626,0.102445704369252,0.045176397316966,2020.18590009186,2020.24316939891,185400000,hCoV-19/USA/NY-NYUMC550/2020
161,162,0.00561231245946678,40.6023841914287,-74.0792992905767,40.6084053871173,-74.0758034561421,0.0507887097764328,0.045176397316966,2020.18590009186,2020.19151240432,185400000,NA
162,43,0.0707826776529295,40.6084053871173,-74.0758034561421,40.574682997644,-74.1184937420763,0.121571387429362,0.0507887097764328,2020.19151240432,2020.26229508197,185400000,hCoV-19/USA/NY-NYUMC230/2020
162,42,0.051656994592819,40.6084053871173,-74.0758034561421,40.5407411435219,-74.2119570622373,0.102445704369252,0.0507887097764328,2020.19151240432,2020.24316939891,185400000,hCoV-19/USA/NY-NYUMC409/2020
163,46,0.0234059435290107,40.6415256817772,-73.9154412366348,40.6408235039873,-73.9296620677314,0.0696588191194177,0.046252875590407,2020.18697657013,2020.21038251366,185400000,hCoV-19/USA/NY-NYUMC96/2020
163,45,0.064389550088859,40.6415256817772,-73.9154412366348,40.8597367133706,-73.886018871727,0.110642425679266,0.046252875590407,2020.18697657013,2020.25136612022,185400000,hCoV-19/USA/NY-NYUMC607/2020
164,165,0.00242132800728953,40.8125887044907,-73.9698047141995,40.8049299802662,-73.9689697379712,0.0455065447707719,0.0430852167634823,2020.1838089113,2020.18623023931,185400000,NA
164,179,0.00443877444949919,40.8125887044907,-73.9698047141995,40.7837582025618,-73.9693382321206,0.0475239912129815,0.0430852167634823,2020.1838089113,2020.18824768575,185400000,NA
165,166,0.000108457323429345,40.8049299802662,-73.9689697379712,40.7997850915955,-73.9737540545661,0.0456150020942012,0.0455065447707719,2020.18623023931,2020.18633869664,185400000,NA
165,177,0.00438267462058917,40.8049299802662,-73.9689697379712,40.8305563359487,-73.9530818190135,0.049889219391361,0.0455065447707719,2020.18623023931,2020.19061291393,185400000,NA
166,167,0.00404370417846292,40.7997850915955,-73.9737540545661,40.8124845285544,-73.9728811807186,0.0496587062726641,0.0456150020942012,2020.18633869664,2020.19038240081,185400000,NA
166,174,0.00527696606180159,40.7997850915955,-73.9737540545661,40.7698463238958,-73.9516125500399,0.0508919681560028,0.0456150020942012,2020.18633869664,2020.1916156627,185400000,NA
167,173,0.00146762284168064,40.8124845285544,-73.9728811807186,40.7926933768902,-73.9861214508563,0.0511263291143448,0.0496587062726641,2020.19038240081,2020.19185002366,185400000,NA
167,168,0.000737845122205316,40.8124845285544,-73.9728811807186,40.8090176368521,-73.9608774422253,0.0503965513948695,0.0496587062726641,2020.19038240081,2020.19112024594,185400000,NA
168,169,0.000581137695186307,40.8090176368521,-73.9608774422253,40.800813701388,-73.9590376203025,0.0509776890900558,0.0503965513948695,2020.19112024594,2020.19170138363,185400000,NA
168,170,0.000479319172820791,40.8090176368521,-73.9608774422253,40.8023722876173,-73.9507064603545,0.0508758705676902,0.0503965513948695,2020.19112024594,2020.19159956511,185400000,NA
169,47,0.0951838622693493,40.800813701388,-73.9590376203025,40.6942875495834,-73.9495779390877,0.146161551359405,0.0509776890900558,2020.19170138363,2020.2868852459,185400000,hCoV-19/USA/NY-NYUMC464/2020
169,48,0.0897193813991897,40.800813701388,-73.9590376203025,40.7810731493629,-73.9775037412263,0.140697070489245,0.0509776890900558,2020.19170138363,2020.28142076503,185400000,hCoV-19/USA/NY-NYUMC331/2020
170,171,1.98345313749959e-05,40.8023722876173,-73.9507064603545,40.8020805015443,-73.95147740156,0.0508957050990652,0.0508758705676902,2020.19159956511,2020.19161939964,185400000,NA
170,52,0.0734277572917496,40.8023722876173,-73.9507064603545,40.6289392470886,-73.9693845048174,0.12430362785944,0.0508758705676902,2020.19159956511,2020.2650273224,185400000,hCoV-19/USA/NY-NYUMC334/2020
171,51,0.0242275949002891,40.8020805015443,-73.95147740156,40.7247334078784,-74.0060562228725,0.0751232999993544,0.0508957050990652,2020.19161939964,2020.21584699454,185400000,hCoV-19/USA/NY-NYUMC689/2020
171,172,0.0356582767580182,40.8020805015443,-73.95147740156,40.8403419856524,-73.8834921058282,0.0865539818570835,0.0508957050990652,2020.19161939964,2020.2272776764,185400000,NA
172,50,0.0158917225121683,40.8403419856524,-73.8834921058282,40.8771773797914,-73.8691373798826,0.102445704369252,0.0865539818570835,2020.2272776764,2020.24316939891,185400000,hCoV-19/USA/NY-NYUMC549/2020
172,49,0.0459463673221477,40.8403419856524,-73.8834921058282,40.7479434080812,-73.8901530180701,0.132500349179231,0.0865539818570835,2020.2272776764,2020.27322404372,185400000,hCoV-19/USA/NY-NYUMC296/2020
173,53,0.051319375254907,40.7926933768902,-73.9861214508563,40.7323412371713,-73.9765548106413,0.102445704369252,0.0511263291143448,2020.19185002366,2020.24316939891,185400000,hCoV-19/USA/NY-NYUMC415/2020
173,54,0.136018828804909,40.7926933768902,-73.9861214508563,40.7414800431726,-74.0017037104745,0.187145157919253,0.0511263291143448,2020.19185002366,2020.32786885246,185400000,hCoV-19/USA/NY-NYUMC908/2020
174,175,0.000169937088578154,40.7698463238958,-73.9516125500399,40.769348429661,-73.949549491727,0.051061905244581,0.0508919681560028,2020.1916156627,2020.19178559979,185400000,NA
174,176,0.0397479239237453,40.7698463238958,-73.9516125500399,40.6919248048622,-73.9830313459686,0.0906398920797481,0.0508919681560028,2020.1916156627,2020.23136358662,185400000,NA
175,55,0.0185969138748367,40.769348429661,-73.949549491727,40.8281941179378,-73.9267616846938,0.0696588191194177,0.051061905244581,2020.19178559979,2020.21038251366,185400000,hCoV-19/USA/NY-NYUMC78/2020
175,56,0.0595805204346851,40.769348429661,-73.949549491727,40.8419164991737,-73.902066652187,0.110642425679266,0.051061905244581,2020.19178559979,2020.25136612022,185400000,hCoV-19/USA/NY-NYUMC637/2020
176,58,0.000876850539634766,40.6919248048622,-73.9830313459686,40.6878880133701,-73.9745991290114,0.0915167426193829,0.0906398920797481,2020.23136358662,2020.23224043716,185400000,hCoV-19/USA/NY-NYUMC917/2020
176,57,0.0363959762195464,40.6919248048622,-73.9830313459686,40.7292584972648,-73.983377992749,0.127035868299295,0.0906398920797481,2020.23136358662,2020.26775956284,185400000,hCoV-19/USA/NY-NYUMC342/2020
177,61,0.0197695997280566,40.8305563359487,-73.9530818190135,40.8762876680981,-73.9026105215071,0.0696588191194177,0.049889219391361,2020.19061291393,2020.21038251366,185400000,hCoV-19/USA/NY-NYUMC38/2020
177,178,0.0355260056694442,40.8305563359487,-73.9530818190135,40.7648523581476,-73.8886455070192,0.0854152250608053,0.049889219391361,2020.19061291393,2020.2261389196,185400000,NA
178,59,0.085336490238647,40.7648523581476,-73.8886455070192,40.6710441547741,-73.8459461619124,0.170751715299452,0.0854152250608053,2020.2261389196,2020.31147540984,185400000,hCoV-19/USA/NY-NYUMC838/2020
178,60,0.0607463262985998,40.7648523581476,-73.8886455070192,40.7852812644379,-73.927225857349,0.146161551359405,0.0854152250608053,2020.2261389196,2020.2868852459,185400000,hCoV-19/USA/NY-NYUMC447/2020
179,180,0.00323702252190791,40.7837582025618,-73.9693382321206,40.8044461871307,-73.9553175118998,0.0507610137348894,0.0475239912129815,2020.18824768575,2020.19148470828,185400000,NA
179,181,0.00231611499659781,40.7837582025618,-73.9693382321206,40.7761748742234,-73.9685601652641,0.0498401062095793,0.0475239912129815,2020.18824768575,2020.19056380075,185400000,NA
180,63,0.0516846906343623,40.8044461871307,-73.9553175118998,40.8834703978805,-73.9117501296647,0.102445704369252,0.0507610137348894,2020.19148470828,2020.24316939891,185400000,hCoV-19/USA/NY-NYUMC519/2020
180,62,0.0981327780643703,40.8044461871307,-73.9553175118998,40.6018308784703,-74.0048131276813,0.14889379179926,0.0507610137348894,2020.19148470828,2020.28961748634,185400000,hCoV-19/USA/NY-NYUMC466/2020
181,64,0.0608023194696867,40.7761748742234,-73.9685601652641,40.8316369096351,-73.9180837614849,0.110642425679266,0.0498401062095793,2020.19056380075,2020.25136612022,185400000,hCoV-19/USA/NY-NYUMC621/2020
181,182,0.0408793270056803,40.7761748742234,-73.9685601652641,40.8680395921765,-73.8945053201984,0.0907194332152596,0.0498401062095793,2020.19056380075,2020.23144312776,185400000,NA
182,65,0.0199229924640064,40.8680395921765,-73.8945053201984,40.8501959648434,-73.9046874548666,0.110642425679266,0.0907194332152596,2020.23144312776,2020.25136612022,185400000,hCoV-19/USA/NY-NYUMC613/2020
182,66,0.0691033203340964,40.8680395921765,-73.8945053201984,40.7602422095494,-73.9217142194898,0.159822753549356,0.0907194332152596,2020.23144312776,2020.30054644809,185400000,hCoV-19/USA/NY-NYUMC469/2020
183,195,0.0349890913933101,40.7806240744305,-73.9144075830702,40.7485000134965,-73.9667938077699,0.04194714063709,0.00695804924377991,2020.14768174378,2020.18267083518,185400000,NA
183,184,0.00249213345791002,40.7806240744305,-73.9144075830702,40.7726978859208,-73.914136894424,0.00945018270168993,0.00695804924377991,2020.14768174378,2020.15017387724,185400000,NA
184,185,0.000346476685613856,40.7726978859208,-73.914136894424,40.7685417259897,-73.9149151520893,0.00979665938730379,0.00945018270168993,2020.15017387724,2020.15052035393,185400000,NA
184,186,0.000388716638567738,40.7726978859208,-73.914136894424,40.7814314557324,-73.9124290703025,0.00983889934025767,0.00945018270168993,2020.15017387724,2020.15056259388,185400000,NA
185,68,0.0981135258521076,40.7685417259897,-73.9149151520893,40.7840291556198,-73.7778524648704,0.107910185239411,0.00979665938730379,2020.15052035393,2020.24863387978,185400000,hCoV-19/USA/NY-NYUMC593/2020
185,67,0.0598621597321139,40.7685417259897,-73.9149151520893,40.7053329849345,-73.9808793873339,0.0696588191194177,0.00979665938730379,2020.15052035393,2020.21038251366,185400000,hCoV-19/USA/NY-NYUMC225/2020
186,187,0.0338667406008547,40.7814314557324,-73.9124290703025,40.7514263854016,-73.8532142365701,0.0437056399411123,0.00983889934025767,2020.15056259388,2020.18442933448,185400000,NA
186,190,0.0403025029929978,40.7814314557324,-73.9124290703025,40.7736627589639,-73.8744725611367,0.0501414023332555,0.00983889934025767,2020.15056259388,2020.19086509687,185400000,NA
187,69,0.0587400644281394,40.7514263854016,-73.8532142365701,40.8918671142442,-73.8595977191749,0.102445704369252,0.0437056399411123,2020.18442933448,2020.24316939891,185400000,hCoV-19/USA/NY-NYUMC524/2020
187,188,0.00618246358807398,40.7514263854016,-73.8532142365701,40.6915686684751,-73.8791722199039,0.0498881035291863,0.0437056399411123,2020.18442933448,2020.19061179807,185400000,NA
188,189,0.00123651425144453,40.6915686684751,-73.8791722199039,40.6795264262087,-73.8825634264773,0.0511246177806308,0.0498881035291863,2020.19061179807,2020.19184831232,185400000,NA
188,70,0.0416286390901966,40.6915686684751,-73.8791722199039,40.7214057032357,-73.7989507193224,0.0915167426193829,0.0498881035291863,2020.19061179807,2020.23224043716,185400000,hCoV-19/USA/NY-NYUMC706/2020
189,72,0.0622500483387172,40.6795264262087,-73.8825634264773,40.6574726980519,-73.9084473050704,0.113374666119348,0.0511246177806308,2020.19184831232,2020.25409836066,185400000,hCoV-19/USA/NY-NYUMC642/2020
189,71,0.0923046931386922,40.6795264262087,-73.8825634264773,40.6700248479394,-73.9902803374386,0.143429310919323,0.0511246177806308,2020.19184831232,2020.28415300546,185400000,hCoV-19/USA/NY-NYUMC446/2020
190,73,0.0195174167861622,40.7736627589639,-73.8744725611367,40.7169856494059,-73.9271704369447,0.0696588191194177,0.0501414023332555,2020.19086509687,2020.21038251366,185400000,hCoV-19/USA/NY-NYUMC119/2020
190,191,0.000113159789290301,40.7736627589639,-73.8744725611367,40.7804777583538,-73.8772555660353,0.0502545621225458,0.0501414023332555,2020.19086509687,2020.19097825666,185400000,NA
191,193,0.000721643530120997,40.7804777583538,-73.8772555660353,40.784181986446,-73.8786527393301,0.0509762056526668,0.0502545621225458,2020.19097825666,2020.19169990019,185400000,NA
191,192,0.000674277502198645,40.7804777583538,-73.8772555660353,40.7754944848,-73.8806412900499,0.0509288396247444,0.0502545621225458,2020.19097825666,2020.19165253417,185400000,NA
192,75,0.056981345614667,40.7754944848,-73.8806412900499,40.8299470562498,-73.9078920040658,0.107910185239411,0.0509288396247444,2020.19165253417,2020.24863387978,185400000,hCoV-19/USA/NY-NYUMC199/2020
192,74,0.0187299794946733,40.7754944848,-73.8806412900499,40.7267660640199,-73.8560862957384,0.0696588191194177,0.0509288396247444,2020.19165253417,2020.21038251366,185400000,hCoV-19/USA/NY-NYUMC922/2020
193,78,0.108846547896689,40.784181986446,-73.8786527393301,40.7669725010674,-73.8104108821342,0.159822753549356,0.0509762056526668,2020.19169990019,2020.30054644809,185400000,hCoV-19/USA/NY-NYUMC436/2020
193,194,0.000217522248737306,40.784181986446,-73.8786527393301,40.7842923330269,-73.8801378542466,0.0511937279014041,0.0509762056526668,2020.19169990019,2020.19191742244,185400000,NA
194,76,0.0430552551578335,40.7842923330269,-73.8801378542466,40.8177010134899,-73.8312716311785,0.0942489830592375,0.0511937279014041,2020.19191742244,2020.2349726776,185400000,hCoV-19/USA/NY-NYUMC825/2020
194,77,0.108629025647952,40.7842923330269,-73.8801378542466,40.7625124536136,-73.8181364491275,0.159822753549356,0.0511937279014041,2020.19191742244,2020.30054644809,185400000,hCoV-19/USA/NY-NYUMC462/2020
195,196,0.00636175366666902,40.7485000134965,-73.9667938077699,40.7649905182844,-73.97637025621,0.0483088943037591,0.04194714063709,2020.18267083518,2020.18903258884,185400000,NA
195,199,0.00556467384804432,40.7485000134965,-73.9667938077699,40.7455539696152,-73.9703484783517,0.0475118144851344,0.04194714063709,2020.18267083518,2020.18823550903,185400000,NA
196,82,0.062333531375507,40.7649905182844,-73.97637025621,40.8549837905493,-73.9258289253539,0.110642425679266,0.0483088943037591,2020.18903258884,2020.25136612022,185400000,hCoV-19/USA/NY-NYUMC685/2020
196,197,0.00192380290168051,40.7649905182844,-73.97637025621,40.7806426210481,-73.9774836381027,0.0502326972054396,0.0483088943037591,2020.18903258884,2020.19095639175,185400000,NA
197,79,0.0986610945938201,40.7806426210481,-73.9774836381027,40.7504093691795,-73.9792710885346,0.14889379179926,0.0502326972054396,2020.19095639175,2020.28961748634,185400000,hCoV-19/USA/NY-NYUMC427/2020
197,198,0.000953988833094638,40.7806426210481,-73.9774836381027,40.7762969727537,-73.9789023514242,0.0511866860385342,0.0502326972054396,2020.19095639175,2020.19191038058,185400000,NA
198,80,0.144155193190733,40.7762969727537,-73.9789023514242,40.7335534857999,-73.9756898436462,0.195341879229268,0.0511866860385342,2020.19191038058,2020.33606557377,185400000,hCoV-19/USA/NY-NYUMC843/2020
198,81,0.0184721330808835,40.7762969727537,-73.9789023514242,40.7475864907637,-73.9715309611186,0.0696588191194177,0.0511866860385342,2020.19191038058,2020.21038251366,185400000,hCoV-19/USA/NY-NYUMC672/2020
199,87,0.0549338898841174,40.7455539696152,-73.9703484783517,40.8819720108401,-73.866318883948,0.102445704369252,0.0475118144851344,2020.18823550903,2020.24316939891,185400000,hCoV-19/USA/NY-NYUMC517/2020
199,200,0.000860968550092933,40.7455539696152,-73.9703484783517,40.7289051853839,-73.9716389287802,0.0483727830352273,0.0475118144851344,2020.18823550903,2020.18909647758,185400000,NA
200,201,0.00164601743775317,40.7289051853839,-73.9716389287802,40.7176362072738,-73.9703593465653,0.0500188004729805,0.0483727830352273,2020.18909647758,2020.19074249501,185400000,NA
200,83,0.0212860360841904,40.7289051853839,-73.9716389287802,40.7572901348535,-73.9655665245418,0.0696588191194177,0.0483727830352273,2020.18909647758,2020.21038251366,185400000,hCoV-19/USA/NY-NYUMC65/2020
201,86,0.0578913847664309,40.7176362072738,-73.9703593465653,40.7685584239299,-73.8784796049089,0.107910185239411,0.0500188004729805,2020.19074249501,2020.24863387978,185400000,hCoV-19/USA/NY-NYUMC193/2020
201,202,0.00115282981484757,40.7176362072738,-73.9703593465653,40.7183858475431,-73.9857988935892,0.051171630287828,0.0500188004729805,2020.19074249501,2020.19189532483,185400000,NA
202,85,0.0758642380114665,40.7183858475431,-73.9857988935892,40.6148627871518,-74.0331606258555,0.127035868299295,0.051171630287828,2020.19189532483,2020.26775956284,185400000,hCoV-19/USA/NY-NYUMC338/2020
202,84,0.0567385549515833,40.7183858475431,-73.9857988935892,40.5852948267358,-73.951003045517,0.107910185239411,0.051171630287828,2020.19189532483,2020.24863387978,185400000,hCoV-19/USA/NY-NYUMC155/2020
203,226,0.000288124432060805,40.7392801474818,-73.9209453879347,40.7356919037875,-73.918864234023,0.00957378121031804,0.00928565677825724,2020.15000935132,2020.15029747575,185400000,NA
203,204,0.0176370772248369,40.7392801474818,-73.9209453879347,40.7437230026629,-73.9073670149542,0.0269227340030941,0.00928565677825724,2020.15000935132,2020.16764642854,185400000,NA
204,205,0.00773150466876452,40.7437230026629,-73.9073670149542,40.6809614130199,-73.8744444803202,0.0346542386718586,0.0269227340030941,2020.16764642854,2020.17537793321,185400000,NA
204,217,0.00702099431459588,40.7437230026629,-73.9073670149542,40.7458834610586,-73.8892671219187,0.03394372831769,0.0269227340030941,2020.16764642854,2020.17466742286,185400000,NA
205,206,0.00331347953333794,40.6809614130199,-73.8744444803202,40.6692078821068,-73.9180085346459,0.0379677182051966,0.0346542386718586,2020.17537793321,2020.17869141275,185400000,NA
205,214,0.014064973783542,40.6809614130199,-73.8744444803202,40.7066185148656,-73.7932913037988,0.0487192124554006,0.0346542386718586,2020.17537793321,2020.189442907,185400000,NA
206,207,0.00643874178468415,40.6692078821068,-73.9180085346459,40.651709892862,-73.9361448286792,0.0444064599898807,0.0379677182051966,2020.17869141275,2020.18513015453,185400000,NA
206,213,0.0115058178408284,40.6692078821068,-73.9180085346459,40.6732372338924,-73.9140091925922,0.049473536046025,0.0379677182051966,2020.17869141275,2020.19019723059,185400000,NA
207,208,0.00439821541166804,40.651709892862,-73.9361448286792,40.6646217643505,-73.9402899354918,0.0488046754015488,0.0444064599898807,2020.18513015453,2020.18952836994,185400000,NA
207,94,0.025252359129537,40.651709892862,-73.9361448286792,40.733879714996,-73.9891000962731,0.0696588191194177,0.0444064599898807,2020.18513015453,2020.21038251366,185400000,hCoV-19/USA/NY-NYUMC661/2020
208,209,0.000736270611845669,40.6646217643505,-73.9402899354918,40.6693512307641,-73.9438655289442,0.0495409460133944,0.0488046754015488,2020.18952836994,2020.19026464055,185400000,NA
208,88,0.0836956737776824,40.6646217643505,-73.9402899354918,40.6695201071688,-73.9309474355619,0.132500349179231,0.0488046754015488,2020.18952836994,2020.27322404372,185400000,hCoV-19/USA/NY-NYUMC382/2020
209,210,0.000648027428348547,40.6693512307641,-73.9438655289442,40.674338498921,-73.9364404214001,0.050188973441743,0.0495409460133944,2020.19026464055,2020.19091266798,185400000,NA
209,89,0.110281807535962,40.6693512307641,-73.9438655289442,40.5976835502581,-73.9591912565361,0.159822753549356,0.0495409460133944,2020.19026464055,2020.30054644809,185400000,hCoV-19/USA/NY-NYUMC459/2020
210,93,0.027666566987689,40.674338498921,-73.9364404214001,40.6169504938103,-74.0016745372953,0.0778555404294319,0.050188973441743,2020.19091266798,2020.21857923497,185400000,hCoV-19/USA/NY-NYUMC742/2020
210,211,0.000869531208577745,40.674338498921,-73.9364404214001,40.6913844529624,-73.9234082200183,0.0510585046503207,0.050188973441743,2020.19091266798,2020.19178219919,185400000,NA
211,92,0.0623161614690273,40.6913844529624,-73.9234082200183,40.7303701647368,-73.8866333601109,0.113374666119348,0.0510585046503207,2020.19178219919,2020.25409836066,185400000,hCoV-19/USA/NY-NYUMC597/2020
211,212,0.0323514600927242,40.6913844529624,-73.9234082200183,40.7101095949396,-73.9183125805049,0.0834099647430449,0.0510585046503207,2020.19178219919,2020.22413365928,185400000,NA
212,91,0.00810677787633796,40.7101095949396,-73.9183125805049,40.6013802360967,-73.7464622700957,0.0915167426193829,0.0834099647430449,2020.22413365928,2020.23224043716,185400000,hCoV-19/USA/NY-NYUMC699/2020
212,90,0.0245002204963665,40.7101095949396,-73.9183125805049,40.8047637852378,-73.9033705317336,0.107910185239411,0.0834099647430449,2020.22413365928,2020.24863387978,185400000,hCoV-19/USA/NY-NYUMC160/2020
213,96,0.0420432065733579,40.6732372338924,-73.9140091925922,40.6051641866784,-73.945295817838,0.0915167426193829,0.049473536046025,2020.19019723059,2020.23224043716,185400000,hCoV-19/USA/NY-NYUMC701/2020
213,95,0.0584366491933864,40.6732372338924,-73.9140091925922,40.6723056732511,-73.9122425675787,0.107910185239411,0.049473536046025,2020.19019723059,2020.24863387978,185400000,hCoV-19/USA/NY-NYUMC191/2020
214,215,0.000874165344163291,40.7066185148656,-73.7932913037988,40.7267869397303,-73.7498262987575,0.0495933777995639,0.0487192124554006,2020.189442907,2020.19031707234,185400000,NA
214,97,0.113835781524033,40.7066185148656,-73.7932913037988,40.723157636455,-73.7561637961299,0.162554993979434,0.0487192124554006,2020.189442907,2020.30327868852,185400000,hCoV-19/USA/NY-NYUMC430/2020
215,98,0.0200654413198538,40.7267869397303,-73.7498262987575,40.6793738301739,-73.7276249957336,0.0696588191194177,0.0495933777995639,2020.19031707234,2020.21038251366,185400000,hCoV-19/USA/NY-NYUMC49/2020
215,216,0.00129724476580792,40.7267869397303,-73.7498262987575,40.7200379805225,-73.7588376998779,0.0508906225653718,0.0495933777995639,2020.19031707234,2020.19161431711,185400000,NA
216,100,0.0570195626740396,40.7200379805225,-73.7588376998779,40.6871946097698,-73.8153140045002,0.107910185239411,0.0508906225653718,2020.19161431711,2020.24863387978,185400000,hCoV-19/USA/NY-NYUMC157/2020
216,99,0.0570195626740396,40.7200379805225,-73.7588376998779,40.6110341595326,-74.1692043756581,0.107910185239411,0.0508906225653718,2020.19161431711,2020.24863387978,185400000,hCoV-19/USA/NY-NYUMC173/2020
217,218,0.0154240801240201,40.7458834610586,-73.8892671219187,40.7850964664136,-73.880128871406,0.0493678084417101,0.03394372831769,2020.17466742286,2020.19009150298,185400000,NA
217,221,0.00248891492975631,40.7458834610586,-73.8892671219187,40.733951912474,-73.9153891016006,0.0364326432474463,0.03394372831769,2020.17466742286,2020.17715633779,185400000,NA
218,219,0.00162910218746387,40.7850964664136,-73.880128871406,40.7785606098918,-73.8726747333586,0.050996910629174,0.0493678084417101,2020.19009150298,2020.19172060517,185400000,NA
218,220,0.00569128444138245,40.7850964664136,-73.880128871406,40.815605476164,-73.8444456047761,0.0550590928830926,0.0493678084417101,2020.19009150298,2020.19578278742,185400000,NA
219,102,0.0186619084902437,40.7785606098918,-73.8726747333586,40.8253841614649,-73.8695040934939,0.0696588191194177,0.050996910629174,2020.19172060517,2020.21038251366,185400000,hCoV-19/USA/NY-NYUMC92/2020
219,101,0.0405198319902089,40.7785606098918,-73.8726747333586,40.8743030412893,-73.8244020667962,0.0915167426193829,0.050996910629174,2020.19172060517,2020.23224043716,185400000,hCoV-19/USA/NY-NYUMC739/2020
220,104,0.0528510923563188,40.815605476164,-73.8444456047761,40.8752475410637,-73.8308761485969,0.107910185239411,0.0550590928830926,2020.19578278742,2020.24863387978,185400000,hCoV-19/USA/NY-NYUMC591/2020
220,103,0.0911024584763125,40.815605476164,-73.8444456047761,40.7506692928476,-73.8318081134341,0.146161551359405,0.0550590928830926,2020.19578278742,2020.2868852459,185400000,hCoV-19/USA/NY-NYUMC445/2020
221,223,0.0137351172208886,40.733951912474,-73.9153891016006,40.829188473109,-73.9032770840677,0.0501677604683349,0.0364326432474463,2020.17715633779,2020.19089145501,185400000,NA
221,222,0.0238175707971058,40.733951912474,-73.9153891016006,40.7178456967929,-73.9414109399389,0.0602502140445521,0.0364326432474463,2020.17715633779,2020.20097390859,185400000,NA
222,105,0.0285342881347488,40.7178456967929,-73.9414109399389,40.7137979627257,-73.9636700734799,0.0887845021793008,0.0602502140445521,2020.20097390859,2020.22950819672,185400000,hCoV-19/USA/NY-NYUMC817/2020
222,106,0.00940860507486563,40.7178456967929,-73.9414109399389,40.7495678171791,-73.9800861732694,0.0696588191194177,0.0602502140445521,2020.20097390859,2020.21038251366,185400000,hCoV-19/USA/NY-NYUMC675/2020
223,110,0.128780676140904,40.829188473109,-73.9032770840677,40.8525809483289,-73.8824918548016,0.178948436609239,0.0501677604683349,2020.19089145501,2020.31967213115,185400000,hCoV-19/USA/NY-NYUMC904/2020
223,224,0.000377892513729022,40.829188473109,-73.9032770840677,40.8224658299993,-73.9041298529802,0.0505456529820639,0.0501677604683349,2020.19089145501,2020.19126934752,185400000,NA
224,107,0.0710257344472984,40.8224658299993,-73.9041298529802,40.6845821862766,-73.7658469216632,0.121571387429362,0.0505456529820639,2020.19126934752,2020.26229508197,185400000,hCoV-19/USA/NY-NYUMC238/2020
224,225,0.00355971645349989,40.8224658299993,-73.9041298529802,40.8287529859232,-73.9052036266204,0.0541053694355638,0.0505456529820639,2020.19126934752,2020.19482906398,185400000,NA
225,109,0.160362192853814,40.8287529859232,-73.9052036266204,40.7366827861834,-73.8801627300032,0.214467562289378,0.0541053694355638,2020.19482906398,2020.35519125683,185400000,hCoV-19/USA/NY-NYUMC891/2020
225,108,0.0155534496838539,40.8287529859232,-73.9052036266204,40.861592470062,-73.9039698337492,0.0696588191194177,0.0541053694355638,2020.19482906398,2020.21038251366,185400000,hCoV-19/USA/NY-NYUMC121/2020
226,227,0.0411790347860716,40.7356919037875,-73.918864234023,40.7207515888342,-73.9251109086163,0.0507528159963896,0.00957378121031804,2020.15029747575,2020.19147651054,185400000,NA
226,229,0.0250463233423203,40.7356919037875,-73.918864234023,40.772270050611,-73.8756681915175,0.0346201045526384,0.00957378121031804,2020.15029747575,2020.17534379909,185400000,NA
227,228,0.000106583078412797,40.7207515888342,-73.9251109086163,40.7133426794657,-73.9336866046916,0.0508593990748024,0.0507528159963896,2020.19147651054,2020.19158309362,185400000,NA
227,113,0.018906003123028,40.7207515888342,-73.9251109086163,40.8181614505972,-73.9122826088561,0.0696588191194177,0.0507528159963896,2020.19147651054,2020.21038251366,185400000,hCoV-19/USA/NY-NYUMC98/2020
228,112,0.0187994200446152,40.7133426794657,-73.9336866046916,40.8382009170989,-73.9312211632961,0.0696588191194177,0.0508593990748024,2020.19158309362,2020.21038251366,185400000,hCoV-19/USA/NY-NYUMC58/2020
228,111,0.0160671796045332,40.7133426794657,-73.9336866046916,40.6400722120113,-73.9457357415987,0.0669265786793357,0.0508593990748024,2020.19158309362,2020.20765027322,185400000,hCoV-19/USA/NY-NYUMC14/2020
229,114,0.0568966380667445,40.772270050611,-73.8756681915175,40.7411476384798,-73.8762826664071,0.0915167426193829,0.0346201045526384,2020.17534379909,2020.23224043716,185400000,hCoV-19/USA/NY-NYUMC718/2020
229,115,0.0350387145667793,40.772270050611,-73.8756681915175,40.7499442186665,-73.7836788835903,0.0696588191194177,0.0346201045526384,2020.17534379909,2020.21038251366,185400000,hCoV-19/USA/NY-NYUMC664/2020
