node1,node2,length,startLat,startLon,endLat,endLon,endNodeL,startNodeL,startYear,endYear,treeID,tipLabel
116,117,0.00246693220799729,40.7458265702997,-73.9458858771526,40.74293222263,-73.9422590952119,0.00246693220799729,0,2020.14087846425,2020.14334539646,335800000,NA
116,184,0.00375212679030165,40.7458265702997,-73.9458858771526,40.7820635259351,-73.9330773860195,0.00375212679030165,0,2020.14087846425,2020.14463059104,335800000,NA
117,121,0.000751855361185966,40.74293222263,-73.9422590952119,40.7451351856948,-73.9450427160122,0.00321878756918326,0.00246693220799729,2020.14334539646,2020.14409725182,335800000,NA
117,118,0.00986124262652188,40.74293222263,-73.9422590952119,40.6954672571888,-73.9335343783435,0.0123281748345192,0.00246693220799729,2020.14334539646,2020.15320663909,335800000,NA
118,1,0.0981594811309311,40.6954672571888,-73.9335343783435,40.7372474897535,-73.8360832900241,0.11048765596545,0.0123281748345192,2020.15320663909,2020.25136612022,335800000,hCoV-19/USA/NY-NYUMC647/2020
118,119,0.00261347093077766,40.6954672571888,-73.9335343783435,40.7085782100675,-73.9146159755126,0.0149416457652968,0.0123281748345192,2020.15320663909,2020.15582011002,335800000,NA
119,2,0.0764203271402703,40.7085782100675,-73.9146159755126,40.6489716120887,-73.8504584581818,0.0913619729055671,0.0149416457652968,2020.15582011002,2020.23224043716,335800000,hCoV-19/USA/NY-NYUMC732/2020
119,120,0.0106595863223148,40.7085782100675,-73.9146159755126,40.7184831056463,-73.8917906685307,0.0256012320876116,0.0149416457652968,2020.15582011002,2020.16647969634,335800000,NA
120,3,0.0958153856279349,40.7184831056463,-73.8917906685307,40.5613580548334,-73.9190732861445,0.121416617715547,0.0256012320876116,2020.16647969634,2020.26229508197,335800000,hCoV-19/USA/NY-NYUMC240/2020
120,4,0.0766897025678244,40.7184831056463,-73.8917906685307,40.7215438533111,-74.0107212261745,0.102290934655436,0.0256012320876116,2020.16647969634,2020.24316939891,335800000,hCoV-19/USA/NY-NYUMC562/2020
121,122,0.00675884173553964,40.7451351856948,-73.9450427160122,40.7403698317239,-73.962110056704,0.0099776293047229,0.00321878756918326,2020.14409725182,2020.15085609356,335800000,NA
121,138,0.000736264147117333,40.7451351856948,-73.9450427160122,40.7481892778289,-73.9383998590683,0.00395505171630059,0.00321878756918326,2020.14409725182,2020.14483351597,335800000,NA
122,123,0.00276850461116762,40.7403698317239,-73.962110056704,40.7030523326943,-73.9899168928949,0.0127461339158905,0.0099776293047229,2020.15085609356,2020.15362459817,335800000,NA
122,132,0.00450073035265774,40.7403698317239,-73.962110056704,40.771763553803,-73.9308191800648,0.0144783596573806,0.0099776293047229,2020.15085609356,2020.15535682391,335800000,NA
123,124,0.0280233762851604,40.7030523326943,-73.9899168928949,40.7310780698615,-73.9432233123711,0.0407695102010509,0.0127461339158905,2020.15362459817,2020.18164797445,335800000,NA
123,127,0.00110356907834847,40.7030523326943,-73.9899168928949,40.6805795358129,-73.9992347489429,0.013849702994239,0.0127461339158905,2020.15362459817,2020.15472816724,335800000,NA
124,125,0.000240411812015867,40.7310780698615,-73.9432233123711,40.7290700711835,-73.9367796101848,0.0410099220130668,0.0407695102010509,2020.18164797445,2020.18188838626,335800000,NA
124,5,0.146220878004387,40.7310780698615,-73.9432233123711,40.6527417933624,-73.9069421598065,0.186990388205438,0.0407695102010509,2020.18164797445,2020.32786885246,335800000,hCoV-19/USA/NY-NYUMC887/2020
125,126,0.00518766302730031,40.7290700711835,-73.9367796101848,40.7603967127197,-73.9592909233789,0.0461975850403671,0.0410099220130668,2020.18188838626,2020.18707604929,335800000,NA
125,6,0.0995323787623629,40.7290700711835,-73.9367796101848,40.8349009397891,-73.8696575822929,0.14054230077543,0.0410099220130668,2020.18188838626,2020.28142076503,335800000,hCoV-19/USA/NY-NYUMC403/2020
126,7,0.113470398795173,40.7603967127197,-73.9592909233789,40.8802618065014,-73.9136062455795,0.15966798383554,0.0461975850403671,2020.18707604929,2020.30054644809,335800000,hCoV-19/USA/NY-NYUMC457/2020
126,8,0.124399360545269,40.7603967127197,-73.9592909233789,40.6059050506028,-74.0220360976346,0.170596945585637,0.0461975850403671,2020.18707604929,2020.31147540984,335800000,hCoV-19/USA/NY-NYUMC435/2020
127,9,0.0939057125313566,40.6805795358129,-73.9992347489429,40.821853079012,-73.8728960823823,0.107755415525596,0.013849702994239,2020.15472816724,2020.24863387978,335800000,hCoV-19/USA/NY-NYUMC161/2020
127,128,0.0155796680395173,40.6805795358129,-73.9992347489429,40.6639639387447,-73.9583942600994,0.0294293710337563,0.013849702994239,2020.15472816724,2020.17030783528,335800000,NA
128,14,0.0646648423116654,40.6639639387447,-73.9583942600994,40.6118393200168,-74.0253056027361,0.0940942133454218,0.0294293710337563,2020.17030783528,2020.2349726776,335800000,hCoV-19/USA/NY-NYUMC804/2020
128,129,0.00798302674136478,40.6639639387447,-73.9583942600994,40.7163244236346,-73.917935947341,0.0374123977751211,0.0294293710337563,2020.17030783528,2020.17829086203,335800000,NA
129,10,0.0320916516304808,40.7163244236346,-73.917935947341,40.7523738858961,-73.9833415340605,0.0695040494056019,0.0374123977751211,2020.17829086203,2020.21038251366,335800000,hCoV-19/USA/NY-NYUMC221/2020
129,130,0.0174595466922066,40.7163244236346,-73.917935947341,40.6353513776196,-73.9655912124625,0.0548719444673277,0.0374123977751211,2020.17829086203,2020.19575040872,335800000,NA
130,131,0.0059480944277911,40.6353513776196,-73.9655912124625,40.6604383443737,-73.9517244422815,0.0608200388951188,0.0548719444673277,2020.19575040872,2020.20169850315,335800000,NA
130,11,0.0474189901881083,40.6353513776196,-73.9655912124625,40.7779836124027,-73.9554655121561,0.102290934655436,0.0548719444673277,2020.19575040872,2020.24316939891,335800000,hCoV-19/USA/NY-NYUMC309/2020
131,13,0.000487289200468893,40.6604383443737,-73.9517244422815,40.6606737193785,-73.9533242942901,0.0613073280955877,0.0608200388951188,2020.20169850315,2020.20218579235,335800000,hCoV-19/USA/NY-NYUMC12/2020
131,12,0.0496676170703315,40.6604383443737,-73.9517244422815,40.5933468783976,-73.960198574249,0.11048765596545,0.0608200388951188,2020.20169850315,2020.25136612022,335800000,hCoV-19/USA/NY-NYUMC250/2020
132,133,0.00576904342695381,40.771763553803,-73.9308191800648,40.7773519951726,-73.9464779804909,0.0202474030843345,0.0144783596573806,2020.15535682391,2020.16112586733,335800000,NA
132,136,0.0137870229307444,40.771763553803,-73.9308191800648,40.7577973073111,-73.9395111437372,0.0282653825881251,0.0144783596573806,2020.15535682391,2020.16914384684,335800000,NA
133,15,0.0929724933211978,40.7773519951726,-73.9464779804909,40.6448675988566,-74.0129848272053,0.113219896405532,0.0202474030843345,2020.16112586733,2020.25409836066,335800000,hCoV-19/USA/NY-NYUMC217/2020
133,134,0.00835581253833978,40.7773519951726,-73.9464779804909,40.7623592328206,-73.9489455436087,0.0286032156226742,0.0202474030843345,2020.16112586733,2020.16948167987,335800000,NA
134,16,0.0654909977227475,40.7623592328206,-73.9489455436087,40.7649441556046,-73.867069336295,0.0940942133454218,0.0286032156226742,2020.16948167987,2020.2349726776,335800000,hCoV-19/USA/NY-NYUMC816/2020
134,135,0.016651062439125,40.7623592328206,-73.9489455436087,40.8006501426832,-73.9239781724655,0.0452542780617992,0.0286032156226742,2020.16948167987,2020.18613274231,335800000,NA
135,17,0.0242497713438027,40.8006501426832,-73.9239781724655,40.8762876680981,-73.9026105215071,0.0695040494056019,0.0452542780617992,2020.18613274231,2020.21038251366,335800000,hCoV-19/USA/NY-NYUMC38/2020
135,18,0.10075250358379,40.8006501426832,-73.9239781724655,40.7852812644379,-73.927225857349,0.146006781645589,0.0452542780617992,2020.18613274231,2020.2868852459,335800000,hCoV-19/USA/NY-NYUMC447/2020
136,19,0.0931512351274215,40.7577973073111,-73.9395111437372,40.6720286393196,-73.8064605127022,0.121416617715547,0.0282653825881251,2020.16914384684,2020.26229508197,335800000,hCoV-19/USA/NY-NYUMC234/2020
136,137,0.00780159285648577,40.7577973073111,-73.9395111437372,40.71389632104,-73.8931275568878,0.0360669754446108,0.0282653825881251,2020.16914384684,2020.1769454397,335800000,NA
137,20,0.0334370739609911,40.71389632104,-73.8931275568878,40.777743487841,-73.9518013270567,0.0695040494056019,0.0360669754446108,2020.1769454397,2020.21038251366,335800000,hCoV-19/USA/NY-NYUMC673/2020
137,21,0.0744206805208394,40.71389632104,-73.8931275568878,40.6939227168328,-73.7538659411165,0.11048765596545,0.0360669754446108,2020.1769454397,2020.25136612022,335800000,hCoV-19/USA/NY-NYUMC617/2020
138,141,0.000157253118035189,40.7481892778289,-73.9383998590683,40.750342787492,-73.9404401020781,0.00411230483433578,0.00395505171630059,2020.14483351597,2020.14499076908,335800000,NA
138,139,0.0235461878574019,40.7481892778289,-73.9383998590683,40.7020005054195,-73.8808091764716,0.0275012395737025,0.00395505171630059,2020.14483351597,2020.16837970382,335800000,NA
139,140,0.0157871141022889,40.7020005054195,-73.8808091764716,40.78333195448,-73.7942141470655,0.0432883536759913,0.0275012395737025,2020.16837970382,2020.18416681793,335800000,NA
139,22,0.132166744261838,40.7020005054195,-73.8808091764716,40.6494437092484,-73.9454775269545,0.15966798383554,0.0275012395737025,2020.16837970382,2020.30054644809,335800000,hCoV-19/USA/NY-NYUMC460/2020
140,24,0.0508058596694304,40.78333195448,-73.7942141470655,40.8479430292651,-73.9198629133241,0.0940942133454218,0.0432883536759913,2020.18416681793,2020.2349726776,335800000,hCoV-19/USA/NY-NYUMC792/2020
140,23,0.0344124170396248,40.78333195448,-73.7942141470655,40.6110011019325,-73.7478724655276,0.0777007707156162,0.0432883536759913,2020.18416681793,2020.21857923497,335800000,hCoV-19/USA/NY-NYUMC721/2020
141,142,0.0132701497301752,40.750342787492,-73.9404401020781,40.707446667291,-73.9446645993473,0.0173824545645109,0.00411230483433578,2020.14499076908,2020.15826091882,335800000,NA
141,158,0.000228368817064006,40.750342787492,-73.9404401020781,40.7489013679168,-73.9376792223293,0.00434067365139978,0.00411230483433578,2020.14499076908,2020.1452191379,335800000,NA
142,149,0.00913970371153874,40.707446667291,-73.9446645993473,40.7550161255572,-73.8854192229399,0.0265221582760497,0.0173824545645109,2020.15826091882,2020.16740062253,335800000,NA
142,143,0.0125785797908571,40.707446667291,-73.9446645993473,40.6791993282167,-73.9803851643887,0.029961034355368,0.0173824545645109,2020.15826091882,2020.17083949861,335800000,NA
143,25,0.0914555833601785,40.6791993282167,-73.9803851643887,40.7554249611612,-73.9308766687067,0.121416617715547,0.029961034355368,2020.17083949861,2020.26229508197,335800000,hCoV-19/USA/NY-NYUMC291/2020
143,144,0.000587709454863888,40.6791993282167,-73.9803851643887,40.6794505448017,-73.9775386223426,0.0305487438102319,0.029961034355368,2020.17083949861,2020.17142720806,335800000,NA
144,145,0.00590389999047233,40.6794505448017,-73.9775386223426,40.6932834963634,-74.0090751459461,0.0364526438007042,0.0305487438102319,2020.17142720806,2020.17733110805,335800000,NA
144,148,0.00155196801186086,40.6794505448017,-73.9775386223426,40.6691797892046,-73.9955107289588,0.0321007118220928,0.0305487438102319,2020.17142720806,2020.17297917607,335800000,NA
145,146,0.00908919902357455,40.6932834963634,-74.0090751459461,40.6828879181002,-74.0045442106244,0.0455418428242788,0.0364526438007042,2020.17733110805,2020.18642030707,335800000,NA
145,29,0.0658382908547318,40.6932834963634,-74.0090751459461,40.8771773797914,-73.8691373798826,0.102290934655436,0.0364526438007042,2020.17733110805,2020.24316939891,335800000,hCoV-19/USA/NY-NYUMC549/2020
146,26,0.048552370521143,40.6828879181002,-74.0045442106244,40.6139146269085,-74.0036332229254,0.0940942133454218,0.0455418428242788,2020.18642030707,2020.2349726776,335800000,hCoV-19/USA/NY-NYUMC766/2020
146,147,0.00320055277083756,40.6828879181002,-74.0045442106244,40.6983730516426,-74.0141411425191,0.0487423955951163,0.0455418428242788,2020.18642030707,2020.18962085985,335800000,NA
147,28,0.0590130199304793,40.6983730516426,-74.0141411425191,40.7623374113589,-73.9713628006699,0.107755415525596,0.0487423955951163,2020.18962085985,2020.24863387978,335800000,hCoV-19/USA/NY-NYUMC167/2020
147,27,0.0590130199304793,40.6983730516426,-74.0141411425191,40.7611013964715,-73.9681516787415,0.107755415525596,0.0487423955951163,2020.18962085985,2020.24863387978,335800000,hCoV-19/USA/NY-NYUMC178/2020
148,30,0.13303175288338,40.6691797892046,-73.9955107289588,40.5939090623852,-74.1942482079437,0.165132464705472,0.0321007118220928,2020.17297917607,2020.30601092896,335800000,hCoV-19/USA/NY-NYUMC479/2020
148,31,0.113906069823497,40.6691797892046,-73.9955107289588,40.5930372018341,-73.9618404854155,0.146006781645589,0.0321007118220928,2020.17297917607,2020.2868852459,335800000,hCoV-19/USA/NY-NYUMC439/2020
149,41,0.0621075741894354,40.7550161255572,-73.8854192229399,40.6469987444172,-74.0188466019032,0.0886297324654851,0.0265221582760497,2020.16740062253,2020.22950819672,335800000,hCoV-19/USA/NY-NYUMC785/2020
149,150,0.000503912401422474,40.7550161255572,-73.8854192229399,40.7564259588836,-73.8893379728629,0.0270260706774721,0.0265221582760497,2020.16740062253,2020.16790453493,335800000,NA
150,157,0.00701916827541585,40.7564259588836,-73.8893379728629,40.7626547850614,-73.9053149033238,0.034045238952888,0.0270260706774721,2020.16790453493,2020.1749237032,335800000,NA
150,151,0.00221551171408896,40.7564259588836,-73.8893379728629,40.7276427936175,-73.9042727442025,0.0292415823915611,0.0270260706774721,2020.16790453493,2020.17012004664,335800000,NA
151,156,0.00329738428531284,40.7276427936175,-73.9042727442025,40.7608417888425,-73.8515566046686,0.0325389666768739,0.0292415823915611,2020.17012004664,2020.17341743093,335800000,NA
151,152,0.00803022632724071,40.7276427936175,-73.9042727442025,40.7613031443365,-73.8979975270992,0.0372718087188018,0.0292415823915611,2020.17012004664,2020.17815027297,335800000,NA
152,153,0.00819857488394024,40.7613031443365,-73.8979975270992,40.7600547189188,-73.9195269523869,0.0454703836027421,0.0372718087188018,2020.17815027297,2020.18634884785,335800000,NA
152,36,0.0650191259366342,40.7613031443365,-73.8979975270992,40.6746864300508,-74.0027239985277,0.102290934655436,0.0372718087188018,2020.17815027297,2020.24316939891,335800000,hCoV-19/USA/NY-NYUMC540/2020
153,154,0.00324923555187356,40.7600547189188,-73.9195269523869,40.7830133480662,-73.928444587914,0.0487196191546156,0.0454703836027421,2020.18634884785,2020.18959808341,335800000,NA
153,155,0.00366018576855076,40.7600547189188,-73.9195269523869,40.7333230168251,-73.9131529993384,0.0491305693712928,0.0454703836027421,2020.18634884785,2020.19000903362,335800000,NA
154,33,0.160128692551015,40.7830133480662,-73.928444587914,40.8185649072773,-73.8731335848325,0.20884831170563,0.0487196191546156,2020.18959808341,2020.34972677596,335800000,hCoV-19/USA/NY-NYUMC914/2020
154,32,0.0426423537509515,40.7830133480662,-73.928444587914,40.7072313817539,-73.8251349169622,0.0913619729055671,0.0487196191546156,2020.18959808341,2020.23224043716,335800000,hCoV-19/USA/NY-NYUMC743/2020
155,34,0.080482769654268,40.7333230168251,-73.9131529993384,40.7437375091091,-73.8351008711859,0.129613339025561,0.0491305693712928,2020.19000903362,2020.27049180328,335800000,hCoV-19/USA/NY-NYUMC364/2020
155,35,0.0586248461543028,40.7333230168251,-73.9131529993384,40.6533040647924,-73.9651679829441,0.107755415525596,0.0491305693712928,2020.19000903362,2020.24863387978,335800000,hCoV-19/USA/NY-NYUMC147/2020
156,37,0.0806809297286583,40.7608417888425,-73.8515566046686,40.6288553973435,-73.9998588531161,0.113219896405532,0.0325389666768739,2020.17341743093,2020.25409836066,335800000,hCoV-19/USA/NY-NYUMC209/2020
156,38,0.036965082728728,40.7608417888425,-73.8515566046686,40.708138189078,-73.7498417418248,0.0695040494056019,0.0325389666768739,2020.17341743093,2020.21038251366,335800000,hCoV-19/USA/NY-NYUMC919/2020
157,40,0.0354588104527139,40.7626547850614,-73.9053149033238,40.7762420546567,-73.9067702741432,0.0695040494056019,0.034045238952888,2020.1749237032,2020.21038251366,335800000,hCoV-19/USA/NY-NYUMC64/2020
157,39,0.0764424170125623,40.7626547850614,-73.9053149033238,40.8419164991737,-73.902066652187,0.11048765596545,0.034045238952888,2020.1749237032,2020.25136612022,335800000,hCoV-19/USA/NY-NYUMC637/2020
158,166,0.000397318675174202,40.7489013679168,-73.9376792223293,40.7392433009431,-73.9373182828813,0.00473799232657399,0.00434067365139978,2020.1452191379,2020.14561645658,335800000,NA
158,159,0.00262683868571048,40.7489013679168,-73.9376792223293,40.7639607661404,-73.9470231299668,0.00696751233711027,0.00434067365139978,2020.1452191379,2020.14784597659,335800000,NA
159,162,0.0202232901601918,40.7639607661404,-73.9470231299668,40.7206618123391,-73.93648290965,0.0271908024973021,0.00696751233711027,2020.14784597659,2020.16806926675,335800000,NA
159,160,0.00740975741908687,40.7639607661404,-73.9470231299668,40.7682029982712,-73.931522526127,0.0143772697561971,0.00696751233711027,2020.14784597659,2020.15525573401,335800000,NA
160,42,0.0551267796494048,40.7682029982712,-73.931522526127,40.8281941179378,-73.9267616846938,0.0695040494056019,0.0143772697561971,2020.15525573401,2020.21038251366,335800000,hCoV-19/USA/NY-NYUMC78/2020
160,161,0.038717208822606,40.7682029982712,-73.931522526127,40.7140486652046,-73.9443986330172,0.0530944785788032,0.0143772697561971,2020.15525573401,2020.19397294283,335800000,NA
161,43,0.0546609369467924,40.7140486652046,-73.9443986330172,40.7407004445965,-73.9806337802662,0.107755415525596,0.0530944785788032,2020.19397294283,2020.24863387978,335800000,hCoV-19/USA/NY-NYUMC153/2020
161,44,0.0491964560766328,40.7140486652046,-73.9443986330172,40.7455704678325,-73.8352579843952,0.102290934655436,0.0530944785788032,2020.19397294283,2020.24316939891,335800000,hCoV-19/USA/NY-NYUMC521/2020
162,163,0.00455053617414666,40.7206618123391,-73.93648290965,40.7431330700347,-73.965623074418,0.0317413386714488,0.0271908024973021,2020.16806926675,2020.17261980292,335800000,NA
162,165,0.0147153845387215,40.7206618123391,-73.93648290965,40.7526993578584,-73.903738003455,0.0419061870360236,0.0271908024973021,2020.16806926675,2020.18278465129,335800000,NA
163,45,0.0705495959839872,40.7431330700347,-73.965623074418,40.5795539535976,-73.9602552138115,0.102290934655436,0.0317413386714488,2020.17261980292,2020.24316939891,335800000,hCoV-19/USA/NY-NYUMC548/2020
163,164,0.0095131816182997,40.7431330700347,-73.965623074418,40.794892383448,-73.9618016458138,0.0412545202897485,0.0317413386714488,2020.17261980292,2020.18213298454,335800000,NA
164,47,0.0610364143656875,40.794892383448,-73.9618016458138,40.8834703978805,-73.9117501296647,0.102290934655436,0.0412545202897485,2020.18213298454,2020.24316939891,335800000,hCoV-19/USA/NY-NYUMC519/2020
164,46,0.0692331356757018,40.794892383448,-73.9618016458138,40.8501959648434,-73.9046874548666,0.11048765596545,0.0412545202897485,2020.18213298454,2020.25136612022,335800000,hCoV-19/USA/NY-NYUMC613/2020
165,49,0.0685814689294267,40.7526993578584,-73.903738003455,40.8316369096351,-73.9180837614849,0.11048765596545,0.0419061870360236,2020.18278465129,2020.25136612022,335800000,hCoV-19/USA/NY-NYUMC621/2020
165,48,0.117761796799517,40.7526993578584,-73.903738003455,40.7602422095494,-73.9217142194898,0.15966798383554,0.0419061870360236,2020.18278465129,2020.30054644809,335800000,hCoV-19/USA/NY-NYUMC469/2020
166,167,0.01408368540378,40.7392433009431,-73.9373182828813,40.7228331406146,-73.921241953384,0.018821677730354,0.00473799232657399,2020.14561645658,2020.15970014198,335800000,NA
166,68,0.0620338166389459,40.7392433009431,-73.9373182828813,40.5912749087691,-74.1122988613584,0.0667718089655199,0.00473799232657399,2020.14561645658,2020.20765027322,335800000,hCoV-19/USA/NY-NYUMC30/2020
167,168,0.000336754994734539,40.7228331406146,-73.921241953384,40.7269606078249,-73.9248512804588,0.0191584327250885,0.018821677730354,2020.15970014198,2020.16003689698,335800000,NA
167,179,0.0112441427237615,40.7228331406146,-73.921241953384,40.7264653722223,-73.9147665517197,0.0300658204541155,0.018821677730354,2020.15970014198,2020.1709442847,335800000,NA
168,176,0.0144202560375399,40.7269606078249,-73.9248512804588,40.7337719101267,-73.8980527005386,0.0335786887626285,0.0191584327250885,2020.16003689698,2020.17445715301,335800000,NA
168,169,0.00131124556553844,40.7269606078249,-73.9248512804588,40.7337351347395,-73.9202442810366,0.020469678290627,0.0191584327250885,2020.16003689698,2020.16134814254,335800000,NA
169,171,0.0104583891928981,40.7337351347395,-73.9202442810366,40.7478875429102,-73.9020102526931,0.0309280674835251,0.020469678290627,2020.16134814254,2020.17180653173,335800000,NA
169,170,0.0225066134394369,40.7337351347395,-73.9202442810366,40.7071110799705,-73.8667073488501,0.0429762917300639,0.020469678290627,2020.16134814254,2020.18385475598,335800000,NA
170,51,0.0675113642353864,40.7071110799705,-73.8667073488501,40.8597367133706,-73.886018871727,0.11048765596545,0.0429762917300639,2020.18385475598,2020.25136612022,335800000,hCoV-19/USA/NY-NYUMC607/2020
170,50,0.0319922385554747,40.7071110799705,-73.8667073488501,40.6832144193083,-73.7406901212571,0.0749685302855386,0.0429762917300639,2020.18385475598,2020.21584699454,335800000,hCoV-19/USA/NY-NYUMC830/2020
171,52,0.0713628671719109,40.7478875429102,-73.9020102526931,40.8962883753214,-73.8488124646681,0.102290934655436,0.0309280674835251,2020.17180653173,2020.24316939891,335800000,hCoV-19/USA/NY-NYUMC681/2020
171,172,0.00590486838193999,40.7478875429102,-73.9020102526931,40.7589900773542,-73.9090078808609,0.0368329358654651,0.0309280674835251,2020.17180653173,2020.17771140012,335800000,NA
172,57,0.122835047970075,40.7589900773542,-73.9090078808609,40.6685054548865,-73.8290085446559,0.15966798383554,0.0368329358654651,2020.17771140012,2020.30054644809,335800000,hCoV-19/USA/NY-NYUMC455/2020
172,173,0.00470614507487602,40.7589900773542,-73.9090078808609,40.7649072859123,-73.8883400726346,0.0415390809403411,0.0368329358654651,2020.17771140012,2020.18241754519,335800000,NA
173,53,0.0525551324050807,40.7649072859123,-73.8883400726346,40.7475976717573,-73.9694062838136,0.0940942133454218,0.0415390809403411,2020.18241754519,2020.2349726776,335800000,hCoV-19/USA/NY-NYUMC781/2020
173,174,0.00249235664058914,40.7649072859123,-73.8883400726346,40.7920726512447,-73.8941049647145,0.0440314375809302,0.0415390809403411,2020.18241754519,2020.18490990183,335800000,NA
174,175,0.00149004107272838,40.7920726512447,-73.8941049647145,40.8024720498069,-73.8902725490707,0.0455214786536586,0.0440314375809302,2020.18490990183,2020.1863999429,335800000,NA
174,54,0.06645621838452,40.7920726512447,-73.8941049647145,40.7619534591867,-73.9257877196577,0.11048765596545,0.0440314375809302,2020.18490990183,2020.25136612022,335800000,hCoV-19/USA/NY-NYUMC594/2020
175,55,0.0813596199318202,40.8024720498069,-73.8902725490707,40.6067764966501,-74.0284017920478,0.126881098585479,0.0455214786536586,2020.1863999429,2020.26775956284,335800000,hCoV-19/USA/NY-NYUMC335/2020
175,56,0.0676984177518737,40.8024720498069,-73.8902725490707,40.6914123560652,-73.8232457742389,0.113219896405532,0.0455214786536586,2020.1863999429,2020.25409836066,335800000,hCoV-19/USA/NY-NYUMC598/2020
176,61,0.0605155245827933,40.7337719101267,-73.8980527005386,40.7055490812184,-73.744671194876,0.0940942133454218,0.0335786887626285,2020.17445715301,2020.2349726776,335800000,hCoV-19/USA/NY-NYUMC774/2020
176,177,0.0189629043319401,40.7337719101267,-73.8980527005386,40.6891894561351,-73.9591290425727,0.0525415930945686,0.0335786887626285,2020.17445715301,2020.19342005735,335800000,NA
177,60,0.0606783033109637,40.6891894561351,-73.9591290425727,40.5931745303049,-73.7726750441845,0.113219896405532,0.0525415930945686,2020.19342005735,2020.25409836066,335800000,hCoV-19/USA/NY-NYUMC603/2020
177,178,0.0025705176436325,40.6891894561351,-73.9591290425727,40.6632935809159,-73.9463277393629,0.0551121107382011,0.0525415930945686,2020.19342005735,2020.19599057499,335800000,NA
178,58,0.069036747407423,40.6632935809159,-73.9463277393629,40.6094614079401,-73.9966250620818,0.124148858145624,0.0551121107382011,2020.19599057499,2020.2650273224,335800000,hCoV-19/USA/NY-NYUMC352/2020
178,59,0.0717689878472777,40.6632935809159,-73.9463277393629,40.6112061873269,-73.9869925190621,0.126881098585479,0.0551121107382011,2020.19599057499,2020.26775956284,335800000,hCoV-19/USA/NY-NYUMC362/2020
179,180,0.000775335774254732,40.7264653722223,-73.9147665517197,40.7310192791529,-73.9177488004541,0.0308411562283702,0.0300658204541155,2020.1709442847,2020.17171962048,335800000,NA
179,183,0.0166808248285175,40.7264653722223,-73.9147665517197,40.7499757422591,-73.8533377286903,0.0467466452826329,0.0300658204541155,2020.1709442847,2020.18762510953,335800000,NA
180,62,0.0304661718672175,40.7310192791529,-73.9177488004541,40.7441685809208,-73.9797389130969,0.0613073280955877,0.0308411562283702,2020.17171962048,2020.20218579235,335800000,hCoV-19/USA/NY-NYUMC22/2020
180,181,0.00286065792215862,40.7310192791529,-73.9177488004541,40.7036227669409,-73.904379619904,0.0337018141505288,0.0308411562283702,2020.17171962048,2020.1745802784,335800000,NA
181,182,0.0158687131934009,40.7036227669409,-73.904379619904,40.6544167727848,-73.9686720611821,0.0495705273439297,0.0337018141505288,2020.1745802784,2020.19044899159,335800000,NA
181,65,0.0740536013750668,40.7036227669409,-73.904379619904,40.7053798561,-73.8360913197813,0.107755415525596,0.0337018141505288,2020.1745802784,2020.24863387978,335800000,hCoV-19/USA/NY-NYUMC136/2020
182,63,0.0527204073115063,40.6544167727848,-73.9686720611821,40.637370308389,-74.0950650869601,0.102290934655436,0.0495705273439297,2020.19044899159,2020.24316939891,335800000,hCoV-19/USA/NY-NYUMC566/2020
182,64,0.0527204073115063,40.6544167727848,-73.9686720611821,40.6070066372221,-73.9557923072449,0.102290934655436,0.0495705273439297,2020.19044899159,2020.24316939891,335800000,hCoV-19/USA/NY-NYUMC680/2020
183,66,0.020025163682887,40.7499757422591,-73.8533377286903,40.7785762122093,-73.8201928720758,0.0667718089655199,0.0467466452826329,2020.18762510953,2020.20765027322,335800000,hCoV-19/USA/NY-NYUMC28/2020
183,67,0.0937956554927968,40.7499757422591,-73.8533377286903,40.7463730381282,-73.9820105444655,0.14054230077543,0.0467466452826329,2020.18762510953,2020.28142076503,335800000,hCoV-19/USA/NY-NYUMC398/2020
184,185,0.000286362220222325,40.7820635259351,-73.9330773860195,40.784697424229,-73.9290409554666,0.00403848901052398,0.00375212679030165,2020.14463059104,2020.14491695326,335800000,NA
184,215,0.00651762190498384,40.7820635259351,-73.9330773860195,40.7642539925457,-73.9453934613729,0.0102697486952855,0.00375212679030165,2020.14463059104,2020.15114821295,335800000,NA
185,186,0.000620569316280434,40.784697424229,-73.9290409554666,40.7869128614399,-73.9290495685295,0.00465905832680441,0.00403848901052398,2020.14491695326,2020.14553752258,335800000,NA
185,69,0.0900557243348978,40.784697424229,-73.9290409554666,40.700962746593,-73.8282086309938,0.0940942133454218,0.00403848901052398,2020.14491695326,2020.2349726776,335800000,hCoV-19/USA/NY-NYUMC802/2020
186,187,0.0134200478640914,40.7869128614399,-73.9290495685295,40.7316607542701,-73.9459181661354,0.0180791061908958,0.00465905832680441,2020.14553752258,2020.15895757044,335800000,NA
186,213,0.0148088553461976,40.7869128614399,-73.9290495685295,40.779588951589,-73.9201636041267,0.019467913673002,0.00465905832680441,2020.14553752258,2020.16034637792,335800000,NA
187,194,0.00825779082715802,40.7316607542701,-73.9459181661354,40.7119256568251,-73.9040944934494,0.0263368970180538,0.0180791061908958,2020.15895757044,2020.16721536127,335800000,NA
187,188,0.000224980715094525,40.7316607542701,-73.9459181661354,40.7170864697905,-73.9498759821969,0.0183040869059903,0.0180791061908958,2020.15895757044,2020.15918255116,335800000,NA
188,189,0.00519975422385002,40.7170864697905,-73.9498759821969,40.7056975846455,-73.9585141864319,0.0235038411298403,0.0183040869059903,2020.15918255116,2020.16438230538,335800000,NA
188,76,0.0511999624996116,40.7170864697905,-73.9498759821969,40.8382009170989,-73.9312211632961,0.0695040494056019,0.0183040869059903,2020.15918255116,2020.21038251366,335800000,hCoV-19/USA/NY-NYUMC58/2020
189,70,0.0842515743957553,40.7056975846455,-73.9585141864319,40.6388370891847,-74.0342455387953,0.107755415525596,0.0235038411298403,2020.16438230538,2020.24863387978,335800000,hCoV-19/USA/NY-NYUMC205/2020
189,190,0.011449020119059,40.7056975846455,-73.9585141864319,40.7455231745372,-73.899093399603,0.0349528612488993,0.0235038411298403,2020.16438230538,2020.1758313255,335800000,NA
190,71,0.173895450456731,40.7455231745372,-73.899093399603,40.6208501173686,-73.9776428942691,0.20884831170563,0.0349528612488993,2020.1758313255,2020.34972677596,335800000,hCoV-19/USA/NY-NYUMC886/2020
190,191,0.00107985521617016,40.7455231745372,-73.899093399603,40.7707428738716,-73.8999256467115,0.0360327164650695,0.0349528612488993,2020.1758313255,2020.17691118072,335800000,NA
191,192,0.00775113499279395,40.7707428738716,-73.8999256467115,40.7651675022651,-73.8888528583589,0.0437838514578635,0.0360327164650695,2020.17691118072,2020.18466231571,335800000,NA
191,75,0.0334713329405324,40.7707428738716,-73.8999256467115,40.8181614505972,-73.9122826088561,0.0695040494056019,0.0360327164650695,2020.17691118072,2020.21038251366,335800000,hCoV-19/USA/NY-NYUMC98/2020
192,193,0.00439340177692815,40.7651675022651,-73.8888528583589,40.7713227884879,-73.911005376096,0.0481772532347916,0.0437838514578635,2020.18466231571,2020.18905571749,335800000,NA
192,74,0.0694360449476688,40.7651675022651,-73.8888528583589,40.7925812072459,-73.9483365136793,0.113219896405532,0.0437838514578635,2020.18466231571,2020.25409836066,335800000,hCoV-19/USA/NY-NYUMC252/2020
193,73,0.0787038453506872,40.7713227884879,-73.911005376096,40.7503489458025,-73.8833064187928,0.126881098585479,0.0481772532347916,2020.18905571749,2020.26775956284,335800000,hCoV-19/USA/NY-NYUMC343/2020
193,72,0.0541136814206444,40.7713227884879,-73.911005376096,40.7868080952266,-73.8385929493836,0.102290934655436,0.0481772532347916,2020.18905571749,2020.24316939891,335800000,hCoV-19/USA/NY-NYUMC587/2020
194,96,0.0431671523875481,40.7119256568251,-73.9040944934494,40.6311194009159,-74.0088053276495,0.0695040494056019,0.0263368970180538,2020.16721536127,2020.21038251366,335800000,hCoV-19/USA/NY-NYUMC110/2020
194,195,0.00202746105472543,40.7119256568251,-73.9040944934494,40.7280489905852,-73.8953498236292,0.0283643580727792,0.0263368970180538,2020.16721536127,2020.16924282232,335800000,NA
195,196,0.00397732753274069,40.7280489905852,-73.8953498236292,40.7136233331893,-73.8536676941075,0.0323416856055199,0.0283643580727792,2020.16924282232,2020.17322014986,335800000,NA
195,202,0.00170613332918945,40.7280489905852,-73.8953498236292,40.7409129487247,-73.9114490676118,0.0300704914019687,0.0283643580727792,2020.16924282232,2020.17094895565,335800000,NA
196,197,0.00760611813130671,40.7136233331893,-73.8536676941075,40.6979001125719,-73.8850978305837,0.0399478037368266,0.0323416856055199,2020.17322014986,2020.18082626799,335800000,NA
196,198,0.00322801216006469,40.7136233331893,-73.8536676941075,40.7171335535019,-73.8598820480875,0.0355696977655846,0.0323416856055199,2020.17322014986,2020.17644816202,335800000,NA
197,78,0.067807611788769,40.6979001125719,-73.8850978305837,40.8047637852378,-73.9033705317336,0.107755415525596,0.0399478037368266,2020.18082626799,2020.24863387978,335800000,hCoV-19/USA/NY-NYUMC160/2020
197,77,0.0514141691687405,40.6979001125719,-73.8850978305837,40.6013802360967,-73.7464622700957,0.0913619729055671,0.0399478037368266,2020.18082626799,2020.23224043716,335800000,hCoV-19/USA/NY-NYUMC699/2020
198,199,0.00542702239032819,40.7171335535019,-73.8598820480875,40.7457946222283,-73.8346653815372,0.0409967201559128,0.0355696977655846,2020.17644816202,2020.18187518441,335800000,NA
198,200,0.00406885151140565,40.7171335535019,-73.8598820480875,40.7347037159627,-73.857024344337,0.0396385492769903,0.0355696977655846,2020.17644816202,2020.18051701353,335800000,NA
199,79,0.0285073292496891,40.7457946222283,-73.8346653815372,40.7128579562522,-73.8344621815468,0.0695040494056019,0.0409967201559128,2020.18187518441,2020.21038251366,335800000,hCoV-19/USA/NY-NYUMC62/2020
199,80,0.137796946739511,40.7457946222283,-73.8346653815372,40.8525809483289,-73.8824918548016,0.178793666895423,0.0409967201559128,2020.18187518441,2020.31967213115,335800000,hCoV-19/USA/NY-NYUMC904/2020
200,201,0.00147851961343698,40.7347037159627,-73.857024344337,40.7103794196284,-73.8649915515346,0.0411170688904272,0.0396385492769903,2020.18051701353,2020.18199553314,335800000,NA
200,81,0.0298655001286117,40.7347037159627,-73.857024344337,40.6546168001901,-73.7441354372391,0.0695040494056019,0.0396385492769903,2020.18051701353,2020.21038251366,335800000,hCoV-19/USA/NY-NYUMC89/2020
201,82,0.0611738657650088,40.7103794196284,-73.8649915515346,40.6229655666593,-73.9460479659298,0.102290934655436,0.0411170688904272,2020.18199553314,2020.24316939891,335800000,hCoV-19/USA/NY-NYUMC410/2020
201,83,0.0283869805151747,40.7103794196284,-73.8649915515346,40.6793738301739,-73.7276249957336,0.0695040494056019,0.0411170688904272,2020.18199553314,2020.21038251366,335800000,hCoV-19/USA/NY-NYUMC49/2020
202,204,0.00247618032737135,40.7409129487247,-73.9114490676118,40.7408359035265,-73.944495598447,0.03254667172934,0.0300704914019687,2020.17094895565,2020.17342513598,335800000,NA
202,203,0.00345572256874652,40.7409129487247,-73.9114490676118,40.7571125104196,-73.9282799237424,0.0335262139707152,0.0300704914019687,2020.17094895565,2020.17440467822,335800000,NA
203,84,0.0578357589348519,40.7571125104196,-73.9282799237424,40.8743030412893,-73.8244020667962,0.0913619729055671,0.0335262139707152,2020.17440467822,2020.23224043716,335800000,hCoV-19/USA/NY-NYUMC739/2020
203,85,0.0687647206847208,40.7571125104196,-73.9282799237424,40.5883420183825,-74.0849556623747,0.102290934655436,0.0335262139707152,2020.17440467822,2020.24316939891,335800000,hCoV-19/USA/NY-NYUMC302/2020
204,86,0.1271213121062,40.7408359035265,-73.944495598447,40.5976835502581,-73.9591912565361,0.15966798383554,0.03254667172934,2020.17342513598,2020.30054644809,335800000,hCoV-19/USA/NY-NYUMC459/2020
204,205,0.000124233036548238,40.7408359035265,-73.944495598447,40.742723876614,-73.9410646244237,0.0326709047658883,0.03254667172934,2020.17342513598,2020.17354936902,335800000,NA
205,206,0.000515292724568517,40.742723876614,-73.9410646244237,40.7329684931673,-73.9519278894502,0.0331861974904568,0.0326709047658883,2020.17354936902,2020.17406466174,335800000,NA
205,211,0.000255327714036746,40.742723876614,-73.9410646244237,40.7450187242955,-73.9441866809897,0.032926232479925,0.0326709047658883,2020.17354936902,2020.17380469673,335800000,NA
206,209,0.00656475841366697,40.7329684931673,-73.9519278894502,40.690849074057,-73.9762523884457,0.0397509559041238,0.0331861974904568,2020.17406466174,2020.18062942015,335800000,NA
206,207,0.000432994330528652,40.7329684931673,-73.9519278894502,40.7235494037929,-73.9617506740996,0.0336191918209854,0.0331861974904568,2020.17406466174,2020.17449765607,335800000,NA
207,208,0.00163966787671091,40.7235494037929,-73.9617506740996,40.7205451633383,-73.9509194394858,0.0352588596976963,0.0336191918209854,2020.17449765607,2020.17613732395,335800000,NA
207,87,0.0358848575846165,40.7235494037929,-73.9617506740996,40.861592470062,-73.9039698337492,0.0695040494056019,0.0336191918209854,2020.17449765607,2020.21038251366,335800000,hCoV-19/USA/NY-NYUMC121/2020
208,88,0.0724965558278993,40.7205451633383,-73.9509194394858,40.8752475410637,-73.8308761485969,0.107755415525596,0.0352588596976963,2020.17613732395,2020.24863387978,335800000,hCoV-19/USA/NY-NYUMC591/2020
208,89,0.0342451897079056,40.7205451633383,-73.9509194394858,40.733879714996,-73.9891000962731,0.0695040494056019,0.0352588596976963,2020.17613732395,2020.21038251366,335800000,hCoV-19/USA/NY-NYUMC661/2020
209,210,0.000982005727616808,40.690849074057,-73.9762523884457,40.6834829741331,-73.9690030600471,0.0407329616317406,0.0397509559041238,2020.18062942015,2020.18161142588,335800000,NA
209,92,0.0488787765613613,40.690849074057,-73.9762523884457,40.6172154105058,-73.9925603979273,0.0886297324654851,0.0397509559041238,2020.18062942015,2020.22950819672,335800000,hCoV-19/USA/NY-NYUMC813/2020
210,91,0.0888803773938202,40.6834829741331,-73.9690030600471,40.6989443086496,-73.9815135151593,0.129613339025561,0.0407329616317406,2020.18161142588,2020.27049180328,335800000,hCoV-19/USA/NY-NYUMC384/2020
210,90,0.0615579730236955,40.6834829741331,-73.9690030600471,40.7650854401131,-73.9119679895446,0.102290934655436,0.0407329616317406,2020.18161142588,2020.24316939891,335800000,hCoV-19/USA/NY-NYUMC504/2020
211,93,0.0802936639256073,40.7450187242955,-73.9441866809897,40.7303701647368,-73.8866333601109,0.113219896405532,0.032926232479925,2020.17380469673,2020.25409836066,335800000,hCoV-19/USA/NY-NYUMC597/2020
211,212,0.00110201722661918,40.7450187242955,-73.9441866809897,40.7369566816242,-73.9274860041115,0.0340282497065442,0.032926232479925,2020.17380469673,2020.17490671396,335800000,NA
212,95,0.0737271658190514,40.7369566816242,-73.9274860041115,40.7368623093924,-74.005762552901,0.107755415525596,0.0340282497065442,2020.17490671396,2020.24863387978,335800000,hCoV-19/USA/NY-NYUMC204/2020
212,94,0.0354757996990577,40.7369566816242,-73.9274860041115,40.8253841614649,-73.8695040934939,0.0695040494056019,0.0340282497065442,2020.17490671396,2020.21038251366,335800000,hCoV-19/USA/NY-NYUMC92/2020
213,214,0.0153282723180226,40.779588951589,-73.9201636041267,40.7379766556701,-73.9511298181628,0.0347961859910246,0.019467913673002,2020.16034637792,2020.17567465024,335800000,NA
213,99,0.107413184912477,40.779588951589,-73.9201636041267,40.6268056940713,-74.010548771725,0.126881098585479,0.019467913673002,2020.16034637792,2020.26775956284,335800000,hCoV-19/USA/NY-NYUMC336/2020
214,98,0.0674947486644114,40.7379766556701,-73.9511298181628,40.5407411435219,-74.2119570622373,0.102290934655436,0.0347961859910246,2020.17567465024,2020.24316939891,335800000,hCoV-19/USA/NY-NYUMC409/2020
214,97,0.0347078634145773,40.7379766556701,-73.9511298181628,40.6675728962418,-73.9379002362335,0.0695040494056019,0.0347961859910246,2020.17567465024,2020.21038251366,335800000,hCoV-19/USA/NY-NYUMC880/2020
215,216,0.022624984422551,40.7642539925457,-73.9453934613729,40.6958945642416,-73.9793541923312,0.0328947331178365,0.0102697486952855,2020.15114821295,2020.17377319737,335800000,NA
215,222,0.00275298638948915,40.7642539925457,-73.9453934613729,40.7685117039644,-73.9109423138916,0.0130227350847746,0.0102697486952855,2020.15114821295,2020.15390119934,335800000,NA
216,217,0.000193421040500436,40.6958945642416,-73.9793541923312,40.6874257709192,-73.9810647745608,0.033088154158337,0.0328947331178365,2020.17377319737,2020.17396661841,335800000,NA
216,218,0.000339618366629824,40.6958945642416,-73.9793541923312,40.6983825473502,-73.9833146371259,0.0332343514844664,0.0328947331178365,2020.17377319737,2020.17411281574,335800000,NA
217,101,0.115650867927107,40.6874257709192,-73.9810647745608,40.7504093691795,-73.9792710885346,0.148739022085444,0.033088154158337,2020.17396661841,2020.28961748634,335800000,hCoV-19/USA/NY-NYUMC427/2020
217,100,0.0555415783071481,40.6874257709192,-73.9810647745608,40.6274803931168,-74.0026948483706,0.0886297324654851,0.033088154158337,2020.17396661841,2020.22950819672,335800000,hCoV-19/USA/NY-NYUMC826/2020
218,102,0.0772533044809839,40.6983825473502,-73.9833146371259,40.8711540442832,-73.9180528692027,0.11048765596545,0.0332343514844664,2020.17411281574,2020.25136612022,335800000,hCoV-19/USA/NY-NYUMC620/2020
218,219,0.00991676435073016,40.6983825473502,-73.9833146371259,40.7315914555505,-73.9800303366839,0.0431511158351965,0.0332343514844664,2020.17411281574,2020.18402958009,335800000,NA
219,220,0.00836031015326916,40.7315914555505,-73.9800303366839,40.7511697603833,-73.9528415228184,0.0515114259884657,0.0431511158351965,2020.18402958009,2020.19238989024,335800000,NA
219,106,0.0591398188202395,40.7315914555505,-73.9800303366839,40.8819720108401,-73.866318883948,0.102290934655436,0.0431511158351965,2020.18402958009,2020.24316939891,335800000,hCoV-19/USA/NY-NYUMC517/2020
220,103,0.089030874786964,40.7511697603833,-73.9528415228184,40.6567039733594,-73.8693522558567,0.14054230077543,0.0515114259884657,2020.19238989024,2020.28142076503,335800000,hCoV-19/USA/NY-NYUMC394/2020
220,221,0.00907345765369749,40.7511697603833,-73.9528415228184,40.7170423218806,-73.979521954106,0.0605848836421632,0.0515114259884657,2020.19238989024,2020.20146334789,335800000,NA
221,105,0.0471705318834325,40.7170423218806,-73.979521954106,40.7685584239299,-73.8784796049089,0.107755415525596,0.0605848836421632,2020.20146334789,2020.24863387978,335800000,hCoV-19/USA/NY-NYUMC193/2020
221,104,0.0417060510132728,40.7170423218806,-73.979521954106,40.7703629277398,-73.9485793622217,0.102290934655436,0.0605848836421632,2020.20146334789,2020.24316939891,335800000,hCoV-19/USA/NY-NYUMC312/2020
222,223,0.0149577376512301,40.7685117039644,-73.9109423138916,40.8013398278045,-73.8339228983553,0.0279804727360047,0.0130227350847746,2020.15390119934,2020.16885893699,335800000,NA
222,228,0.0175808397440539,40.7685117039644,-73.9109423138916,40.7863081844735,-73.8860795247429,0.0306035748288285,0.0130227350847746,2020.15390119934,2020.17148203908,335800000,NA
223,224,0.00049892187860931,40.8013398278045,-73.8339228983553,40.8131009946496,-73.8320439619796,0.028479394614614,0.0279804727360047,2020.16885893699,2020.16935785887,335800000,NA
223,107,0.0770427023495089,40.8013398278045,-73.8339228983553,40.7790452494831,-73.9093402245291,0.105023175085514,0.0279804727360047,2020.16885893699,2020.24590163934,335800000,hCoV-19/USA/NY-NYUMC589/2020
224,227,0.0221380480056146,40.8131009946496,-73.8320439619796,40.7157199905,-73.8826028840624,0.0506174426202286,0.028479394614614,2020.16935785887,2020.19149590687,335800000,NA
224,225,0.0197900603553323,40.8131009946496,-73.8320439619796,40.7491920488497,-73.8732132598561,0.0482694549699463,0.028479394614614,2020.16935785887,2020.18914791922,335800000,NA
225,108,0.0594859605556493,40.7491920488497,-73.8732132598561,40.8299470562498,-73.9078920040658,0.107755415525596,0.0482694549699463,2020.18914791922,2020.24863387978,335800000,hCoV-19/USA/NY-NYUMC199/2020
225,226,0.00383154699469698,40.7491920488497,-73.8732132598561,40.741382138085,-73.8659656276109,0.0521010019646433,0.0482694549699463,2020.18914791922,2020.19297946622,335800000,NA
226,109,0.0419932113807785,40.741382138085,-73.8659656276109,40.8177010134899,-73.8312716311785,0.0940942133454218,0.0521010019646433,2020.19297946622,2020.2349726776,335800000,hCoV-19/USA/NY-NYUMC825/2020
226,110,0.107566981870897,40.741382138085,-73.8659656276109,40.7669725010674,-73.8104108821342,0.15966798383554,0.0521010019646433,2020.19297946622,2020.30054644809,335800000,hCoV-19/USA/NY-NYUMC436/2020
227,112,0.0516734920352074,40.7157199905,-73.8826028840624,40.6978435816112,-73.9920923338634,0.102290934655436,0.0506174426202286,2020.19149590687,2020.24316939891,335800000,hCoV-19/USA/NY-NYUMC319/2020
227,111,0.057137972905367,40.7157199905,-73.8826028840624,40.7840291556198,-73.7778524648704,0.107755415525596,0.0506174426202286,2020.19149590687,2020.24863387978,335800000,hCoV-19/USA/NY-NYUMC593/2020
228,229,0.0199273308259028,40.7863081844735,-73.8860795247429,40.7885653965695,-73.8797946849849,0.0505309056547313,0.0306035748288285,2020.17148203908,2020.19140936991,335800000,NA
228,113,0.0716873598266075,40.7863081844735,-73.8860795247429,40.8918671142442,-73.8595977191749,0.102290934655436,0.0306035748288285,2020.17148203908,2020.24316939891,335800000,hCoV-19/USA/NY-NYUMC524/2020
229,115,0.0408310672508358,40.7885653965695,-73.8797946849849,40.7214057032357,-73.7989507193224,0.0913619729055671,0.0505309056547313,2020.19140936991,2020.23224043716,335800000,hCoV-19/USA/NY-NYUMC706/2020
229,114,0.0435633076906904,40.7885653965695,-73.8797946849849,40.5886407162506,-73.9711411966013,0.0940942133454218,0.0505309056547313,2020.19140936991,2020.2349726776,335800000,hCoV-19/USA/NY-NYUMC796/2020
