node1,node2,length,startLat,startLon,endLat,endLon,endNodeL,startNodeL,startYear,endYear,treeID,tipLabel
116,117,0.00984916367000632,40.6983346710186,-73.8585431801156,40.7320058331374,-73.899179053904,0.00984916367000632,0,2020.14098148944,2020.15083065311,159400000,NA
116,213,0.00945844968857962,40.6983346710186,-73.8585431801156,40.6914474854752,-73.8659848090565,0.00945844968857962,0,2020.14098148944,2020.15043993913,159400000,NA
117,123,0.00177743791569832,40.7320058331374,-73.899179053904,40.7426793474441,-73.9108437134891,0.0116266015857046,0.00984916367000632,2020.15083065311,2020.15260809102,159400000,NA
117,118,0.013979092113703,40.7320058331374,-73.899179053904,40.6834118871763,-73.8728503200661,0.0238282557837094,0.00984916367000632,2020.15083065311,2020.16480974522,159400000,NA
118,119,0.00110477750398688,40.6834118871763,-73.8728503200661,40.6810918943699,-73.8748881297426,0.0249330332876962,0.0238282557837094,2020.16480974522,2020.16591452272,159400000,NA
118,120,0.00100459628374602,40.6834118871763,-73.8728503200661,40.66884999023,-73.8810233412167,0.0248328520674554,0.0238282557837094,2020.16480974522,2020.1658143415,159400000,NA
119,1,0.0635936739910631,40.6810918943699,-73.8748881297426,40.7377512422397,-73.8996909571257,0.0885267072787593,0.0249330332876962,2020.16591452272,2020.22950819672,159400000,hCoV-19/USA/NY-NYUMC786/2020
119,2,0.134631925361118,40.6810918943699,-73.8748881297426,40.8802618065014,-73.9136062455795,0.159564958648814,0.0249330332876962,2020.16591452272,2020.30054644809,159400000,hCoV-19/USA/NY-NYUMC457/2020
120,3,0.0691583360912406,40.66884999023,-73.8810233412167,40.6909318207711,-73.8196724602627,0.093991188158696,0.0248328520674554,2020.1658143415,2020.2349726776,159400000,hCoV-19/USA/NY-NYUMC788/2020
120,121,0.00448359644348081,40.66884999023,-73.8810233412167,40.6548916002647,-73.9176863780033,0.0293164485109362,0.0248328520674554,2020.1658143415,2020.17029793795,159400000,NA
121,122,0.000416173182380769,40.6548916002647,-73.9176863780033,40.6601428024265,-73.9154671348329,0.029732621693317,0.0293164485109362,2020.17029793795,2020.17071411113,159400000,NA
121,6,0.0892649035778026,40.6548916002647,-73.9176863780033,40.6050675425224,-73.9262005114474,0.118581352088739,0.0293164485109362,2020.17029793795,2020.25956284153,159400000,hCoV-19/USA/NY-NYUMC236/2020
122,4,0.064258566465379,40.6601428024265,-73.9154671348329,40.6810491288933,-73.762050467689,0.093991188158696,0.029732621693317,2020.17071411113,2020.2349726776,159400000,hCoV-19/USA/NY-NYUMC767/2020
122,5,0.110706653895387,40.6601428024265,-73.9154671348329,40.7773642625451,-73.9804147028049,0.140439275588704,0.029732621693317,2020.17071411113,2020.28142076503,159400000,hCoV-19/USA/NY-NYUMC389/2020
123,124,0.00200642192044548,40.7426793474441,-73.9108437134891,40.7301418594353,-73.907125948779,0.0136330235061501,0.0116266015857046,2020.15260809102,2020.15461451294,159400000,NA
123,207,0.00398428998033612,40.7426793474441,-73.9108437134891,40.7409531105088,-73.9284637486573,0.0156108915660408,0.0116266015857046,2020.15260809102,2020.156592381,159400000,NA
124,194,0.00245620133799024,40.7301418594353,-73.907125948779,40.7308348312459,-73.882275994199,0.0160892248441404,0.0136330235061501,2020.15461451294,2020.15707071428,159400000,NA
124,125,0.00496314285763771,40.7301418594353,-73.907125948779,40.7105459530396,-73.9199209615279,0.0185961663637878,0.0136330235061501,2020.15461451294,2020.1595776558,159400000,NA
125,167,0.00176452628241219,40.7105459530396,-73.9199209615279,40.7463195022937,-73.9073734773461,0.0203606926462,0.0185961663637878,2020.1595776558,2020.16134218208,159400000,NA
125,126,0.000644318065789545,40.7105459530396,-73.9199209615279,40.7084162389431,-73.9261807810331,0.0192404844295774,0.0185961663637878,2020.1595776558,2020.16022197387,159400000,NA
126,151,0.00101674431517332,40.7084162389431,-73.9261807810331,40.6986859837236,-73.9325269397693,0.0202572287447507,0.0192404844295774,2020.16022197387,2020.16123871818,159400000,NA
126,127,0.00247782950415892,40.7084162389431,-73.9261807810331,40.7128933408227,-73.9144677157552,0.0217183139337363,0.0192404844295774,2020.16022197387,2020.16269980337,159400000,NA
127,132,0.0013276359717963,40.7128933408227,-73.9144677157552,40.7247737725194,-73.9368442262501,0.0230459499055326,0.0217183139337363,2020.16269980337,2020.16402743934,159400000,NA
127,128,0.00256864550549046,40.7128933408227,-73.9144677157552,40.7334139321965,-73.8939017715604,0.0242869594392268,0.0217183139337363,2020.16269980337,2020.16526844888,159400000,NA
128,130,0.00151065695773397,40.7334139321965,-73.8939017715604,40.7240055314434,-73.8920081797366,0.0257976163969607,0.0242869594392268,2020.16526844888,2020.16677910583,159400000,NA
128,129,0.000406860697562184,40.7334139321965,-73.8939017715604,40.7368713346729,-73.8989677906353,0.0246938201367889,0.0242869594392268,2020.16526844888,2020.16567530957,159400000,NA
129,8,0.0884230510820176,40.7368713346729,-73.8989677906353,40.7541399264678,-73.9121840364997,0.113116871218807,0.0246938201367889,2020.16567530957,2020.25409836066,159400000,hCoV-19/USA/NY-NYUMC602/2020
129,7,0.0692973680219071,40.7368713346729,-73.8989677906353,40.6688046807674,-73.7778079124982,0.093991188158696,0.0246938201367889,2020.16567530957,2020.2349726776,159400000,hCoV-19/USA/NY-NYUMC811/2020
130,9,0.150160784871882,40.7240055314434,-73.8920081797366,40.7208013953516,-73.9803223140162,0.175958401268843,0.0257976163969607,2020.16677910583,2020.31693989071,159400000,hCoV-19/USA/NY-NYUMC902/2020
130,131,0.00811834358270203,40.7240055314434,-73.8920081797366,40.750792435949,-73.9380748424439,0.0339159599796628,0.0257976163969607,2020.16677910583,2020.17489744942,159400000,NA
131,10,0.0354850642392134,40.750792435949,-73.9380748424439,40.7900195438269,-73.9788875383427,0.0694010242188762,0.0339159599796628,2020.17489744942,2020.21038251366,159400000,hCoV-19/USA/NY-NYUMC120/2020
131,11,0.0600752281790332,40.750792435949,-73.9380748424439,40.8479430292651,-73.9198629133241,0.093991188158696,0.0339159599796628,2020.17489744942,2020.2349726776,159400000,hCoV-19/USA/NY-NYUMC792/2020
132,133,0.00132357185393703,40.7247737725194,-73.9368442262501,40.7195306863959,-73.9394625532557,0.0243695217594696,0.0230459499055326,2020.16402743934,2020.1653510112,159400000,NA
132,148,0.000706717696095427,40.7247737725194,-73.9368442262501,40.7184940089304,-73.9340855756319,0.023752667601628,0.0230459499055326,2020.16402743934,2020.16473415704,159400000,NA
133,134,7.50604767844054e-05,40.7195306863959,-73.9394625532557,40.7208421372727,-73.9347474719518,0.024444582236254,0.0243695217594696,2020.1653510112,2020.16542607167,159400000,NA
133,145,0.00467541925996942,40.7195306863959,-73.9394625532557,40.7396704508906,-73.9432303203061,0.0290449410194391,0.0243695217594696,2020.1653510112,2020.17002643046,159400000,NA
134,144,0.000258990106350387,40.7208421372727,-73.9347474719518,40.7232179140153,-73.9290203860942,0.0247035723426044,0.024444582236254,2020.16542607167,2020.16568506178,159400000,NA
134,135,0.000186331433646963,40.7208421372727,-73.9347474719518,40.7161839524932,-73.9390220260617,0.024630913669901,0.024444582236254,2020.16542607167,2020.16561240311,159400000,NA
135,136,0.000345330236434432,40.7161839524932,-73.9390220260617,40.718588659041,-73.947886384615,0.0249762439063354,0.024630913669901,2020.16561240311,2020.16595773334,159400000,NA
135,142,0.00581917087900313,40.7161839524932,-73.9390220260617,40.6670860980216,-73.9591139640579,0.0304500845489041,0.024630913669901,2020.16561240311,2020.17143157399,159400000,NA
136,138,0.00427985536058947,40.718588659041,-73.947886384615,40.7419242524674,-73.9514585291476,0.0292560992669249,0.0249762439063354,2020.16595773334,2020.1702375887,159400000,NA
136,137,0.00294999838446119,40.718588659041,-73.947886384615,40.6926112685571,-73.9370578253025,0.0279262422907966,0.0249762439063354,2020.16595773334,2020.16890773173,159400000,NA
137,13,0.0742616671779136,40.6926112685571,-73.9370578253025,40.7789947891761,-73.9571031790332,0.10218790946871,0.0279262422907966,2020.16890773173,2020.24316939891,159400000,hCoV-19/USA/NY-NYUMC522/2020
137,12,0.0414747819280795,40.6926112685571,-73.9370578253025,40.6172819144956,-73.981848332585,0.0694010242188762,0.0279262422907966,2020.16890773173,2020.21038251366,159400000,hCoV-19/USA/NY-NYUMC82/2020
138,140,0.0025036589472715,40.7419242524674,-73.9514585291476,40.7238476881459,-73.9399921309775,0.0317597582141964,0.0292560992669249,2020.1702375887,2020.17274124765,159400000,NA
138,139,0.00344547017193889,40.7419242524674,-73.9514585291476,40.7377457881881,-73.9474291816803,0.0327015694388638,0.0292560992669249,2020.1702375887,2020.17368305888,159400000,NA
139,14,0.0804153017799427,40.7377457881881,-73.9474291816803,40.6914123560652,-73.8232457742389,0.113116871218807,0.0327015694388638,2020.17368305888,2020.25409836066,159400000,hCoV-19/USA/NY-NYUMC598/2020
139,15,0.0776830613398607,40.7377457881881,-73.9474291816803,40.7372474897535,-73.8360832900241,0.110384630778725,0.0327015694388638,2020.17368305888,2020.25136612022,159400000,hCoV-19/USA/NY-NYUMC647/2020
140,18,0.0376412660046798,40.7238476881459,-73.9399921309775,40.8762876680981,-73.9026105215071,0.0694010242188762,0.0317597582141964,2020.17274124765,2020.21038251366,159400000,hCoV-19/USA/NY-NYUMC38/2020
140,141,0.00261914295030247,40.7238476881459,-73.9399921309775,40.7015931734651,-73.9560587868157,0.0343789011644989,0.0317597582141964,2020.17274124765,2020.1753603906,159400000,NA
141,17,0.070541248734289,40.7015931734651,-73.9560587868157,40.7086396565438,-73.848961127929,0.104920149898788,0.0343789011644989,2020.1753603906,2020.24590163934,159400000,hCoV-19/USA/NY-NYUMC560/2020
141,16,0.0541478061142605,40.7015931734651,-73.9560587868157,40.7250498538332,-73.9944254085499,0.0885267072787593,0.0343789011644989,2020.1753603906,2020.22950819672,159400000,hCoV-19/USA/NY-NYUMC823/2020
142,143,0.00481854938250573,40.6670860980216,-73.9591139640579,40.6342179702359,-73.9658812331864,0.0352686339314099,0.0304500845489041,2020.17143157399,2020.17625012337,159400000,NA
142,19,0.0799345462298204,40.6670860980216,-73.9591139640579,40.6794533247556,-73.8623804544818,0.110384630778725,0.0304500845489041,2020.17143157399,2020.25136612022,159400000,hCoV-19/USA/NY-NYUMC323/2020
143,21,0.0805804777174743,40.6342179702359,-73.9658812331864,40.6111728111409,-74.0306026069292,0.115849111648884,0.0352686339314099,2020.17625012337,2020.25683060109,159400000,hCoV-19/USA/NY-NYUMC295/2020
143,20,0.105170641657294,40.6342179702359,-73.9658812331864,40.5891678406772,-74.1469570450871,0.140439275588704,0.0352686339314099,2020.17625012337,2020.28142076503,159400000,hCoV-19/USA/NY-NYUMC405/2020
144,23,0.0774843371261058,40.7232179140153,-73.9290203860942,40.6680304230839,-73.7756889246019,0.10218790946871,0.0247035723426044,2020.16568506178,2020.24316939891,159400000,hCoV-19/USA/NY-NYUMC315/2020
144,22,0.13486138630621,40.7232179140153,-73.9290203860942,40.6685054548865,-73.8290085446559,0.159564958648814,0.0247035723426044,2020.16568506178,2020.30054644809,159400000,hCoV-19/USA/NY-NYUMC455/2020
145,146,0.00253739600325509,40.7396704508906,-73.9432303203061,40.7359023942634,-73.927783348322,0.0315823370226941,0.0290449410194391,2020.17002643046,2020.17256382646,159400000,NA
145,27,0.0731429684492712,40.7396704508906,-73.9432303203061,40.6687172388355,-73.9572236610492,0.10218790946871,0.0290449410194391,2020.17002643046,2020.24316939891,159400000,hCoV-19/USA/NY-NYUMC413/2020
146,24,0.037818687196182,40.7359023942634,-73.927783348322,40.777743487841,-73.9518013270567,0.0694010242188762,0.0315823370226941,2020.17256382646,2020.21038251366,159400000,hCoV-19/USA/NY-NYUMC673/2020
146,147,0.002631444501587,40.7359023942634,-73.927783348322,40.7254917222202,-73.9034497578958,0.0342137815242811,0.0315823370226941,2020.17256382646,2020.17519527096,159400000,NA
147,25,0.0980287727544085,40.7254917222202,-73.9034497578958,40.7849678433619,-73.8515921671349,0.13224255427869,0.0342137815242811,2020.17519527096,2020.27322404372,159400000,hCoV-19/USA/NY-NYUMC654/2020
147,26,0.035187242694595,40.7254917222202,-73.9034497578958,40.6831259909713,-73.7809490803789,0.0694010242188762,0.0342137815242811,2020.17519527096,2020.21038251366,159400000,hCoV-19/USA/NY-NYUMC659/2020
148,149,0.00945433389172234,40.7184940089304,-73.9340855756319,40.7597436898153,-73.8809653145942,0.0332070014933504,0.023752667601628,2020.16473415704,2020.17418849093,159400000,NA
148,31,0.0784352418670822,40.7184940089304,-73.9340855756319,40.553989855272,-74.1158740343626,0.10218790946871,0.023752667601628,2020.16473415704,2020.24316939891,159400000,hCoV-19/USA/NY-NYUMC550/2020
149,150,0.00103200828167771,40.7597436898153,-73.8809653145942,40.7411348900049,-73.8719649602155,0.0342390097750281,0.0332070014933504,2020.17418849093,2020.17522049921,159400000,NA
149,28,0.0689809079753599,40.7597436898153,-73.8809653145942,40.8834703978805,-73.9117501296647,0.10218790946871,0.0332070014933504,2020.17418849093,2020.24316939891,159400000,hCoV-19/USA/NY-NYUMC519/2020
150,30,0.0761456210036964,40.7411348900049,-73.8719649602155,40.8316369096351,-73.9180837614849,0.110384630778725,0.0342390097750281,2020.17522049921,2020.25136612022,159400000,hCoV-19/USA/NY-NYUMC621/2020
150,29,0.0761456210036964,40.7411348900049,-73.8719649602155,40.8501959648434,-73.9046874548666,0.110384630778725,0.0342390097750281,2020.17522049921,2020.25136612022,159400000,hCoV-19/USA/NY-NYUMC613/2020
151,152,0.00479590429888274,40.6986859837236,-73.9325269397693,40.6860294469847,-73.9638161216685,0.0250531330436334,0.0202572287447507,2020.16123871818,2020.16603462248,159400000,NA
151,154,0.00357314621512289,40.6986859837236,-73.9325269397693,40.6796403644485,-73.9950873546383,0.0238303749598736,0.0202572287447507,2020.16123871818,2020.1648118644,159400000,NA
152,153,0.00274543131327365,40.6860294469847,-73.9638161216685,40.6961916652458,-73.9173925262333,0.0277985643569071,0.0250531330436334,2020.16603462248,2020.16878005379,159400000,NA
152,34,0.10172494035512,40.6860294469847,-73.9638161216685,40.6067764966501,-74.0284017920478,0.126778073398753,0.0250531330436334,2020.16603462248,2020.26775956284,159400000,hCoV-19/USA/NY-NYUMC335/2020
153,32,0.0825860664218174,40.6961916652458,-73.9173925262333,40.7441382114543,-73.9943830602391,0.110384630778725,0.0277985643569071,2020.16878005379,2020.25136612022,159400000,hCoV-19/USA/NY-NYUMC608/2020
153,33,0.0416024598619691,40.6961916652458,-73.9173925262333,40.6336784001767,-74.0143189051405,0.0694010242188762,0.0277985643569071,2020.16878005379,2020.21038251366,159400000,hCoV-19/USA/NY-NYUMC97/2020
154,48,0.0537673705690168,40.6796403644485,-73.9950873546383,40.7641501850388,-73.9126555323891,0.0775977455288904,0.0238303749598736,2020.1648118644,2020.21857923497,159400000,hCoV-19/USA/NY-NYUMC765/2020
154,155,0.000846728747168457,40.6796403644485,-73.9950873546383,40.6545798826868,-74.0116229537522,0.024677103707042,0.0238303749598736,2020.1648118644,2020.16565859314,159400000,NA
155,156,0.000103912617680391,40.6545798826868,-74.0116229537522,40.6493612502352,-74.01337336855,0.0247810163247224,0.024677103707042,2020.16565859314,2020.16576250576,159400000,NA
155,47,0.0638496035717173,40.6545798826868,-74.0116229537522,40.6654513655317,-73.950649578401,0.0885267072787593,0.024677103707042,2020.16565859314,2020.22950819672,159400000,hCoV-19/USA/NY-NYUMC828/2020
156,160,0.000266263894338786,40.6493612502352,-74.01337336855,40.6452325478102,-74.0157574304762,0.0250472802190612,0.0247810163247224,2020.16576250576,2020.16602876966,159400000,NA
156,157,0.000211928280253404,40.6493612502352,-74.01337336855,40.64482929366,-74.0162163320866,0.0249929446049758,0.0247810163247224,2020.16576250576,2020.16597443404,159400000,NA
157,159,0.00863350207411206,40.64482929366,-74.0162163320866,40.6417563882679,-74.0066378860439,0.0336264466790879,0.0249929446049758,2020.16597443404,2020.17460793612,159400000,NA
157,158,0.00880619438785754,40.64482929366,-74.0162163320866,40.6385386935783,-73.9873234528453,0.0337991389928334,0.0249929446049758,2020.16597443404,2020.17478062843,159400000,NA
158,35,0.0356018852260428,40.6385386935783,-73.9873234528453,40.6292452213414,-74.023980052552,0.0694010242188762,0.0337991389928334,2020.17478062843,2020.21038251366,159400000,hCoV-19/USA/NY-NYUMC923/2020
158,36,0.0410663661059795,40.6385386935783,-73.9873234528453,40.6134927676058,-73.9495550631658,0.0748655050988128,0.0337991389928334,2020.17478062843,2020.21584699454,159400000,hCoV-19/USA/NY-NYUMC753/2020
159,38,0.0767581840996366,40.6417563882679,-74.0066378860439,40.5933468783976,-73.960198574249,0.110384630778725,0.0336264466790879,2020.17460793612,2020.25136612022,159400000,hCoV-19/USA/NY-NYUMC250/2020
159,37,0.0767581840996366,40.6417563882679,-74.0066378860439,40.6939227168328,-73.7538659411165,0.110384630778725,0.0336264466790879,2020.17460793612,2020.25136612022,159400000,hCoV-19/USA/NY-NYUMC617/2020
160,46,0.0962663123097596,40.6452325478102,-74.0157574304762,40.6152405919818,-74.03837802312,0.121313592528821,0.0250472802190612,2020.16602876966,2020.26229508197,159400000,hCoV-19/USA/NY-NYUMC274/2020
160,161,0.00108058907605324,40.6452325478102,-74.0157574304762,40.6632941757027,-74.0060683962828,0.0261278692951145,0.0250472802190612,2020.16602876966,2020.16710935873,159400000,NA
161,162,0.0032089278469272,40.6632941757027,-74.0060683962828,40.6292994832667,-74.0047958420619,0.0293367971420417,0.0261278692951145,2020.16710935873,2020.17031828658,159400000,NA
161,165,0.00301168135072841,40.6632941757027,-74.0060683962828,40.6792719260534,-73.9937644595059,0.0291395506458429,0.0261278692951145,2020.16710935873,2020.17012104008,159400000,NA
162,42,0.0783155931968282,40.6292994832667,-74.0047958420619,40.5966541265131,-74.0001253797246,0.10765239033887,0.0293367971420417,2020.17031828658,2020.24863387978,159400000,hCoV-19/USA/NY-NYUMC144/2020
162,163,0.00153974200052714,40.6292994832667,-74.0047958420619,40.6381535823489,-74.0064160984009,0.0308765391425688,0.0293367971420417,2020.17031828658,2020.17185802858,159400000,NA
163,164,0.00279290549431865,40.6381535823489,-74.0064160984009,40.6383142263277,-74.0006334094327,0.0336694446368875,0.0308765391425688,2020.17185802858,2020.17465093407,159400000,NA
163,41,0.0631146490161272,40.6381535823489,-74.0064160984009,40.6118393200168,-74.0253056027361,0.093991188158696,0.0308765391425688,2020.17185802858,2020.2349726776,159400000,hCoV-19/USA/NY-NYUMC804/2020
164,39,0.0794474265819191,40.6383142263277,-74.0006334094327,40.6448675988566,-74.0129848272053,0.113116871218807,0.0336694446368875,2020.17465093407,2020.25409836066,159400000,hCoV-19/USA/NY-NYUMC217/2020
164,40,0.0876441478919333,40.6383142263277,-74.0006334094327,40.574682997644,-74.1184937420763,0.121313592528821,0.0336694446368875,2020.17465093407,2020.26229508197,159400000,hCoV-19/USA/NY-NYUMC230/2020
165,43,0.0375292331329513,40.6792719260534,-73.9937644595059,40.605456475042,-73.9355586895555,0.0666687837787941,0.0291395506458429,2020.17012104008,2020.20765027322,159400000,hCoV-19/USA/NY-NYUMC18/2020
165,166,0.00553129295969351,40.6792719260534,-73.9937644595059,40.6850828784079,-74.0409517245565,0.0346708436055364,0.0291395506458429,2020.17012104008,2020.17565233304,159400000,NA
166,45,0.056588104113305,40.6850828784079,-74.0409517245565,40.6489716120887,-73.8504584581818,0.0912589477188414,0.0346708436055364,2020.17565233304,2020.23224043716,159400000,hCoV-19/USA/NY-NYUMC732/2020
166,44,0.0347301806133398,40.6850828784079,-74.0409517245565,40.5835361354102,-74.1897432923967,0.0694010242188762,0.0346708436055364,2020.17565233304,2020.21038251366,159400000,hCoV-19/USA/NY-NYUMC118/2020
167,168,0.00123864411666141,40.7463195022937,-73.9073734773461,40.7776540660709,-73.9247198337565,0.0215993367628614,0.0203606926462,2020.16134218208,2020.1625808262,159400000,NA
167,172,0.00223075576903214,40.7463195022937,-73.9073734773461,40.7429108777992,-73.8988492248473,0.0225914484152322,0.0203606926462,2020.16134218208,2020.16357293785,159400000,NA
168,49,0.0915175344559451,40.7776540660709,-73.9247198337565,40.7925812072459,-73.9483365136793,0.113116871218807,0.0215993367628614,2020.1625808262,2020.25409836066,159400000,hCoV-19/USA/NY-NYUMC252/2020
168,169,0.00331279592234837,40.7776540660709,-73.9247198337565,40.79363249364,-73.9309810653853,0.0249121326852098,0.0215993367628614,2020.1625808262,2020.16589362212,159400000,NA
169,50,0.0444888915336664,40.79363249364,-73.9309810653853,40.8181614505972,-73.9122826088561,0.0694010242188762,0.0249121326852098,2020.16589362212,2020.21038251366,159400000,hCoV-19/USA/NY-NYUMC98/2020
169,170,0.00685752757020081,40.79363249364,-73.9309810653853,40.8024438779732,-73.8845548718991,0.0317696602554106,0.0249121326852098,2020.16589362212,2020.17275114969,159400000,NA
170,53,0.0376313639634656,40.8024438779732,-73.8845548718991,40.8382009170989,-73.9312211632961,0.0694010242188762,0.0317696602554106,2020.17275114969,2020.21038251366,159400000,hCoV-19/USA/NY-NYUMC58/2020
170,171,0.00308852956133232,40.8024438779732,-73.8845548718991,40.7620577230659,-73.884979148432,0.0348581898167429,0.0317696602554106,2020.17275114969,2020.17583967925,159400000,NA
171,52,0.0919198835820101,40.7620577230659,-73.884979148432,40.7503489458025,-73.8833064187928,0.126778073398753,0.0348581898167429,2020.17583967925,2020.26775956284,159400000,hCoV-19/USA/NY-NYUMC343/2020
171,51,0.0345428344021332,40.7620577230659,-73.884979148432,40.7499442186665,-73.7836788835903,0.0694010242188762,0.0348581898167429,2020.17583967925,2020.21038251366,159400000,hCoV-19/USA/NY-NYUMC664/2020
172,189,0.00152117634556484,40.7429108777992,-73.8988492248473,40.7546426754307,-73.889123151764,0.024112624760797,0.0225914484152322,2020.16357293785,2020.1650941142,159400000,NA
172,173,0.000638297053560777,40.7429108777992,-73.8988492248473,40.7261361232208,-73.8957309974335,0.0232297454687929,0.0225914484152322,2020.16357293785,2020.16421123491,159400000,NA
173,54,0.0898871257500136,40.7261361232208,-73.8957309974335,40.812422822372,-73.9652792975437,0.113116871218807,0.0232297454687929,2020.16421123491,2020.25409836066,159400000,hCoV-19/USA/NY-NYUMC214/2020
173,174,0.00022872338019897,40.7261361232208,-73.8957309974335,40.7254819611757,-73.896285083669,0.0234584688489919,0.0232297454687929,2020.16421123491,2020.16443995829,159400000,NA
174,175,0.000885519294194226,40.7254819611757,-73.896285083669,40.7419715020481,-73.8944683266679,0.0243439881431861,0.0234584688489919,2020.16443995829,2020.16532547758,159400000,NA
174,180,0.00143391265397547,40.7254819611757,-73.896285083669,40.7096497049185,-73.9109718680553,0.0248923815029674,0.0234584688489919,2020.16443995829,2020.16587387094,159400000,NA
175,176,0.000589388200166269,40.7419715020481,-73.8944683266679,40.744129266673,-73.9028195239066,0.0249333763433524,0.0243439881431861,2020.16532547758,2020.16591486578,159400000,NA
175,60,0.0778439213255241,40.7419715020481,-73.8944683266679,40.7650854401131,-73.9119679895446,0.10218790946871,0.0243439881431861,2020.16532547758,2020.24316939891,159400000,hCoV-19/USA/NY-NYUMC504/2020
176,177,6.68727264443725e-05,40.744129266673,-73.9028195239066,40.7397369640761,-73.9015183942117,0.0250002490697968,0.0249333763433524,2020.16591486578,2020.16598173851,159400000,NA
176,55,0.0444676478755238,40.744129266673,-73.9028195239066,40.8253841614649,-73.8695040934939,0.0694010242188762,0.0249333763433524,2020.16591486578,2020.21038251366,159400000,hCoV-19/USA/NY-NYUMC92/2020
177,178,0.00691001395750154,40.7397369640761,-73.9015183942117,40.71338905339,-73.8745879475732,0.0319102630272983,0.0250002490697968,2020.16598173851,2020.17289175246,159400000,NA
177,59,0.0771876603989135,40.7397369640761,-73.9015183942117,40.7962734129865,-73.9415466687136,0.10218790946871,0.0250002490697968,2020.16598173851,2020.24316939891,159400000,hCoV-19/USA/NY-NYUMC518/2020
178,179,0.00292326920713448,40.71338905339,-73.8745879475732,40.7403612555178,-73.8705443594795,0.0348335322344328,0.0319102630272983,2020.17289175246,2020.17581502167,159400000,NA
178,58,0.0702776464414119,40.71338905339,-73.8745879475732,40.5814922328351,-73.8259079163823,0.10218790946871,0.0319102630272983,2020.17289175246,2020.24316939891,159400000,hCoV-19/USA/NY-NYUMC511/2020
179,56,0.0728188581044371,40.7403612555178,-73.8705443594795,40.6538363801502,-73.980360750428,0.10765239033887,0.0348335322344328,2020.17581502167,2020.24863387978,159400000,hCoV-19/USA/NY-NYUMC203/2020
179,57,0.0728188581044371,40.7403612555178,-73.8705443594795,40.646831340791,-74.0150392714286,0.10765239033887,0.0348335322344328,2020.17581502167,2020.24863387978,159400000,hCoV-19/USA/NY-NYUMC206/2020
180,181,1.35476757693043e-05,40.7096497049185,-73.9109718680553,40.7079635640035,-73.9123374991007,0.0249059291787367,0.0248923815029674,2020.16587387094,2020.16588741862,159400000,NA
180,185,0.00014799602373089,40.7096497049185,-73.9109718680553,40.711710621218,-73.9117006084564,0.0250403775266983,0.0248923815029674,2020.16587387094,2020.16602186696,159400000,NA
181,183,0.000130264964436244,40.7079635640035,-73.9123374991007,40.7102304906422,-73.9209382989963,0.0250361941431729,0.0249059291787367,2020.16588741862,2020.16601768358,159400000,NA
181,182,7.01249769483325e-05,40.7079635640035,-73.9123374991007,40.7092993962769,-73.9158865495757,0.024976054155685,0.0249059291787367,2020.16588741862,2020.16595754359,159400000,NA
182,62,0.0826763361831848,40.7092993962769,-73.9158865495757,40.6110341595326,-74.1692043756581,0.10765239033887,0.024976054155685,2020.16595754359,2020.24863387978,159400000,hCoV-19/USA/NY-NYUMC173/2020
182,61,0.0881408170631215,40.7092993962769,-73.9158865495757,40.7303701647368,-73.8866333601109,0.113116871218807,0.024976054155685,2020.16595754359,2020.25409836066,159400000,hCoV-19/USA/NY-NYUMC597/2020
183,184,0.00829588459468433,40.7102304906422,-73.9209382989963,40.7178637426456,-73.9288602450126,0.0333320787378573,0.0250361941431729,2020.16601768358,2020.17431356818,159400000,NA
183,63,0.0443648300757032,40.7102304906422,-73.9209382989963,40.6277473474532,-73.9875560935535,0.0694010242188762,0.0250361941431729,2020.16601768358,2020.21038251366,159400000,hCoV-19/USA/NY-NYUMC116/2020
184,65,0.0743203116010126,40.7178637426456,-73.9288602450126,40.8047637852378,-73.9033705317336,0.10765239033887,0.0333320787378573,2020.17431356818,2020.24863387978,159400000,hCoV-19/USA/NY-NYUMC160/2020
184,64,0.0579268689809841,40.7178637426456,-73.9288602450126,40.5947144602907,-73.9357058236911,0.0912589477188414,0.0333320787378573,2020.17431356818,2020.23224043716,159400000,hCoV-19/USA/NY-NYUMC698/2020
185,70,0.0443606466921779,40.711710621218,-73.9117006084564,40.6546168001901,-73.7441354372391,0.0694010242188762,0.0250403775266983,2020.16602186696,2020.21038251366,159400000,hCoV-19/USA/NY-NYUMC89/2020
185,186,0.00409723253842575,40.711710621218,-73.9117006084564,40.6700667274189,-73.9221378980027,0.029137610065124,0.0250403775266983,2020.16602186696,2020.1701190995,159400000,NA
186,69,0.0785147802737458,40.6700667274189,-73.9221378980027,40.7368623093924,-74.005762552901,0.10765239033887,0.029137610065124,2020.1701190995,2020.24863387978,159400000,hCoV-19/USA/NY-NYUMC204/2020
186,187,0.000301711533452043,40.6700667274189,-73.9221378980027,40.6727373512607,-73.923772848764,0.0294393215985761,0.029137610065124,2020.1701190995,2020.17042081104,159400000,NA
187,188,0.034482551655384,40.6727373512607,-73.923772848764,40.8358481131378,-73.8435402351927,0.06392187325396,0.0294393215985761,2020.17042081104,2020.20490336269,159400000,NA
187,66,0.0618196261202653,40.6727373512607,-73.923772848764,40.6051641866784,-73.945295817838,0.0912589477188414,0.0294393215985761,2020.17042081104,2020.23224043716,159400000,hCoV-19/USA/NY-NYUMC701/2020
188,68,0.114768768454738,40.8358481131378,-73.8435402351927,40.8525809483289,-73.8824918548016,0.178690641708698,0.06392187325396,2020.20490336269,2020.31967213115,159400000,hCoV-19/USA/NY-NYUMC904/2020
188,67,0.0437305170849098,40.8358481131378,-73.8435402351927,40.8752475410637,-73.8308761485969,0.10765239033887,0.06392187325396,2020.20490336269,2020.24863387978,159400000,hCoV-19/USA/NY-NYUMC591/2020
189,190,0.00135244123635114,40.7546426754307,-73.889123151764,40.7425009114003,-73.8987686492558,0.0254650659971482,0.024112624760797,2020.1650941142,2020.16644655543,159400000,NA
189,192,0.00665604525562322,40.7546426754307,-73.889123151764,40.7486794147707,-73.8971110716352,0.0307686700164202,0.024112624760797,2020.1650941142,2020.17175015945,159400000,NA
190,191,0.00309268541415811,40.7425009114003,-73.8987686492558,40.7553380096477,-73.8849473443145,0.0285577514113063,0.0254650659971482,2020.16644655543,2020.16953924085,159400000,NA
190,73,0.043935958221728,40.7425009114003,-73.8987686492558,40.6793738301739,-73.7276249957336,0.0694010242188762,0.0254650659971482,2020.16644655543,2020.21038251366,159400000,hCoV-19/USA/NY-NYUMC49/2020
191,72,0.0490399941175842,40.7553380096477,-73.8849473443145,40.6169504938103,-74.0016745372953,0.0775977455288904,0.0285577514113063,2020.16953924085,2020.21857923497,159400000,hCoV-19/USA/NY-NYUMC742/2020
191,71,0.0627011963075351,40.7553380096477,-73.8849473443145,40.8743030412893,-73.8244020667962,0.0912589477188414,0.0285577514113063,2020.16953924085,2020.23224043716,159400000,hCoV-19/USA/NY-NYUMC739/2020
192,193,0.00398864816341174,40.7486794147707,-73.8971110716352,40.7387442050861,-73.8982172820934,0.034757318179832,0.0307686700164202,2020.17175015945,2020.17573880762,159400000,NA
192,74,0.07141923945229,40.7486794147707,-73.8971110716352,40.7342852200252,-73.9908421658294,0.10218790946871,0.0307686700164202,2020.17175015945,2020.24316939891,159400000,hCoV-19/USA/NY-NYUMC523/2020
193,75,0.0346437060390442,40.7387442050861,-73.8982172820934,40.861592470062,-73.9039698337492,0.0694010242188762,0.034757318179832,2020.17573880762,2020.21038251366,159400000,hCoV-19/USA/NY-NYUMC121/2020
193,76,0.0920207552189211,40.7387442050861,-73.8982172820934,40.6385159955933,-73.8827574963688,0.126778073398753,0.034757318179832,2020.17573880762,2020.26775956284,159400000,hCoV-19/USA/NY-NYUMC356/2020
194,77,0.0915631654947295,40.7308348312459,-73.882275994199,40.6533040647924,-73.9651679829441,0.10765239033887,0.0160892248441404,2020.15707071428,2020.24863387978,159400000,hCoV-19/USA/NY-NYUMC147/2020
194,195,0.00779968985193549,40.7308348312459,-73.882275994199,40.7131074876516,-73.9414511912161,0.0238889146960758,0.0160892248441404,2020.15707071428,2020.16487040413,159400000,NA
195,196,0.000730005796984845,40.7131074876516,-73.9414511912161,40.7193700722649,-73.9284903419986,0.0246189204930607,0.0238889146960758,2020.16487040413,2020.16560040993,159400000,NA
195,90,0.0892279565227307,40.7131074876516,-73.9414511912161,40.5755737779487,-73.9729160623158,0.113116871218807,0.0238889146960758,2020.16487040413,2020.25409836066,159400000,hCoV-19/USA/NY-NYUMC890/2020
196,202,0.000233992462437438,40.7193700722649,-73.9284903419986,40.7213931902215,-73.9335738570192,0.0248529129554981,0.0246189204930607,2020.16560040993,2020.16583440239,159400000,NA
196,197,0.00033383582869817,40.7193700722649,-73.9284903419986,40.7231388519003,-73.932497292061,0.0249527563217589,0.0246189204930607,2020.16560040993,2020.16593424576,159400000,NA
197,83,0.082699634017111,40.7231388519003,-73.932497292061,40.7255477471131,-73.8960761132324,0.10765239033887,0.0249527563217589,2020.16593424576,2020.24863387978,159400000,hCoV-19/USA/NY-NYUMC197/2020
197,198,0.000860193229157619,40.7231388519003,-73.932497292061,40.7368523007446,-73.93137450287,0.0258129495509165,0.0249527563217589,2020.16593424576,2020.16679443899,159400000,NA
198,199,0.00485316221849022,40.7368523007446,-73.93137450287,40.7281670718846,-73.9283734655136,0.0306661117694067,0.0258129495509165,2020.16679443899,2020.17164760121,159400000,NA
198,82,0.182932336967988,40.7368523007446,-73.93137450287,40.8185649072773,-73.8731335848325,0.208745286518904,0.0258129495509165,2020.16679443899,2020.34972677596,159400000,hCoV-19/USA/NY-NYUMC914/2020
199,81,0.0769862785694632,40.7281670718846,-73.9283734655136,40.821853079012,-73.8728960823823,0.10765239033887,0.0306661117694067,2020.17164760121,2020.24863387978,159400000,hCoV-19/USA/NY-NYUMC161/2020
199,200,0.00162407724678246,40.7281670718846,-73.9283734655136,40.7394392723648,-73.9076395057657,0.0322901890161892,0.0306661117694067,2020.17164760121,2020.17327167845,159400000,NA
200,80,0.108149086572515,40.7394392723648,-73.9076395057657,40.8349009397891,-73.8696575822929,0.140439275588704,0.0322901890161892,2020.17327167845,2020.28142076503,159400000,hCoV-19/USA/NY-NYUMC403/2020
200,201,0.000978561704127107,40.7394392723648,-73.9076395057657,40.7487076773106,-73.9068526480484,0.0332687507203163,0.0322901890161892,2020.17327167845,2020.17425024016,159400000,NA
201,78,0.0962415631185188,40.7487076773106,-73.9068526480484,40.7437375091091,-73.8351008711859,0.129510313838835,0.0332687507203163,2020.17425024016,2020.27049180328,159400000,hCoV-19/USA/NY-NYUMC364/2020
201,79,0.068919158748394,40.7487076773106,-73.9068526480484,40.8962883753214,-73.8488124646681,0.10218790946871,0.0332687507203163,2020.17425024016,2020.24316939891,159400000,hCoV-19/USA/NY-NYUMC681/2020
202,204,0.00271624004346344,40.7213931902215,-73.9335738570192,40.7394895490715,-73.969529597888,0.0275691529989616,0.0248529129554981,2020.16583440239,2020.16855064244,159400000,NA
202,203,0.0034034789968844,40.7213931902215,-73.9335738570192,40.7598669436983,-73.9241999154916,0.0282563919523825,0.0248529129554981,2020.16583440239,2020.16923788139,159400000,NA
203,85,0.082128238826342,40.7598669436983,-73.9241999154916,40.8597367133706,-73.886018871727,0.110384630778725,0.0282563919523825,2020.16923788139,2020.25136612022,159400000,hCoV-19/USA/NY-NYUMC607/2020
203,84,0.0739315175163277,40.7598669436983,-73.9241999154916,40.7310603598748,-73.7551691877445,0.10218790946871,0.0282563919523825,2020.16923788139,2020.24316939891,159400000,hCoV-19/USA/NY-NYUMC541/2020
204,205,0.00735392459461168,40.7394895490715,-73.969529597888,40.7371454601873,-73.9267289711225,0.0349230775935732,0.0275691529989616,2020.16855064244,2020.17590456703,159400000,NA
204,89,0.0937444395298592,40.7394895490715,-73.969529597888,40.5613580548334,-73.9190732861445,0.121313592528821,0.0275691529989616,2020.16855064244,2020.26229508197,159400000,hCoV-19/USA/NY-NYUMC240/2020
205,206,0.000329201084739966,40.7371454601873,-73.9267289711225,40.7382410083652,-73.9262960583895,0.0352522786783132,0.0349230775935732,2020.17590456703,2020.17623376812,159400000,NA
205,86,0.0590681105651228,40.7371454601873,-73.9267289711225,40.7649441556046,-73.867069336295,0.093991188158696,0.0349230775935732,2020.17590456703,2020.2349726776,159400000,hCoV-19/USA/NY-NYUMC816/2020
206,88,0.0532744286004461,40.7382410083652,-73.9262960583895,40.7818537733707,-73.8995069468035,0.0885267072787593,0.0352522786783132,2020.17623376812,2020.22950819672,159400000,hCoV-19/USA/NY-NYUMC818/2020
206,87,0.034148745540563,40.7382410083652,-73.9262960583895,40.8281941179378,-73.9267616846938,0.0694010242188762,0.0352522786783132,2020.17623376812,2020.21038251366,159400000,hCoV-19/USA/NY-NYUMC78/2020
207,210,0.00935419822573569,40.7409531105088,-73.9284637486573,40.7449702347222,-73.9365941679188,0.0249650897917764,0.0156108915660408,2020.156592381,2020.16594657923,159400000,NA
207,208,0.00721578845539289,40.7409531105088,-73.9284637486573,40.7492279941811,-73.947213724024,0.0228266800214336,0.0156108915660408,2020.156592381,2020.16380816946,159400000,NA
208,91,0.0793612294472766,40.7492279941811,-73.947213724024,40.7901985095708,-73.9736254453243,0.10218790946871,0.0228266800214336,2020.16380816946,2020.24316939891,159400000,hCoV-19/USA/NY-NYUMC310/2020
208,209,0.00089707333561953,40.7492279941811,-73.947213724024,40.7542601004092,-73.9481355709886,0.0237237533570532,0.0228266800214336,2020.16380816946,2020.16470524279,159400000,NA
209,92,0.045677270861823,40.7542601004092,-73.9481355709886,40.7882338398297,-73.7974970231813,0.0694010242188762,0.0237237533570532,2020.16470524279,2020.21038251366,159400000,hCoV-19/USA/NY-NYUMC80/2020
209,93,0.045677270861823,40.7542601004092,-73.9481355709886,40.6307546617416,-74.0148062896867,0.0694010242188762,0.0237237533570532,2020.16470524279,2020.21038251366,159400000,hCoV-19/USA/NY-NYUMC79/2020
210,94,0.0662938579270649,40.7449702347222,-73.9365941679188,40.7498177869327,-73.8703546504848,0.0912589477188414,0.0249650897917764,2020.16594657923,2020.23224043716,159400000,hCoV-19/USA/NY-NYUMC688/2020
210,211,0.00245070733895816,40.7449702347222,-73.9365941679188,40.7586499353111,-73.9419422652168,0.0274157971307346,0.0249650897917764,2020.16594657923,2020.16839728657,159400000,NA
211,212,0.00271154211460894,40.7586499353111,-73.9419422652168,40.7374888761933,-73.9382171307752,0.0301273392453436,0.0274157971307346,2020.16839728657,2020.17110882868,159400000,NA
211,95,0.0747721123379756,40.7586499353111,-73.9419422652168,40.7497402162841,-73.991601753629,0.10218790946871,0.0274157971307346,2020.16839728657,2020.24316939891,159400000,hCoV-19/USA/NY-NYUMC554/2020
212,97,0.080257291533381,40.7374888761933,-73.9382171307752,40.8419164991737,-73.902066652187,0.110384630778725,0.0301273392453436,2020.17110882868,2020.25136612022,159400000,hCoV-19/USA/NY-NYUMC637/2020
212,96,0.0720605702233667,40.7374888761933,-73.9382171307752,40.8771773797914,-73.8691373798826,0.10218790946871,0.0301273392453436,2020.17110882868,2020.24316939891,159400000,hCoV-19/USA/NY-NYUMC549/2020
213,214,0.0141555487047789,40.6914474854752,-73.8659848090565,40.7350436196158,-73.8966232085546,0.0236139983933585,0.00945844968857962,2020.15043993913,2020.16459548783,159400000,NA
213,222,0.00663863009993135,40.6914474854752,-73.8659848090565,40.6610992031683,-73.9311520730637,0.016097079788511,0.00945844968857962,2020.15043993913,2020.15707856923,159400000,NA
214,215,0.000475115554407324,40.7350436196158,-73.8966232085546,40.7412696494025,-73.8938467983772,0.0240891139477658,0.0236139983933585,2020.16459548783,2020.16507060339,159400000,NA
214,98,0.0785739110753517,40.7350436196158,-73.8966232085546,40.6816690112425,-73.800780147207,0.10218790946871,0.0236139983933585,2020.16459548783,2020.24316939891,159400000,hCoV-19/USA/NY-NYUMC567/2020
215,99,0.083563276391104,40.7412696494025,-73.8938467983772,40.7685584239299,-73.8784796049089,0.10765239033887,0.0240891139477658,2020.16507060339,2020.24863387978,159400000,hCoV-19/USA/NY-NYUMC193/2020
215,216,0.000437181473547293,40.7412696494025,-73.8938467983772,40.7417599712731,-73.893478071425,0.0245262954213131,0.0240891139477658,2020.16507060339,2020.16550778486,159400000,NA
216,219,0.0028454500810994,40.7417599712731,-73.893478071425,40.7090821320735,-73.885637504219,0.0273717455024125,0.0245262954213131,2020.16550778486,2020.16835323494,159400000,NA
216,217,0.000503740089014937,40.7417599712731,-73.893478071425,40.7437634854234,-73.9028477376077,0.0250300355103281,0.0245262954213131,2020.16550778486,2020.16601152495,159400000,NA
217,218,0.00700962377395367,40.7437634854234,-73.9028477376077,40.7138846293997,-73.892328319994,0.0320396592842817,0.0250300355103281,2020.16601152495,2020.17302114872,159400000,NA
217,102,0.0826223548285418,40.7437634854234,-73.9028477376077,40.6585285567401,-73.9515605899815,0.10765239033887,0.0250300355103281,2020.16601152495,2020.24863387978,159400000,hCoV-19/USA/NY-NYUMC143/2020
218,100,0.0373613649345944,40.7138846293997,-73.892328319994,40.7475864907637,-73.9715309611186,0.0694010242188762,0.0320396592842817,2020.17302114872,2020.21038251366,159400000,hCoV-19/USA/NY-NYUMC672/2020
218,101,0.0373613649345944,40.7138846293997,-73.892328319994,40.7493569591868,-73.8246411190464,0.0694010242188762,0.0320396592842817,2020.17302114872,2020.21038251366,159400000,hCoV-19/USA/NY-NYUMC94/2020
219,220,0.00459993732707628,40.7090821320735,-73.885637504219,40.7272483934982,-73.8581420927281,0.0319716828294888,0.0273717455024125,2020.16835323494,2020.17295317227,159400000,NA
219,221,0.000242674869106146,40.7090821320735,-73.885637504219,40.6969482401812,-73.8896127085928,0.0276144203715187,0.0273717455024125,2020.16835323494,2020.16859590981,159400000,NA
220,104,0.0346971009493053,40.7272483934982,-73.8581420927281,40.7507538051986,-73.9811768705278,0.0666687837787941,0.0319716828294888,2020.17295317227,2020.20765027322,159400000,hCoV-19/USA/NY-NYUMC658/2020
220,103,0.0702162266392214,40.7272483934982,-73.8581420927281,40.8819720108401,-73.866318883948,0.10218790946871,0.0319716828294888,2020.17295317227,2020.24316939891,159400000,hCoV-19/USA/NY-NYUMC517/2020
221,106,0.0936991721573021,40.6969482401812,-73.8896127085928,40.5888017186157,-73.9567561101818,0.121313592528821,0.0276144203715187,2020.16859590981,2020.26229508197,159400000,hCoV-19/USA/NY-NYUMC275/2020
221,105,0.0991636530272343,40.6969482401812,-73.8896127085928,40.6148627871518,-74.0331606258555,0.126778073398753,0.0276144203715187,2020.16859590981,2020.26775956284,159400000,hCoV-19/USA/NY-NYUMC338/2020
222,223,0.00613262049103852,40.6610992031683,-73.9311520730637,40.6993937183818,-73.9042773426583,0.0222297002795495,0.016097079788511,2020.15707856923,2020.16321118972,159400000,NA
222,227,0.00851538098479698,40.6610992031683,-73.9311520730637,40.6703594765437,-73.9450421689938,0.0246124607733079,0.016097079788511,2020.15707856923,2020.16559395021,159400000,NA
223,224,0.00742634886695084,40.6993937183818,-73.9042773426583,40.6965903577689,-73.9134675348499,0.0296560491465003,0.0222297002795495,2020.16321118972,2020.17063753858,159400000,NA
223,225,0.00212795881813746,40.6993937183818,-73.9042773426583,40.6930228405941,-73.9199540996386,0.0243576590976869,0.0222297002795495,2020.16321118972,2020.16533914853,159400000,NA
224,108,0.0725318603222099,40.6965903577689,-73.9134675348499,40.6978435816112,-73.9920923338634,0.10218790946871,0.0296560491465003,2020.17063753858,2020.24316939891,159400000,hCoV-19/USA/NY-NYUMC319/2020
224,107,0.061602898572341,40.6965903577689,-73.9134675348499,40.7124989006906,-73.7788014686599,0.0912589477188414,0.0296560491465003,2020.17063753858,2020.23224043716,159400000,hCoV-19/USA/NY-NYUMC708/2020
225,109,0.0778302503710233,40.6930228405941,-73.9199540996386,40.7221733794738,-73.9755508029667,0.10218790946871,0.0243576590976869,2020.16533914853,2020.24316939891,159400000,hCoV-19/USA/NY-NYUMC414/2020
225,226,0.00495948623543707,40.6930228405941,-73.9199540996386,40.6923537489078,-73.8922748995481,0.029317145333124,0.0243576590976869,2020.16533914853,2020.17029863477,159400000,NA
226,111,0.0837997258856825,40.6923537489078,-73.8922748995481,40.6574726980519,-73.9084473050704,0.113116871218807,0.029317145333124,2020.17029863477,2020.25409836066,159400000,hCoV-19/USA/NY-NYUMC642/2020
226,110,0.0728707641355862,40.6923537489078,-73.8922748995481,40.8918671142442,-73.8595977191749,0.10218790946871,0.029317145333124,2020.17029863477,2020.24316939891,159400000,hCoV-19/USA/NY-NYUMC524/2020
227,115,0.0447885634455682,40.6703594765437,-73.9450421689938,40.7267660640199,-73.8560862957384,0.0694010242188762,0.0246124607733079,2020.16559395021,2020.21038251366,159400000,hCoV-19/USA/NY-NYUMC922/2020
227,228,0.00693442886314599,40.6703594765437,-73.9450421689938,40.6964009732474,-73.9047904986319,0.0315468896364539,0.0246124607733079,2020.16559395021,2020.17252837907,159400000,NA
228,114,0.0405863750222769,40.6964009732474,-73.9047904986319,40.7148656490405,-73.95863088185,0.0721332646587308,0.0315468896364539,2020.17252837907,2020.2131147541,159400000,hCoV-19/USA/NY-NYUMC52/2020
228,229,0.000861707746921098,40.6964009732474,-73.9047904986319,40.6964071809057,-73.9238338757844,0.032408597383375,0.0315468896364539,2020.17252837907,2020.17339008682,159400000,NA
229,112,0.0752437929554948,40.6964071809057,-73.9238338757844,40.8299470562498,-73.9078920040658,0.10765239033887,0.032408597383375,2020.17339008682,2020.24863387978,159400000,hCoV-19/USA/NY-NYUMC199/2020
229,113,0.061582590775321,40.6964071809057,-73.9238338757844,40.8177010134899,-73.8312716311785,0.093991188158696,0.032408597383375,2020.17339008682,2020.2349726776,159400000,hCoV-19/USA/NY-NYUMC825/2020
