node1,node2,length,startLat,startLon,endLat,endLon,endNodeL,startNodeL,startYear,endYear,treeID,tipLabel
116,117,0.00392560088575722,40.7239415053039,-73.9147876251151,40.7412861138053,-73.9025828141842,0.00392560088575722,0,2020.14155890149,2020.14548450237,698500000,NA
116,218,0.00621383984676516,40.7239415053039,-73.9147876251151,40.7108527663463,-73.9022052142365,0.00621383984676516,0,2020.14155890149,2020.14777274133,698500000,NA
117,118,0.00140192029266181,40.7412861138053,-73.9025828141842,40.7572543568366,-73.8938415082689,0.00532752117841903,0.00392560088575722,2020.14548450237,2020.14688642267,698500000,NA
117,135,0.000646517058187301,40.7412861138053,-73.9025828141842,40.7466587265339,-73.9233407558339,0.00457211794394452,0.00392560088575722,2020.14548450237,2020.14613101943,698500000,NA
118,119,0.000101762451396897,40.7572543568366,-73.8938415082689,40.7553207078198,-73.8976826957278,0.00542928362981593,0.00532752117841903,2020.14688642267,2020.14698818512,698500000,NA
118,131,0.0248742456929893,40.7572543568366,-73.8938415082689,40.7376117448719,-73.8529170893561,0.0302017668714084,0.00532752117841903,2020.14688642267,2020.17176066836,698500000,NA
119,128,0.0203510007590463,40.7553207078198,-73.8976826957278,40.7476211976277,-73.9346709741711,0.0257802843888622,0.00542928362981593,2020.14698818512,2020.16733918588,698500000,NA
119,120,0.0180461664522591,40.7553207078198,-73.8976826957278,40.7573790092161,-73.8932061679322,0.023475450082075,0.00542928362981593,2020.14698818512,2020.16503435157,698500000,NA
120,126,0.00358492282342376,40.7573790092161,-73.8932061679322,40.7852101612646,-73.8546161441289,0.0270603729054988,0.023475450082075,2020.16503435157,2020.16861927439,698500000,NA
120,121,0.000483913366982253,40.7573790092161,-73.8932061679322,40.7660954858295,-73.8857443471302,0.0239593634490572,0.023475450082075,2020.16503435157,2020.16551826494,698500000,NA
121,122,0.0022488069536111,40.7660954858295,-73.8857443471302,40.7806466853976,-73.854762321491,0.0262081704026683,0.0239593634490572,2020.16551826494,2020.16776707189,698500000,NA
121,124,0.0125599739135798,40.7660954858295,-73.8857443471302,40.7553426042167,-73.8723517257856,0.036519337362637,0.0239593634490572,2020.16551826494,2020.17807823885,698500000,NA
122,3,0.0672056057134485,40.7806466853976,-73.854762321491,40.7649441556046,-73.867069336295,0.0934137761161169,0.0262081704026683,2020.16776707189,2020.2349726776,698500000,hCoV-19/USA/NY-NYUMC816/2020
122,123,0.0143074246405322,40.7806466853976,-73.854762321491,40.7577270621748,-73.8491207561135,0.0405155950432005,0.0262081704026683,2020.16776707189,2020.18207449653,698500000,NA
123,1,0.0665593832530902,40.7577270621748,-73.8491207561135,40.821853079012,-73.8728960823823,0.107074978296291,0.0405155950432005,2020.18207449653,2020.24863387978,698500000,hCoV-19/USA/NY-NYUMC161/2020
123,2,0.0610949023829306,40.7577270621748,-73.8491207561135,40.6749459845957,-73.9359358944072,0.101610497426131,0.0405155950432005,2020.18207449653,2020.24316939891,698500000,hCoV-19/USA/NY-NYUMC301/2020
124,125,0.00745583938706246,40.7553426042167,-73.8723517257856,40.7249083495383,-73.9451322110503,0.0439751767496995,0.036519337362637,2020.17807823885,2020.18553407824,698500000,NA
124,4,0.0650911600634941,40.7553426042167,-73.8723517257856,40.7183470731248,-73.7716401273386,0.101610497426131,0.036519337362637,2020.17807823885,2020.24316939891,698500000,hCoV-19/USA/NY-NYUMC583/2020
125,6,0.0576353206764316,40.7249083495383,-73.9451322110503,40.7498020444357,-74.0088831553204,0.101610497426131,0.0439751767496995,2020.18553407824,2020.24316939891,698500000,hCoV-19/USA/NY-NYUMC503/2020
125,5,0.0494385993664174,40.7249083495383,-73.9451322110503,40.8479430292651,-73.9198629133241,0.0934137761161169,0.0439751767496995,2020.18553407824,2020.2349726776,698500000,hCoV-19/USA/NY-NYUMC792/2020
126,7,0.0827468458306466,40.7852101612646,-73.8546161441289,40.6794533247556,-73.8623804544818,0.109807218736145,0.0270603729054988,2020.16861927439,2020.25136612022,698500000,hCoV-19/USA/NY-NYUMC323/2020
126,127,0.0187399869563435,40.7852101612646,-73.8546161441289,40.7871971683701,-73.8499510852047,0.0458003598618423,0.0270603729054988,2020.16861927439,2020.18735926135,698500000,NA
127,9,0.162367514614483,40.7871971683701,-73.8499510852047,40.8185649072773,-73.8731335848325,0.208167874476325,0.0458003598618423,2020.18735926135,2020.34972677596,698500000,hCoV-19/USA/NY-NYUMC914/2020
127,8,0.0230232523144547,40.7871971683701,-73.8499510852047,40.7743593408759,-73.8995054090954,0.068823612176297,0.0458003598618423,2020.18735926135,2020.21038251366,698500000,hCoV-19/USA/NY-NYUMC72/2020
128,10,0.0785624534673465,40.7476211976277,-73.9346709741711,40.7086396565438,-73.848961127929,0.104342737856209,0.0257802843888622,2020.16733918588,2020.24590163934,698500000,hCoV-19/USA/NY-NYUMC560/2020
128,129,0.000279514997090363,40.7476211976277,-73.9346709741711,40.7517287431425,-73.9338853931977,0.0260597993859525,0.0257802843888622,2020.16733918588,2020.16761870087,698500000,NA
129,13,0.0482282936702812,40.7517287431425,-73.9338853931977,40.591617253962,-74.1238509629819,0.0742880930562337,0.0260597993859525,2020.16761870087,2020.21584699454,698500000,hCoV-19/USA/NY-NYUMC916/2020
129,130,0.0102659407923133,40.7517287431425,-73.9338853931977,40.8027422827834,-73.8970154505692,0.0363257401782658,0.0260597993859525,2020.16761870087,2020.17788464167,698500000,NA
130,11,0.0324978719980312,40.8027422827834,-73.8970154505692,40.8762876680981,-73.9026105215071,0.068823612176297,0.0363257401782658,2020.17788464167,2020.21038251366,698500000,hCoV-19/USA/NY-NYUMC38/2020
130,12,0.0543557954979964,40.8027422827834,-73.8970154505692,40.7079503176133,-73.9442355657876,0.0906815356762622,0.0363257401782658,2020.17788464167,2020.23224043716,698500000,hCoV-19/USA/NY-NYUMC734/2020
131,132,0.0124676454361838,40.7376117448719,-73.8529170893561,40.7678791888327,-73.8027350535569,0.0426694123075921,0.0302017668714084,2020.17176066836,2020.18422831379,698500000,NA
131,18,0.131518020164905,40.7376117448719,-73.8529170893561,40.7774060764558,-73.9894444473099,0.161719787036313,0.0302017668714084,2020.17176066836,2020.30327868852,698500000,hCoV-19/USA/NY-NYUMC895/2020
132,17,0.0889957299285184,40.7678791888327,-73.8027350535569,40.7849678433619,-73.8515921671349,0.131665142236111,0.0426694123075921,2020.18422831379,2020.27322404372,698500000,hCoV-19/USA/NY-NYUMC654/2020
132,133,0.00586131037813228,40.7678791888327,-73.8027350535569,40.7204745567232,-73.8179676090887,0.0485307226857244,0.0426694123075921,2020.18422831379,2020.19008962417,698500000,NA
133,16,0.0202928894905726,40.7204745567232,-73.8179676090887,40.708138189078,-73.7498417418248,0.068823612176297,0.0485307226857244,2020.19008962417,2020.21038251366,698500000,hCoV-19/USA/NY-NYUMC919/2020
133,134,0.0155105431339899,40.7204745567232,-73.8179676090887,40.707452956459,-73.8230991678965,0.0640412658197143,0.0485307226857244,2020.19008962417,2020.20560016731,698500000,NA
134,15,0.0266402698565479,40.707452956459,-73.8230991678965,40.7072313817539,-73.8251349169622,0.0906815356762622,0.0640412658197143,2020.20560016731,2020.23224043716,698500000,hCoV-19/USA/NY-NYUMC743/2020
134,14,0.0484981933565131,40.707452956459,-73.8230991678965,40.5931745303049,-73.7726750441845,0.112539459176227,0.0640412658197143,2020.20560016731,2020.25409836066,698500000,hCoV-19/USA/NY-NYUMC603/2020
135,161,0.000904923612537023,40.7466587265339,-73.9233407558339,40.7441519422362,-73.9279715892832,0.00547704155648154,0.00457211794394452,2020.14613101943,2020.14703594304,698500000,NA
135,136,0.00204520298492253,40.7466587265339,-73.9233407558339,40.7667346287107,-73.9446564361588,0.00661732092886705,0.00457211794394452,2020.14613101943,2020.14817622242,698500000,NA
136,137,1.68682446264889e-05,40.7667346287107,-73.9446564361588,40.7687892063502,-73.945151584745,0.00663418917349354,0.00661732092886705,2020.14817622242,2020.14819309066,698500000,NA
136,157,0.000127540955097816,40.7667346287107,-73.9446564361588,40.7621975269303,-73.9510351662677,0.00674486188396486,0.00661732092886705,2020.14817622242,2020.14830376337,698500000,NA
137,138,0.00174205030545868,40.7687892063502,-73.945151584745,40.7740882294643,-73.9352066389036,0.00837623947895222,0.00663418917349354,2020.14819309066,2020.14993514097,698500000,NA
137,39,0.103173029562652,40.7687892063502,-73.945151584745,40.8597367133706,-73.886018871727,0.109807218736145,0.00663418917349354,2020.14819309066,2020.25136612022,698500000,hCoV-19/USA/NY-NYUMC607/2020
138,139,0.0105011646980442,40.7740882294643,-73.9352066389036,40.7494754022771,-73.9509251537777,0.0188774041769964,0.00837623947895222,2020.14993514097,2020.16043630566,698500000,NA
138,144,0.0113338170094323,40.7740882294643,-73.9352066389036,40.6914935687001,-73.9640309256977,0.0197100564883845,0.00837623947895222,2020.14993514097,2020.16126895798,698500000,NA
139,140,0.0036535829315949,40.7494754022771,-73.9509251537777,40.7556571345595,-73.9543596898392,0.0225309871085913,0.0188774041769964,2020.16043630566,2020.1640898886,698500000,NA
139,142,0.00628050438501274,40.7494754022771,-73.9509251537777,40.7115552318048,-74.0096193390532,0.0251579085620091,0.0188774041769964,2020.16043630566,2020.16671681005,698500000,NA
140,141,0.00389641400332091,40.7556571345595,-73.9543596898392,40.7699745205281,-73.9241014923528,0.0264274011119122,0.0225309871085913,2020.1640898886,2020.1679863026,698500000,NA
140,21,0.0435603846276237,40.7556571345595,-73.9543596898392,40.7089801120876,-74.0001597853612,0.066091371736215,0.0225309871085913,2020.1640898886,2020.20765027322,698500000,hCoV-19/USA/NY-NYUMC13/2020
141,20,0.0806475771843785,40.7699745205281,-73.9241014923528,40.7656363422313,-73.8930705278426,0.107074978296291,0.0264274011119122,2020.1679863026,2020.24863387978,698500000,hCoV-19/USA/NY-NYUMC883/2020
141,19,0.0833798176242332,40.7699745205281,-73.9241014923528,40.8419164991737,-73.902066652187,0.109807218736145,0.0264274011119122,2020.1679863026,2020.25136612022,698500000,hCoV-19/USA/NY-NYUMC637/2020
142,143,0.0188393780606839,40.7115552318048,-74.0096193390532,40.6205145660169,-74.0140008664393,0.043997286622693,0.0251579085620091,2020.16671681005,2020.18555618811,698500000,NA
142,22,0.076452588864122,40.7115552318048,-74.0096193390532,40.6484592960247,-73.9665650271191,0.101610497426131,0.0251579085620091,2020.16671681005,2020.24316939891,698500000,hCoV-19/USA/NY-NYUMC501/2020
143,24,0.0576132108034381,40.6205145660169,-74.0140008664393,40.5935968086758,-73.9473715921304,0.101610497426131,0.043997286622693,2020.18555618811,2020.24316939891,698500000,hCoV-19/USA/NY-NYUMC588/2020
143,23,0.0466842490535692,40.6205145660169,-74.0140008664393,40.6197801895252,-74.0207088509375,0.0906815356762622,0.043997286622693,2020.18555618811,2020.23224043716,698500000,hCoV-19/USA/NY-NYUMC782/2020
144,152,0.00430524985482958,40.6914935687001,-73.9640309256977,40.6717230900088,-73.9523392029402,0.0240153063432141,0.0197100564883845,2020.16126895798,2020.16557420783,698500000,NA
144,145,0.000327415505944312,40.6914935687001,-73.9640309256977,40.6906563652855,-73.9582970899373,0.0200374719943288,0.0197100564883845,2020.16126895798,2020.16159637348,698500000,NA
145,146,0.00581903391572183,40.6906563652855,-73.9582970899373,40.6909516805502,-73.9460861782496,0.0258565059100507,0.0200374719943288,2020.16159637348,2020.1674154074,698500000,NA
145,147,0.00352649039357708,40.6906563652855,-73.9582970899373,40.7130118913236,-73.9566894157934,0.0235639623879059,0.0200374719943288,2020.16159637348,2020.16512286388,698500000,NA
146,25,0.0429671062662464,40.6909516805502,-73.9460861782496,40.5835361354102,-74.1897432923967,0.068823612176297,0.0258565059100507,2020.1674154074,2020.21038251366,698500000,hCoV-19/USA/NY-NYUMC118/2020
146,26,0.0757539915160804,40.6909516805502,-73.9460861782496,40.7901985095708,-73.9736254453243,0.101610497426131,0.0258565059100507,2020.1674154074,2020.24316939891,698500000,hCoV-19/USA/NY-NYUMC310/2020
147,32,0.0507241306683278,40.7130118913236,-73.9566894157934,40.5883985697093,-73.9393607944483,0.0742880930562337,0.0235639623879059,2020.16512286388,2020.21584699454,698500000,hCoV-19/USA/NY-NYUMC724/2020
147,148,0.00285854316314574,40.7130118913236,-73.9566894157934,40.6803482774146,-73.9590797100802,0.0264225055510517,0.0235639623879059,2020.16512286388,2020.16798140704,698500000,NA
148,150,0.000360492712218302,40.6803482774146,-73.9590797100802,40.6777634921073,-73.9682898299063,0.02678299826327,0.0264225055510517,2020.16798140704,2020.16834189975,698500000,NA
148,149,0.00747059754162133,40.6803482774146,-73.9590797100802,40.6990125110952,-73.9563959097388,0.033893103092673,0.0264225055510517,2020.16798140704,2020.17545200458,698500000,NA
149,28,0.0649851538936035,40.6990125110952,-73.9563959097388,40.6084915303842,-73.996167568417,0.0988782569862765,0.033893103092673,2020.17545200458,2020.24043715847,698500000,hCoV-19/USA/NY-NYUMC529/2020
149,27,0.0731818752036177,40.6990125110952,-73.9563959097388,40.6399725452656,-74.0166689205824,0.107074978296291,0.033893103092673,2020.17545200458,2020.24863387978,698500000,hCoV-19/USA/NY-NYUMC227/2020
150,31,0.0912209417828897,40.6777634921073,-73.9682898299063,40.6223228014726,-74.0349354558214,0.11800394004616,0.02678299826327,2020.16834189975,2020.25956284153,698500000,hCoV-19/USA/NY-NYUMC253/2020
150,151,0.0330632020118094,40.6777634921073,-73.9682898299063,40.6810863779458,-73.9556551646513,0.0598462002750794,0.02678299826327,2020.16834189975,2020.20140510176,698500000,NA
151,30,0.0417642971510517,40.6810863779458,-73.9556551646513,40.7211136281707,-73.9795416681888,0.101610497426131,0.0598462002750794,2020.20140510176,2020.24316939891,698500000,hCoV-19/USA/NY-NYUMC568/2020
151,29,0.052693258901148,40.6810863779458,-73.9556551646513,40.6448675988566,-74.0129848272053,0.112539459176227,0.0598462002750794,2020.20140510176,2020.25409836066,698500000,hCoV-19/USA/NY-NYUMC217/2020
152,155,0.00116842973518996,40.6717230900088,-73.9523392029402,40.6567633145607,-73.953694542702,0.0251837360784041,0.0240153063432141,2020.16557420783,2020.16674263757,698500000,NA
152,153,0.0255157599695955,40.6717230900088,-73.9523392029402,40.674482175843,-73.94561084216,0.0495310663128097,0.0240153063432141,2020.16557420783,2020.1910899678,698500000,NA
153,35,0.109456480293426,40.674482175843,-73.94561084216,40.6685054548865,-73.8290085446559,0.158987546606235,0.0495310663128097,2020.1910899678,2020.30054644809,698500000,hCoV-19/USA/NY-NYUMC455/2020
153,154,0.00574822135867847,40.674482175843,-73.94561084216,40.6784191697579,-73.989802120365,0.0552792876714881,0.0495310663128097,2020.1910899678,2020.19683818916,698500000,NA
154,34,0.046331209754643,40.6784191697579,-73.989802120365,40.7323412371713,-73.9765548106413,0.101610497426131,0.0552792876714881,2020.19683818916,2020.24316939891,698500000,hCoV-19/USA/NY-NYUMC415/2020
154,33,0.0709213736846858,40.6784191697579,-73.989802120365,40.6112061873269,-73.9869925190621,0.126200661356174,0.0552792876714881,2020.19683818916,2020.26775956284,698500000,hCoV-19/USA/NY-NYUMC362/2020
155,38,0.0518365974079072,40.6567633145607,-73.953694542702,40.6163990421204,-73.9647743066083,0.0770203334863113,0.0251837360784041,2020.16674263757,2020.21857923497,698500000,hCoV-19/USA/NY-NYUMC710/2020
155,156,0.0102718062349822,40.6567633145607,-73.953694542702,40.6880262123155,-73.9492704501323,0.0354555423133863,0.0251837360784041,2020.16674263757,2020.1770144438,698500000,NA
156,37,0.0716194359829044,40.6880262123155,-73.9492704501323,40.5966541265131,-74.0001253797246,0.107074978296291,0.0354555423133863,2020.1770144438,2020.24863387978,698500000,hCoV-19/USA/NY-NYUMC144/2020
156,36,0.0661549551127448,40.6880262123155,-73.9492704501323,40.7455704678325,-73.8352579843952,0.101610497426131,0.0354555423133863,2020.1770144438,2020.24316939891,698500000,hCoV-19/USA/NY-NYUMC521/2020
157,40,0.0620787502923322,40.7621975269303,-73.9510351662677,40.8281941179378,-73.9267616846938,0.068823612176297,0.00674486188396486,2020.14830376337,2020.21038251366,698500000,hCoV-19/USA/NY-NYUMC78/2020
157,158,0.0129669299244577,40.7621975269303,-73.9510351662677,40.7434977598792,-73.9561338680475,0.0197117918084226,0.00674486188396486,2020.14830376337,2020.1612706933,698500000,NA
158,160,0.0198010763217495,40.7434977598792,-73.9561338680475,40.6954083050828,-73.9581700961732,0.039512868130172,0.0197117918084226,2020.1612706933,2020.18107176962,698500000,NA
158,159,0.00490105960314463,40.7434977598792,-73.9561338680475,40.7548734431885,-73.9504200112731,0.0246128514115672,0.0197117918084226,2020.1612706933,2020.1661717529,698500000,NA
159,42,0.0442107607647299,40.7548734431885,-73.9504200112731,40.7762420546567,-73.9067702741432,0.068823612176297,0.0246128514115672,2020.1661717529,2020.21038251366,698500000,hCoV-19/USA/NY-NYUMC64/2020
159,41,0.0824621268847235,40.7548734431885,-73.9504200112731,40.7466786442837,-73.9776006671521,0.107074978296291,0.0246128514115672,2020.1661717529,2020.24863387978,698500000,hCoV-19/USA/NY-NYUMC183/2020
160,44,0.0539009079859448,40.6954083050828,-73.9581700961732,40.6810491288933,-73.762050467689,0.0934137761161169,0.039512868130172,2020.18107176962,2020.2349726776,698500000,hCoV-19/USA/NY-NYUMC767/2020
160,43,0.0702943506059733,40.6954083050828,-73.9581700961732,40.7619534591867,-73.9257877196577,0.109807218736145,0.039512868130172,2020.18107176962,2020.25136612022,698500000,hCoV-19/USA/NY-NYUMC594/2020
161,196,0.000892027388816052,40.7441519422362,-73.9279715892832,40.7428441620429,-73.920933064251,0.0063690689452976,0.00547704155648154,2020.14703594304,2020.14792797043,698500000,NA
161,162,3.02393884349939e-05,40.7441519422362,-73.9279715892832,40.7420720753921,-73.9275046167004,0.00550728094491654,0.00547704155648154,2020.14703594304,2020.14706618243,698500000,NA
162,165,0.000841250877585492,40.7420720753921,-73.9275046167004,40.7336537350038,-73.9199025969157,0.00634853182250203,0.00550728094491654,2020.14706618243,2020.14790743331,698500000,NA
162,163,0.00808544636063518,40.7420720753921,-73.9275046167004,40.7612742381396,-73.9466042188794,0.0135927273055517,0.00550728094491654,2020.14706618243,2020.15515162879,698500000,NA
163,164,0.0135059671972473,40.7612742381396,-73.9466042188794,40.8078410960413,-73.9321484087019,0.027098694502799,0.0135927273055517,2020.15515162879,2020.16865759599,698500000,NA
163,47,0.0880177701205794,40.7612742381396,-73.9466042188794,40.8962883753214,-73.8488124646681,0.101610497426131,0.0135927273055517,2020.15515162879,2020.24316939891,698500000,hCoV-19/USA/NY-NYUMC681/2020
164,46,0.0854407646734284,40.8078410960413,-73.9321484087019,40.7533086534691,-73.910799315166,0.112539459176227,0.027098694502799,2020.16865759599,2020.25409836066,698500000,hCoV-19/USA/NY-NYUMC644/2020
164,45,0.0745118029233321,40.8078410960413,-73.9321484087019,40.8771773797914,-73.8691373798826,0.101610497426131,0.027098694502799,2020.16865759599,2020.24316939891,698500000,hCoV-19/USA/NY-NYUMC549/2020
165,166,0.0208279960803952,40.7336537350038,-73.9199025969157,40.7458264032909,-73.959888698789,0.0271765279028972,0.00634853182250203,2020.14790743331,2020.16873542939,698500000,NA
165,168,0.000438362347662924,40.7336537350038,-73.9199025969157,40.7388447353246,-73.9230478205678,0.00678689417016495,0.00634853182250203,2020.14790743331,2020.14834579566,698500000,NA
166,50,0.131811018703338,40.7458264032909,-73.959888698789,40.8802618065014,-73.9136062455795,0.158987546606235,0.0271765279028972,2020.16873542939,2020.30054644809,698500000,hCoV-19/USA/NY-NYUMC457/2020
166,167,0.0196432433994726,40.7458264032909,-73.959888698789,40.7156129864449,-74.0085578550088,0.0468197713023698,0.0271765279028972,2020.16873542939,2020.18837867279,698500000,NA
167,48,0.0220038408739272,40.7156129864449,-74.0085578550088,40.7141598779191,-74.0113391355559,0.068823612176297,0.0468197713023698,2020.18837867279,2020.21038251366,698500000,hCoV-19/USA/NY-NYUMC674/2020
167,49,0.0793808900538041,40.7156129864449,-74.0085578550088,40.6312749314594,-74.0271153536648,0.126200661356174,0.0468197713023698,2020.18837867279,2020.26775956284,698500000,hCoV-19/USA/NY-NYUMC337/2020
168,191,0.0167096666714895,40.7388447353246,-73.9230478205678,40.7226911804974,-73.9370449210321,0.0234965608416545,0.00678689417016495,2020.14834579566,2020.16505546233,698500000,NA
168,169,0.0106505696705518,40.7388447353246,-73.9230478205678,40.7239886409795,-73.9304054655499,0.0174374638407167,0.00678689417016495,2020.14834579566,2020.15899636533,698500000,NA
169,170,0.000695415953782169,40.7239886409795,-73.9304054655499,40.7200955253377,-73.9396183597855,0.0181328797944989,0.0174374638407167,2020.15899636533,2020.15969178128,698500000,NA
169,183,0.00531055370022809,40.7239886409795,-73.9304054655499,40.7041013950033,-73.9109508382605,0.0227480175409448,0.0174374638407167,2020.15899636533,2020.16430691903,698500000,NA
170,177,0.006546096853422,40.7200955253377,-73.9396183597855,40.6962386379704,-73.9124664300189,0.0246789766479209,0.0181328797944989,2020.15969178128,2020.16623787814,698500000,NA
170,171,0.00702757939054025,40.7200955253377,-73.9396183597855,40.7906271210291,-73.9327090414508,0.0251604591850391,0.0181328797944989,2020.15969178128,2020.16671936067,698500000,NA
171,173,0.0135959014906542,40.7906271210291,-73.9327090414508,40.8050553075169,-73.9228931210461,0.0387563606756934,0.0251604591850391,2020.16671936067,2020.18031526216,698500000,NA
171,172,0.00958265226181307,40.7906271210291,-73.9327090414508,40.7952859269007,-73.9249322968109,0.0347431114468522,0.0251604591850391,2020.16671936067,2020.17630201293,698500000,NA
172,51,0.0340805007294448,40.7952859269007,-73.9249322968109,40.8253841614649,-73.8695040934939,0.068823612176297,0.0347431114468522,2020.17630201293,2020.21038251366,698500000,hCoV-19/USA/NY-NYUMC92/2020
172,52,0.0723318668494385,40.7952859269007,-73.9249322968109,40.7116130231664,-73.9768349973209,0.107074978296291,0.0347431114468522,2020.17630201293,2020.24863387978,698500000,hCoV-19/USA/NY-NYUMC151/2020
173,174,0.00020536712273192,40.8050553075169,-73.9228931210461,40.8057564079969,-73.9135007868699,0.0389617277984253,0.0387563606756934,2020.18031526216,2020.18052062929,698500000,NA
173,53,0.0519251750005689,40.8050553075169,-73.9228931210461,40.8743030412893,-73.8244020667962,0.0906815356762622,0.0387563606756934,2020.18031526216,2020.23224043716,698500000,hCoV-19/USA/NY-NYUMC739/2020
174,175,0.0033552851656026,40.8057564079969,-73.9135007868699,40.8255297919503,-73.9196150335989,0.0423170129640279,0.0389617277984253,2020.18052062929,2020.18387591445,698500000,NA
174,54,0.139151501867693,40.8057564079969,-73.9135007868699,40.8525809483289,-73.8824918548016,0.178113229666119,0.0389617277984253,2020.18052062929,2020.31967213115,698500000,hCoV-19/USA/NY-NYUMC904/2020
175,176,0.0415563685982346,40.8255297919503,-73.9196150335989,40.7702388263468,-73.8744109009395,0.0838733815622625,0.0423170129640279,2020.18387591445,2020.22543228305,698500000,NA
175,55,0.0265065992122692,40.8255297919503,-73.9196150335989,40.861592470062,-73.9039698337492,0.068823612176297,0.0423170129640279,2020.18387591445,2020.21038251366,698500000,hCoV-19/USA/NY-NYUMC121/2020
176,57,0.0232015967340282,40.7702388263468,-73.8744109009395,40.8752475410637,-73.8308761485969,0.107074978296291,0.0838733815622625,2020.22543228305,2020.24863387978,698500000,hCoV-19/USA/NY-NYUMC591/2020
176,56,0.0232015967340282,40.7702388263468,-73.8744109009395,40.8047637852378,-73.9033705317336,0.107074978296291,0.0838733815622625,2020.22543228305,2020.24863387978,698500000,hCoV-19/USA/NY-NYUMC160/2020
177,182,0.0302916041228639,40.6962386379704,-73.9124664300189,40.7381838707293,-73.8772632654141,0.0549705807707848,0.0246789766479209,2020.16623787814,2020.19652948226,698500000,NA
177,178,0.00691721633740414,40.6962386379704,-73.9124664300189,40.7376619413615,-73.8880365334787,0.031596192985325,0.0246789766479209,2020.16623787814,2020.17315509447,698500000,NA
178,180,0.017002148768245,40.7376619413615,-73.8880365334787,40.6958557901888,-73.9441802196352,0.04859834175357,0.031596192985325,2020.17315509447,2020.19015724324,698500000,NA
178,179,0.011880649549176,40.7376619413615,-73.8880365334787,40.8032269558245,-73.8447214802641,0.043476842534501,0.031596192985325,2020.17315509447,2020.18503574402,698500000,NA
179,59,0.022614529201714,40.8032269558245,-73.8447214802641,40.7638571704065,-73.9767240482703,0.066091371736215,0.043476842534501,2020.18503574402,2020.20765027322,698500000,hCoV-19/USA/NY-NYUMC19/2020
179,58,0.0799915783818182,40.8032269558245,-73.8447214802641,40.6077120967572,-74.0257371525227,0.123468420916319,0.043476842534501,2020.18503574402,2020.2650273224,698500000,hCoV-19/USA/NY-NYUMC345/2020
180,181,0.00501058529112136,40.6958557901888,-73.9441802196352,40.6968884716701,-73.9681140835205,0.0536089270446914,0.04859834175357,2020.19015724324,2020.19516782853,698500000,NA
180,60,0.0530121556725611,40.6958557901888,-73.9441802196352,40.682251830406,-73.9138695089728,0.101610497426131,0.04859834175357,2020.19015724324,2020.24316939891,698500000,hCoV-19/USA/NY-NYUMC507/2020
181,61,0.0480015703814398,40.6968884716701,-73.9681140835205,40.5883420183825,-74.0849556623747,0.101610497426131,0.0536089270446914,2020.19516782853,2020.24316939891,698500000,hCoV-19/USA/NY-NYUMC302/2020
181,62,0.056198291691454,40.6968884716701,-73.9681140835205,40.5977016778057,-74.1678054481681,0.109807218736145,0.0536089270446914,2020.19516782853,2020.25136612022,698500000,hCoV-19/USA/NY-NYUMC636/2020
182,64,0.0466399166553463,40.7381838707293,-73.8772632654141,40.5588971737886,-73.8909094525008,0.101610497426131,0.0549705807707848,2020.19652948226,2020.24316939891,698500000,hCoV-19/USA/NY-NYUMC229/2020
182,63,0.0766945614653257,40.7381838707293,-73.8772632654141,40.7247275862232,-73.9809319241174,0.131665142236111,0.0549705807707848,2020.19652948226,2020.27322404372,698500000,hCoV-19/USA/NY-NYUMC379/2020
183,184,0.0036487768621376,40.7041013950033,-73.9109508382605,40.7207805872851,-73.8915142858866,0.0263967944030824,0.0227480175409448,2020.16430691903,2020.16795569589,698500000,NA
183,73,0.0897914416352826,40.7041013950033,-73.9109508382605,40.6423879009788,-74.0130621635315,0.112539459176227,0.0227480175409448,2020.16430691903,2020.25409836066,698500000,hCoV-19/USA/NY-NYUMC216/2020
184,72,0.086142664773145,40.7207805872851,-73.8915142858866,40.7303701647368,-73.8866333601109,0.112539459176227,0.0263967944030824,2020.16795569589,2020.25409836066,698500000,hCoV-19/USA/NY-NYUMC597/2020
184,185,0.000272472917831251,40.7207805872851,-73.8915142858866,40.7230301894911,-73.8842729833436,0.0266692673209137,0.0263967944030824,2020.16795569589,2020.16822816881,698500000,NA
185,186,0.00864212611816706,40.7230301894911,-73.8842729833436,40.7298846864215,-73.8906433834405,0.0353113934390807,0.0266692673209137,2020.16822816881,2020.17687029493,698500000,NA
185,188,0.011455033326674,40.7230301894911,-73.8842729833436,40.6898619955397,-73.9079699829266,0.0381243006475877,0.0266692673209137,2020.16822816881,2020.17968320213,698500000,NA
186,65,0.0335122187372163,40.7298846864215,-73.8906433834405,40.6793738301739,-73.7276249957336,0.068823612176297,0.0353113934390807,2020.17687029493,2020.21038251366,698500000,hCoV-19/USA/NY-NYUMC49/2020
186,187,0.000159731173054622,40.7298846864215,-73.8906433834405,40.7275860302038,-73.897423470311,0.0354711246121354,0.0353113934390807,2020.17687029493,2020.1770300261,698500000,NA
187,67,0.0333524875641617,40.7275860302038,-73.897423470311,40.6546168001901,-73.7441354372391,0.068823612176297,0.0354711246121354,2020.1770300261,2020.21038251366,698500000,hCoV-19/USA/NY-NYUMC89/2020
187,66,0.0907295367440385,40.7275860302038,-73.897423470311,40.648296522881,-73.9144224411191,0.126200661356174,0.0354711246121354,2020.1770300261,2020.26775956284,698500000,hCoV-19/USA/NY-NYUMC360/2020
188,189,0.00944642781998095,40.6898619955397,-73.9079699829266,40.6869205060992,-73.9628684285394,0.0475707284675687,0.0381243006475877,2020.17968320213,2020.18912962995,698500000,NA
188,68,0.0634861967785434,40.6898619955397,-73.9079699829266,40.5814922328351,-73.8259079163823,0.101610497426131,0.0381243006475877,2020.17968320213,2020.24316939891,698500000,hCoV-19/USA/NY-NYUMC511/2020
189,190,0.00455495581031859,40.6869205060992,-73.9628684285394,40.7024059598123,-73.961847088028,0.0521256842778872,0.0475707284675687,2020.18912962995,2020.19368458577,698500000,NA
189,71,0.070433211578591,40.6869205060992,-73.9628684285394,40.6475212049097,-74.0085205919159,0.11800394004616,0.0475707284675687,2020.18912962995,2020.25956284153,698500000,hCoV-19/USA/NY-NYUMC256/2020
190,69,0.0549492940184035,40.7024059598123,-73.961847088028,40.8099502799491,-73.9530703232715,0.107074978296291,0.0521256842778872,2020.19368458577,2020.24863387978,698500000,hCoV-19/USA/NY-NYUMC168/2020
190,70,0.0494848131482439,40.7024059598123,-73.961847088028,40.7650854401131,-73.9119679895446,0.101610497426131,0.0521256842778872,2020.19368458577,2020.24316939891,698500000,hCoV-19/USA/NY-NYUMC504/2020
191,192,0.000283666145009187,40.7226911804974,-73.9370449210321,40.729105543343,-73.9401619421863,0.0237802269866637,0.0234965608416545,2020.16505546233,2020.16533912847,698500000,NA
191,194,0.0037156254689365,40.7226911804974,-73.9370449210321,40.7029211580905,-73.9226627965154,0.027212186310591,0.0234965608416545,2020.16505546233,2020.1687710878,698500000,NA
192,74,0.05050786606957,40.729105543343,-73.9401619421863,40.7462679992842,-73.9839421934153,0.0742880930562337,0.0237802269866637,2020.16533912847,2020.21584699454,698500000,hCoV-19/USA/NY-NYUMC707/2020
192,193,0.0162665647717465,40.729105543343,-73.9401619421863,40.7445226525651,-73.9311806398778,0.0400467917584101,0.0237802269866637,2020.16533912847,2020.18160569325,698500000,NA
193,76,0.0287768204178869,40.7445226525651,-73.9311806398778,40.8181614505972,-73.9122826088561,0.068823612176297,0.0400467917584101,2020.18160569325,2020.21038251366,698500000,hCoV-19/USA/NY-NYUMC98/2020
193,75,0.0287768204178869,40.7445226525651,-73.9311806398778,40.8382009170989,-73.9312211632961,0.068823612176297,0.0400467917584101,2020.18160569325,2020.21038251366,698500000,hCoV-19/USA/NY-NYUMC58/2020
194,77,0.038879185425624,40.7029211580905,-73.9226627965154,40.6400722120113,-73.9457357415987,0.066091371736215,0.027212186310591,2020.1687710878,2020.20765027322,698500000,hCoV-19/USA/NY-NYUMC14/2020
194,195,0.0153124354822399,40.7029211580905,-73.9226627965154,40.7541144782177,-73.9097557553259,0.0425246217928309,0.027212186310591,2020.1687710878,2020.18408352328,698500000,NA
195,78,0.0262989903834661,40.7541144782177,-73.9097557553259,40.7499442186665,-73.7836788835903,0.068823612176297,0.0425246217928309,2020.18408352328,2020.21038251366,698500000,hCoV-19/USA/NY-NYUMC664/2020
195,79,0.0481569138834313,40.7541144782177,-73.9097557553259,40.7411476384798,-73.8762826664071,0.0906815356762622,0.0425246217928309,2020.18408352328,2020.23224043716,698500000,hCoV-19/USA/NY-NYUMC718/2020
196,197,0.0135969030165208,40.7428441620429,-73.920933064251,40.7366992623001,-73.8916573553157,0.0199659719618183,0.0063690689452976,2020.14792797043,2020.16152487345,698500000,NA
196,210,0.00282874661614763,40.7428441620429,-73.920933064251,40.7450739022468,-73.9229667152001,0.00919781556144522,0.0063690689452976,2020.14792797043,2020.15075671705,698500000,NA
197,205,0.00223317546688531,40.7366992623001,-73.8916573553157,40.7419188793083,-73.898635738385,0.0221991474287037,0.0199659719618183,2020.16152487345,2020.16375804892,698500000,NA
197,198,0.000393605402205871,40.7366992623001,-73.8916573553157,40.739811980068,-73.883381624207,0.0203595773640242,0.0199659719618183,2020.16152487345,2020.16191847885,698500000,NA
198,199,0.00667840409243328,40.739811980068,-73.883381624207,40.7073101755341,-73.8929491241673,0.0270379814564575,0.0203595773640242,2020.16191847885,2020.16859688294,698500000,NA
198,204,0.00270773450911024,40.739811980068,-73.883381624207,40.737641119104,-73.8684301875613,0.0230673118731345,0.0203595773640242,2020.16191847885,2020.16462621336,698500000,NA
199,203,0.0100313686891819,40.7073101755341,-73.8929491241673,40.6764321914816,-73.9126030254403,0.0370693501456394,0.0270379814564575,2020.16859688294,2020.17862825163,698500000,NA
199,200,0.0779195297317617,40.7073101755341,-73.8929491241673,40.6322862445035,-73.9915386199147,0.104957511188219,0.0270379814564575,2020.16859688294,2020.24651641268,698500000,NA
200,80,0.0103141884180858,40.6322862445035,-73.9915386199147,40.6083150762306,-74.0300277484271,0.115271699606305,0.104957511188219,2020.24651641268,2020.25683060109,698500000,hCoV-19/USA/NY-NYUMC277/2020
200,201,0.0527727702803338,40.6322862445035,-73.9915386199147,40.6908803601489,-73.9708586965404,0.157730281468553,0.104957511188219,2020.24651641268,2020.29928918296,698500000,NA
201,83,0.00125726513768235,40.6908803601489,-73.9708586965404,40.6782158675139,-73.987952152472,0.158987546606235,0.157730281468553,2020.29928918296,2020.30054644809,698500000,hCoV-19/USA/NY-NYUMC472/2020
201,202,0.00441412472648801,40.6908803601489,-73.9708586965404,40.7156364924681,-73.9407686657946,0.162144406195041,0.157730281468553,2020.29928918296,2020.30370330768,698500000,NA
202,82,0.0487557087111345,40.7156364924681,-73.9407686657946,40.6716029294849,-73.9647051965108,0.210900114906176,0.162144406195041,2020.30370330768,2020.35245901639,698500000,hCoV-19/USA/NY-NYUMC897/2020
202,81,0.0460234682812843,40.7156364924681,-73.9407686657946,40.7173091604636,-73.827997629047,0.208167874476325,0.162144406195041,2020.30370330768,2020.34972677596,698500000,hCoV-19/USA/NY-NYUMC893/2020
203,84,0.0618089068406371,40.6764321914816,-73.9126030254403,40.7147122733967,-73.9840697384067,0.0988782569862765,0.0370693501456394,2020.17862825163,2020.24043715847,698500000,hCoV-19/USA/NY-NYUMC534/2020
203,85,0.0918635516506165,40.6764321914816,-73.9126030254403,40.7437375091091,-73.8351008711859,0.128932901796256,0.0370693501456394,2020.17862825163,2020.27049180328,698500000,hCoV-19/USA/NY-NYUMC364/2020
204,86,0.0430240598630806,40.737641119104,-73.8684301875613,40.7302798560701,-74.0029744895201,0.066091371736215,0.0230673118731345,2020.16462621336,2020.20765027322,698500000,hCoV-19/USA/NY-NYUMC27/2020
204,87,0.0785431855529967,40.737641119104,-73.8684301875613,40.6680304230839,-73.7756889246019,0.101610497426131,0.0230673118731345,2020.16462621336,2020.24316939891,698500000,hCoV-19/USA/NY-NYUMC315/2020
205,209,0.017466456435576,40.7419188793083,-73.898635738385,40.7547397853334,-73.8709539796326,0.0396656038642797,0.0221991474287037,2020.16375804892,2020.18122450535,698500000,NA
205,206,0.0153004706495407,40.7419188793083,-73.898635738385,40.7181569225159,-73.8800323220266,0.0374996180782444,0.0221991474287037,2020.16375804892,2020.17905851957,698500000,NA
206,91,0.0559141580378725,40.7181569225159,-73.8800323220266,40.6688046807674,-73.7778079124982,0.0934137761161169,0.0374996180782444,2020.17905851957,2020.2349726776,698500000,hCoV-19/USA/NY-NYUMC811/2020
206,207,0.00561350563579638,40.7181569225159,-73.8800323220266,40.7010318818142,-73.8869912053056,0.0431131237140408,0.0374996180782444,2020.17905851957,2020.1846720252,698500000,NA
207,90,0.0503006524020761,40.7010318818142,-73.8869912053056,40.6909318207711,-73.8196724602627,0.0934137761161169,0.0431131237140408,2020.1846720252,2020.2349726776,698500000,hCoV-19/USA/NY-NYUMC788/2020
207,208,0.00844013095035512,40.7010318818142,-73.8869912053056,40.7130187401426,-73.8588279045699,0.0515532546643959,0.0431131237140408,2020.1846720252,2020.19311215615,698500000,NA
208,88,0.041860521451721,40.7130187401426,-73.8588279045699,40.700962746593,-73.8282086309938,0.0934137761161169,0.0515532546643959,2020.19311215615,2020.2349726776,698500000,hCoV-19/USA/NY-NYUMC802/2020
208,89,0.0582539640717495,40.7130187401426,-73.8588279045699,40.6939227168328,-73.7538659411165,0.109807218736145,0.0515532546643959,2020.19311215615,2020.25136612022,698500000,hCoV-19/USA/NY-NYUMC617/2020
209,93,0.0838028170520395,40.7547397853334,-73.8709539796326,40.6327177911553,-74.0323329993309,0.123468420916319,0.0396656038642797,2020.18122450535,2020.2650273224,698500000,hCoV-19/USA/NY-NYUMC351/2020
209,92,0.0373547296220316,40.7547397853334,-73.8709539796326,40.7641501850388,-73.9126555323891,0.0770203334863113,0.0396656038642797,2020.18122450535,2020.21857923497,698500000,hCoV-19/USA/NY-NYUMC765/2020
210,102,0.0596257966148518,40.7450739022468,-73.9229667152001,40.7523738858961,-73.9833415340605,0.068823612176297,0.00919781556144522,2020.15075671705,2020.21038251366,698500000,hCoV-19/USA/NY-NYUMC221/2020
210,211,0.0105650212033168,40.7450739022468,-73.9229667152001,40.7713890684004,-73.9179854954425,0.019762836764762,0.00919781556144522,2020.15075671705,2020.16132173825,698500000,NA
211,101,0.0927766224114654,40.7713890684004,-73.9179854954425,40.6476911966454,-73.9316369210788,0.112539459176227,0.019762836764762,2020.16132173825,2020.25409836066,698500000,hCoV-19/USA/NY-NYUMC218/2020
211,212,0.00468571840748788,40.7713890684004,-73.9179854954425,40.7837517032172,-73.9082427638129,0.0244485551722499,0.019762836764762,2020.16132173825,2020.16600745666,698500000,NA
212,213,0.000380389593480218,40.7837517032172,-73.9082427638129,40.7833069190222,-73.9104636373068,0.0248289447657301,0.0244485551722499,2020.16600745666,2020.16638784625,698500000,NA
212,94,0.0935553848739098,40.7837517032172,-73.9082427638129,40.6516636679206,-73.8926987998534,0.11800394004616,0.0244485551722499,2020.16600745666,2020.25956284153,698500000,hCoV-19/USA/NY-NYUMC286/2020
213,95,0.115032918780395,40.7833069190222,-73.9104636373068,40.8349009397891,-73.8696575822929,0.139861863546125,0.0248289447657301,2020.16638784625,2020.28142076503,698500000,hCoV-19/USA/NY-NYUMC403/2020
213,214,0.00153052169287368,40.7833069190222,-73.9104636373068,40.7807054382699,-73.9091714820528,0.0263594664586038,0.0248289447657301,2020.16638784625,2020.16791836795,698500000,NA
214,215,0.000726840235354964,40.7807054382699,-73.9091714820528,40.794591857334,-73.8872667966609,0.0270863066939587,0.0263594664586038,2020.16791836795,2020.16864520818,698500000,NA
214,216,0.0183335551255572,40.7807054382699,-73.9091714820528,40.74399481499,-73.9687631857128,0.044693021584161,0.0263594664586038,2020.16791836795,2020.18625192307,698500000,NA
215,96,0.0745241907321724,40.794591857334,-73.8872667966609,40.8834703978805,-73.9117501296647,0.101610497426131,0.0270863066939587,2020.16864520818,2020.24316939891,698500000,hCoV-19/USA/NY-NYUMC519/2020
215,97,0.0827209120421867,40.794591857334,-73.8872667966609,40.8501959648434,-73.9046874548666,0.109807218736145,0.0270863066939587,2020.16864520818,2020.25136612022,698500000,hCoV-19/USA/NY-NYUMC613/2020
216,98,0.0651141971519844,40.74399481499,-73.9687631857128,40.8316369096351,-73.9180837614849,0.109807218736145,0.044693021584161,2020.18625192307,2020.25136612022,698500000,hCoV-19/USA/NY-NYUMC621/2020
216,217,0.020535187067318,40.74399481499,-73.9687631857128,40.6548965179542,-74.0462387604882,0.065228208651479,0.044693021584161,2020.18625192307,2020.20678711014,698500000,NA
217,100,0.0664369335846316,40.6548965179542,-74.0462387604882,40.6890020138941,-73.9017511709742,0.131665142236111,0.065228208651479,2020.20678711014,2020.27322404372,698500000,hCoV-19/USA/NY-NYUMC655/2020
217,99,0.0555079718347627,40.6548965179542,-74.0462387604882,40.5502173307943,-74.1449480700235,0.120736180486242,0.065228208651479,2020.20678711014,2020.26229508197,698500000,hCoV-19/USA/NY-NYUMC231/2020
218,225,0.0178086899531099,40.7108527663463,-73.9022052142365,40.7209682317754,-73.8636026649109,0.024022529799875,0.00621383984676516,2020.14777274133,2020.16558143129,698500000,NA
218,219,0.000137503290882329,40.7108527663463,-73.9022052142365,40.7129955797109,-73.8936753085853,0.00635134313764749,0.00621383984676516,2020.14777274133,2020.14791024462,698500000,NA
219,220,0.000877083702117587,40.7129955797109,-73.8936753085853,40.7172264828576,-73.8758543465391,0.00722842683976507,0.00635134313764749,2020.14791024462,2020.14878732833,698500000,NA
219,221,0.000337830836945413,40.7129955797109,-73.8936753085853,40.7219629902931,-73.8889753123573,0.0066891739745929,0.00635134313764749,2020.14791024462,2020.14824807546,698500000,NA
220,103,0.0834531088364971,40.7172264828576,-73.8758543465391,40.7124989006906,-73.7788014686599,0.0906815356762622,0.00722842683976507,2020.14878732833,2020.23224043716,698500000,hCoV-19/USA/NY-NYUMC708/2020
220,104,0.105311032336462,40.7172264828576,-73.8758543465391,40.6081078999332,-73.9834686626581,0.112539459176227,0.00722842683976507,2020.14878732833,2020.25409836066,698500000,hCoV-19/USA/NY-NYUMC246/2020
221,222,0.0198888759382724,40.7219629902931,-73.8889753123573,40.7300773787883,-73.8773654727873,0.0265780499128653,0.0066891739745929,2020.14824807546,2020.1681369514,698500000,NA
221,224,0.0597045430727646,40.7219629902931,-73.8889753123573,40.7578539277525,-73.8999939532602,0.0663937170473575,0.0066891739745929,2020.14824807546,2020.20795261853,698500000,NA
222,223,0.0153381603583391,40.7300773787883,-73.8773654727873,40.7246423039242,-73.9031919003229,0.0419162102712044,0.0265780499128653,2020.1681369514,2020.18347511176,698500000,NA
222,107,0.0641034857633969,40.7300773787883,-73.8773654727873,40.7214057032357,-73.7989507193224,0.0906815356762622,0.0265780499128653,2020.1681369514,2020.23224043716,698500000,hCoV-19/USA/NY-NYUMC706/2020
223,105,0.0596942871549268,40.7246423039242,-73.9031919003229,40.8918671142442,-73.8595977191749,0.101610497426131,0.0419162102712044,2020.18347511176,2020.24316939891,698500000,hCoV-19/USA/NY-NYUMC524/2020
223,106,0.0487653254050578,40.7246423039242,-73.9031919003229,40.6782883512615,-73.9641616039469,0.0906815356762622,0.0419162102712044,2020.18347511176,2020.23224043716,698500000,hCoV-19/USA/NY-NYUMC755/2020
224,109,0.0270200590687594,40.7578539277525,-73.8999939532602,40.8177010134899,-73.8312716311785,0.0934137761161169,0.0663937170473575,2020.20795261853,2020.2349726776,698500000,hCoV-19/USA/NY-NYUMC825/2020
224,108,0.0406812612489333,40.7578539277525,-73.8999939532602,40.8299470562498,-73.9078920040658,0.107074978296291,0.0663937170473575,2020.20795261853,2020.24863387978,698500000,hCoV-19/USA/NY-NYUMC199/2020
225,226,0.00114662388365866,40.7209682317754,-73.8636026649109,40.7314424678707,-73.8535096497872,0.0251691536835337,0.024022529799875,2020.16558143129,2020.16672805517,698500000,NA
225,115,0.0775879676262561,40.7209682317754,-73.8636026649109,40.8819720108401,-73.866318883948,0.101610497426131,0.024022529799875,2020.16558143129,2020.24316939891,698500000,hCoV-19/USA/NY-NYUMC517/2020
226,110,0.0764413437425975,40.7314424678707,-73.8535096497872,40.6816690112425,-73.800780147207,0.101610497426131,0.0251691536835337,2020.16672805517,2020.24316939891,698500000,hCoV-19/USA/NY-NYUMC567/2020
226,227,0.0142176519568516,40.7314424678707,-73.8535096497872,40.7329395296309,-73.9023524691059,0.0393868056403853,0.0251691536835337,2020.16672805517,2020.18094570713,698500000,NA
227,114,0.0349012874158484,40.7329395296309,-73.9023524691059,40.7346805563875,-73.9226783846122,0.0742880930562337,0.0393868056403853,2020.18094570713,2020.21584699454,698500000,hCoV-19/USA/NY-NYUMC748/2020
227,228,0.00250564272674483,40.7329395296309,-73.9023524691059,40.7343122681063,-73.9163409672497,0.0418924483671301,0.0393868056403853,2020.18094570713,2020.18345134985,698500000,NA
228,229,0.0244838483237578,40.7343122681063,-73.9163409672497,40.7213403150156,-73.8174985352333,0.0663762966908879,0.0418924483671301,2020.18345134985,2020.20793519818,698500000,NA
228,113,0.0651825299291606,40.7343122681063,-73.9163409672497,40.6374920734337,-74.0091464591969,0.107074978296291,0.0418924483671301,2020.18345134985,2020.24863387978,698500000,hCoV-19/USA/NY-NYUMC158/2020
229,111,0.0734855668552369,40.7213403150156,-73.8174985352333,40.6567039733594,-73.8693522558567,0.139861863546125,0.0663762966908879,2020.20793519818,2020.28142076503,698500000,hCoV-19/USA/NY-NYUMC394/2020
229,112,0.128130375595259,40.7213403150156,-73.8174985352333,40.7335534857999,-73.9756898436462,0.194506672286147,0.0663762966908879,2020.20793519818,2020.33606557377,698500000,hCoV-19/USA/NY-NYUMC843/2020
