node1,node2,length,startLat,startLon,endLat,endLon,endNodeL,startNodeL,startYear,endYear,treeID
5,6,0.000251622074900003,40.9681928748098,-73.8123056365913,40.6404012038871,-74.0449796765392,0.000251622074900003,0,2020.20512963475,2020.20538125683,64400000
5,7,0.004871622075,40.9681928748098,-73.8123056365913,40.6484825227391,-74.0403720269406,0.004871622075,0,2020.20512963475,2020.21000125683,64400000
6,1,0.005001256831,40.6404012038871,-74.0449796765392,40.6458569096602,-73.9925275563214,0.0052528789059,0.000251622074900003,2020.20538125683,2020.21038251366,64400000
6,2,0.005001256831,40.6404012038871,-74.0449796765392,40.8475805538418,-73.9350313565954,0.0052528789059,0.000251622074900003,2020.20538125683,2020.21038251366,64400000
7,3,0.03316814208,40.6484825227391,-74.0403720269406,40.7872370101228,-73.9088269034055,0.038039764155,0.004871622075,2020.21000125683,2020.24316939891,64400000
7,4,0.000381256830699998,40.6484825227391,-74.0403720269406,40.7289859771433,-73.9738697488459,0.0052528789057,0.004871622075,2020.21000125683,2020.21038251366,64400000
11,10,0.05777550723,40.5842703711579,-74.0668095985067,40.7403864365989,-73.9241507224218,0.05777550723,0,2020.18539389168,2020.24316939891,64400000
11,12,4.38664015100024e-05,40.5842703711579,-74.0668095985067,40.5912487212504,-74.0635813075377,4.38664015100024e-05,0,2020.18539389168,2020.18543775808,64400000
12,8,0.05773164083,40.5912487212504,-74.0635813075377,40.7664820915073,-73.9712211835497,0.05777550723151,4.38664015100024e-05,2020.18543775808,2020.24316939891,64400000
12,9,0.02494475559,40.5912487212504,-74.0635813075377,40.8033352520053,-73.9482723394473,0.02498862199151,4.38664015100024e-05,2020.18543775808,2020.21038251367,64400000
16,15,0.005771256831,40.555135949452,-73.7754786109615,40.591825798551,-73.7994838371471,0.005771256831,0,2020.20461125683,2020.21038251366,64400000
16,17,0.01394,40.555135949452,-73.7754786109615,40.5885270722742,-74.0239730156162,0.01394,0,2020.20461125683,2020.21855125683,64400000
17,13,0.02461814208,40.5885270722742,-74.0239730156162,40.6219454244052,-74.0275421735791,0.03855814208,0.01394,2020.21855125683,2020.24316939891,64400000
17,14,2.79781420999964e-05,40.5885270722742,-74.0239730156162,40.6423090743195,-74.0137969847641,0.0139679781421,0.01394,2020.21855125683,2020.21857923497,64400000
22,23,9.32813591499985e-05,40.7813797480184,-73.7424628688752,40.8139502522516,-73.7107874950672,9.32813591499985e-05,0,2020.19013797548,2020.19023125684,64400000
22,24,9.32813591499985e-05,40.7813797480184,-73.7424628688752,40.8139502522516,-73.7107874950672,9.32813591499985e-05,0,2020.19013797548,2020.19023125684,64400000
23,18,0.02288349727,40.8139502522516,-73.7107874950672,40.6423544497896,-73.5926320904007,0.02297677862915,9.32813591499985e-05,2020.19023125684,2020.21311475411,64400000
23,19,0.01741901639,40.8139502522516,-73.7107874950672,40.6400616452845,-73.9568867700087,0.01751229774915,9.32813591499985e-05,2020.19023125684,2020.20765027323,64400000
24,20,0.02015125683,40.8139502522516,-73.7107874950672,40.6319818534295,-73.9653275814048,0.02024453818915,9.32813591499985e-05,2020.19023125684,2020.21038251367,64400000
24,21,0.0256157377,40.8139502522516,-73.7107874950672,40.7721905763843,-73.5685682590814,0.02570901905915,9.32813591499985e-05,2020.19023125684,2020.21584699454,64400000
36,37,0.02048284551,40.5337572091209,-74.0655884958325,40.5958480107151,-73.9709420552031,0.02048284551,0,2020.18409125683,2020.20457410234,64400000
36,41,0.02486,40.5337572091209,-74.0655884958325,40.4289065753979,-74.2145306352636,0.02486,0,2020.18409125683,2020.20895125683,64400000
37,38,2.71544880999994e-05,40.5958480107151,-73.9709420552031,40.5983348882155,-73.9720894668654,0.0205099999981,0.02048284551,2020.20457410234,2020.20460125683,64400000
37,39,2.71544880999994e-05,40.5958480107151,-73.9709420552031,40.5983348882155,-73.9720894668654,0.0205099999981,0.02048284551,2020.20457410234,2020.20460125683,64400000
38,25,0.02763918033,40.5983348882155,-73.9720894668654,40.645708403739,-74.0027726860146,0.0481491803281,0.0205099999981,2020.20460125683,2020.23224043716,64400000
38,26,0.005781256831,40.5983348882155,-73.9720894668654,40.7124424156404,-73.7109976510524,0.0262912568291,0.0205099999981,2020.20460125683,2020.21038251366,64400000
39,27,0.003049016394,40.5983348882155,-73.9720894668654,40.5876848186463,-73.9585332341666,0.0235590163921,0.0205099999981,2020.20460125683,2020.20765027322,64400000
39,40,0.00438,40.5983348882155,-73.9720894668654,40.5642034723919,-74.0166361877026,0.0248899999981,0.0205099999981,2020.20460125683,2020.20898125683,64400000
40,28,0.03965262295,40.5642034723919,-74.0166361877026,40.8685596581894,-73.8872296761969,0.0645426229481,0.0248899999981,2020.20898125683,2020.24863387978,64400000
40,29,0.006865737705,40.5642034723919,-74.0166361877026,40.5933231570812,-73.9883867197931,0.0317557377031,0.0248899999981,2020.20898125683,2020.21584699454,64400000
41,30,0.04514710383,40.4289065753979,-74.2145306352636,40.6892004892188,-73.9479166756756,0.07000710383,0.02486,2020.20895125683,2020.25409836066,64400000
41,42,0.000599999999999996,40.4289065753979,-74.2145306352636,40.440751749415,-74.1810187068664,0.02546,0.02486,2020.20895125683,2020.20955125683,64400000
42,43,0.03139792558,40.440751749415,-74.1810187068664,40.6686112672536,-74.0236493865839,0.05685792558,0.02546,2020.20955125683,2020.24094918241,64400000
42,31,0.04454710383,40.440751749415,-74.1810187068664,40.6161212544359,-74.0264915052351,0.07000710383,0.02546,2020.20955125683,2020.25409836066,64400000
43,44,0.000292074417999999,40.6686112672536,-74.0236493865839,40.7485523998416,-73.9600090264606,0.057149999998,0.05685792558,2020.24094918241,2020.24124125683,64400000
43,45,0.002212074418,40.6686112672536,-74.0236493865839,40.7754071691731,-73.9534053384644,0.059069999998,0.05685792558,2020.24094918241,2020.24316125683,64400000
44,32,0.01285710383,40.7485523998416,-73.9600090264606,40.6702388841394,-73.8388987956539,0.070007103828,0.057149999998,2020.24124125683,2020.25409836066,64400000
44,33,0.007392622951,40.7485523998416,-73.9600090264606,40.6378133783144,-74.0079622246127,0.064542622949,0.057149999998,2020.24124125683,2020.24863387978,64400000
45,34,0.01913382514,40.7754071691731,-73.9534053384644,40.6415855134845,-74.0030604301781,0.078203825138,0.059069999998,2020.24316125683,2020.26229508197,64400000
45,35,8.14207668999728e-06,40.7754071691731,-73.9534053384644,40.7714692167331,-73.9557186595342,0.05907814207469,0.059069999998,2020.24316125683,2020.24316939891,64400000
49,46,0.04018262295,40.5060366119823,-73.9400387862242,40.7443013302515,-74.0074254734189,0.04018262295,0,2020.20845125683,2020.24863387978,64400000
49,50,0.000890000000000002,40.5060366119823,-73.9400387862242,40.3288278514123,-73.9538238465095,0.000890000000000002,0,2020.20845125683,2020.20934125683,64400000
50,47,0.01197021858,40.3288278514123,-73.9538238465095,40.7142243117123,-73.7035504693286,0.01286021858,0.000890000000000002,2020.20934125683,2020.22131147541,64400000
50,48,0.006505737705,40.3288278514123,-73.9538238465095,40.6907445665164,-74.0127881308189,0.007395737705,0.000890000000000002,2020.20934125683,2020.21584699454,64400000
54,51,0.02291918033,40.9590004597102,-73.6835164725479,40.6096504240361,-73.7023245921313,0.02291918033,0,2020.20932125683,2020.23224043716,64400000
54,55,0.000230000000000001,40.9590004597102,-73.6835164725479,40.8834340272284,-73.7222399822618,0.000230000000000001,0,2020.20932125683,2020.20955125683,64400000
55,52,0.03361814208,40.8834340272284,-73.7222399822618,40.6074880267473,-74.147372720747,0.03384814208,0.000230000000000001,2020.20955125683,2020.24316939891,64400000
55,53,0.04454710383,40.8834340272284,-73.7222399822618,40.6135154224055,-74.0365572879805,0.04477710383,0.000230000000000001,2020.20955125683,2020.25409836066,64400000
59,56,0.0493215847,40.2896337235984,-74.2299610145331,40.632529852403,-73.9940608236117,0.0493215847,0,2020.21024125683,2020.25956284153,64400000
59,60,0.03243,40.2896337235984,-74.2299610145331,40.2293258576372,-74.244516536083,0.03243,0,2020.21024125683,2020.24267125683,64400000
60,57,0.005962622951,40.2293258576372,-74.244516536083,40.7944987262352,-73.369154973768,0.038392622951,0.03243,2020.24267125683,2020.24863387978,64400000
60,58,0.02235606557,40.2293258576372,-74.244516536083,40.7588112948394,-73.8707744699924,0.05478606557,0.03243,2020.24267125683,2020.2650273224,64400000
64,61,0.02976142077,41.0322422352464,-73.5614857190095,40.7167095477191,-73.719474875543,0.02976142077,0,2020.20521125683,2020.2349726776,64400000
64,65,0.03743,41.0322422352464,-73.5614857190095,40.6067986648071,-74.0127771590588,0.03743,0,2020.20521125683,2020.24264125683,64400000
65,62,0.01145710383,40.6067986648071,-74.0127771590588,40.7252814784632,-73.9753911758932,0.04888710383,0.03743,2020.24264125683,2020.25409836066,64400000
65,63,0.01145710383,40.6067986648071,-74.0127771590588,40.7211552685602,-73.8832756953281,0.04888710383,0.03743,2020.24264125683,2020.25409836066,64400000
70,71,4.70672620000029e-05,40.8201285146574,-73.7822772261999,40.821816066897,-73.7672924340255,4.70672620000029e-05,0,2020.20563418957,2020.20568125683,64400000
70,72,0.04282706726,40.8201285146574,-73.7822772261999,40.5359026247678,-73.9688215055759,0.04282706726,0,2020.20563418957,2020.24846125683,64400000
71,66,0.04295262295,40.821816066897,-73.7672924340255,40.7933569322744,-73.9458025738764,0.042999690212,4.70672620000029e-05,2020.20568125683,2020.24863387978,64400000
71,67,0.04295262295,40.821816066897,-73.7672924340255,40.5853824416312,-73.9013095027236,0.042999690212,4.70672620000029e-05,2020.20568125683,2020.24863387978,64400000
72,68,0.03842398907,40.5359026247678,-73.9688215055759,40.7469221836142,-73.6310132862788,0.08125105633,0.04282706726,2020.24846125683,2020.2868852459,64400000
72,69,0.05481743169,40.5359026247678,-73.9688215055759,40.7411907032831,-73.6381050152815,0.09764449895,0.04282706726,2020.24846125683,2020.30327868852,64400000
77,73,0.07973639344,40.3521196526527,-74.2043242085813,40.6313932405429,-73.9619077556892,0.07973639344,0,2020.23447125683,2020.31420765027,64400000
77,78,0.01203973125,40.3521196526527,-74.2043242085813,40.4506263094532,-74.1317464521159,0.01203973125,0,2020.23447125683,2020.24651098808,64400000
78,74,0.00485513213699999,40.4506263094532,-74.1317464521159,40.7238942061918,-73.9873094834892,0.016894863387,0.01203973125,2020.24651098808,2020.25136612022,64400000
78,79,0.000370268749200001,40.4506263094532,-74.1317464521159,40.449335196993,-74.1331302942567,0.0124099999992,0.01203973125,2020.24651098808,2020.24688125683,64400000
79,75,0.06732639344,40.449335196993,-74.1331302942567,40.766787218595,-73.9563008134171,0.0797363934392,0.0124099999992,2020.24688125683,2020.31420765027,64400000
79,76,0.02087830601,40.449335196993,-74.1331302942567,40.6200432677043,-74.0274934256011,0.0332883060092,0.0124099999992,2020.24688125683,2020.26775956284,64400000
86,87,0.04549,40.7536639993965,-73.7901877368863,40.6536835817352,-74.018388610583,0.04549,0,2020.19767125683,2020.24316125683,64400000
86,88,0.007742964183,40.7536639993965,-73.7901877368863,40.8714745174537,-73.5362875616141,0.007742964183,0,2020.19767125683,2020.20541422101,64400000
87,80,0.01093710383,40.6536835817352,-74.018388610583,40.7183414087368,-73.8567322988419,0.05642710383,0.04549,2020.24316125683,2020.25409836066,64400000
87,81,8.14207668999728e-06,40.6536835817352,-74.018388610583,40.6584644218149,-73.9979595387002,0.04549814207669,0.04549,2020.24316125683,2020.2431693989,64400000
88,89,0.00593586999,40.8714745174537,-73.5362875616141,40.7657840993903,-73.6824136828128,0.013678834173,0.007742964183,2020.20541422101,2020.211350091,64400000
88,90,0.00307703581699999,40.8714745174537,-73.5362875616141,40.8261596445119,-73.5527489295507,0.01082,0.007742964183,2020.20541422101,2020.20849125683,64400000
89,82,0.05640947184,40.7657840993903,-73.6824136828128,40.6038217102242,-74.006602484704,0.070088306013,0.013678834173,2020.211350091,2020.26775956284,64400000
89,83,0.004496903531,40.7657840993903,-73.6824136828128,40.6338778330399,-73.989385120239,0.018175737704,0.013678834173,2020.211350091,2020.21584699453,64400000
90,84,0.04014262295,40.8261596445119,-73.5527489295507,40.6853115520565,-73.9917997631599,0.05096262295,0.01082,2020.20849125683,2020.24863387978,64400000
90,85,0.00189125683100001,40.8261596445119,-73.5527489295507,40.7681554767277,-73.5639201937033,0.012711256831,0.01082,2020.20849125683,2020.21038251366,64400000
113,91,0.01061600642,40.5698168759684,-74.022110694129,40.6158149792072,-74.0133659047416,0.01061600642,0,2020.19976650724,2020.21038251366,64400000
113,114,0.00544128250000001,40.5698168759684,-74.022110694129,40.7146460963722,-73.9094930392262,0.00544128250000001,0,2020.19976650724,2020.20520778974,64400000
114,124,0.00364346708499999,40.7146460963722,-73.9094930392262,40.6501299682781,-73.9417758968264,0.009084749585,0.00544128250000001,2020.20520778974,2020.20885125683,64400000
114,115,0.000246435639699991,40.7146460963722,-73.9094930392262,40.7023960784366,-73.9160771411317,0.0056877181397,0.00544128250000001,2020.20520778974,2020.20545422538,64400000
115,121,0.0001570314455,40.7023960784366,-73.9160771411317,40.6850773024061,-73.9266439478544,0.0058447495852,0.0056877181397,2020.20545422538,2020.20561125683,64400000
115,116,0.00357703144600001,40.7023960784366,-73.9160771411317,40.7852795133127,-73.8532059313073,0.00926474958570001,0.0056877181397,2020.20545422538,2020.20903125683,64400000
116,119,0.000393058084999995,40.7852795133127,-73.8532059313073,40.7764969084556,-73.8528535657273,0.0096578076707,0.00926474958570001,2020.20903125683,2020.20942431492,64400000
116,117,0.0008400364301,40.7852795133127,-73.8532059313073,40.6557810624494,-73.93559555058,0.0101047860158,0.00926474958570001,2020.20903125683,2020.20987129326,64400000
117,94,0.05242378871,40.6557810624494,-73.93559555058,40.6294513445394,-74.0328955442804,0.0625285747258,0.0101047860158,2020.20987129326,2020.26229508197,64400000
117,118,0.02234996357,40.6557810624494,-73.93559555058,40.6529750792708,-73.9832005291576,0.0324547495858,0.0101047860158,2020.20987129326,2020.23222125683,64400000
118,93,0.02187710383,40.6529750792708,-73.9832005291576,40.621759673349,-73.9954774579177,0.0543318534158,0.0324547495858,2020.23222125683,2020.25409836066,64400000
118,92,1.918032796e-05,40.6529750792708,-73.9832005291576,40.6498516234307,-73.9780707749722,0.03247392991376,0.0324547495858,2020.23222125683,2020.23224043716,64400000
119,97,0.01188716049,40.7764969084556,-73.8528535657273,40.687410626304,-73.6132102812536,0.0215449681607,0.0096578076707,2020.20942431492,2020.22131147541,64400000
119,120,0.000126941914999998,40.7764969084556,-73.8528535657273,40.7786273932088,-73.8476955305755,0.0097847495857,0.0096578076707,2020.20942431492,2020.20955125683,64400000
120,95,0.009027978142,40.7786273932088,-73.8476955305755,40.7671449973236,-73.5397639179867,0.0188127277277,0.0097847495857,2020.20955125683,2020.21857923497,64400000
120,96,0.006295737705,40.7786273932088,-73.8476955305755,40.6761235036583,-73.9442990276827,0.0160804872907,0.0097847495857,2020.20955125683,2020.21584699454,64400000
121,122,0.03696,40.6850773024061,-73.9266439478544,40.8876837590504,-73.7068494925099,0.0428047495852,0.0058447495852,2020.20561125683,2020.24257125683,64400000
121,101,0.04302262295,40.6850773024061,-73.9266439478544,40.6697352249377,-73.8053534664248,0.0488673725352,0.0058447495852,2020.20561125683,2020.24863387978,64400000
122,123,0.003,40.8876837590504,-73.7068494925099,41.0391943072162,-73.6078502766527,0.0458047495852,0.0428047495852,2020.24257125683,2020.24557125683,64400000
122,98,0.01972382514,40.8876837590504,-73.7068494925099,40.6777288433665,-73.7897979961816,0.0625285747252,0.0428047495852,2020.24257125683,2020.26229508197,64400000
123,99,0.05497519126,41.0391943072162,-73.6078502766527,40.7005543033556,-73.9111574240547,0.1007799408452,0.0458047495852,2020.24557125683,2020.30054644809,64400000
123,100,0.04131398907,41.0391943072162,-73.6078502766527,40.6570785444089,-73.8854479859042,0.0871187386552,0.0458047495852,2020.24557125683,2020.2868852459,64400000
124,125,0.000640000000000002,40.6501299682781,-73.9417758968264,40.7005324254438,-73.9284551849859,0.009724749585,0.009084749585,2020.20885125683,2020.20949125683,64400000
124,127,0.03047,40.6501299682781,-73.9417758968264,40.9108142278341,-73.644300880872,0.039554749585,0.009084749585,2020.20885125683,2020.23932125683,64400000
125,126,0.000509999999999997,40.7005324254438,-73.9284551849859,40.7225132936308,-73.9316938126098,0.010234749585,0.009724749585,2020.20949125683,2020.21000125683,64400000
125,104,0.03367814208,40.7005324254438,-73.9284551849859,40.67635114511,-73.7419667686421,0.043402891665,0.009724749585,2020.20949125683,2020.24316939891,64400000
126,103,0.03863262295,40.7225132936308,-73.9316938126098,40.6296468120354,-74.036584376357,0.048867372535,0.010234749585,2020.21000125683,2020.24863387978,64400000
126,102,0.03316814208,40.7225132936308,-73.9316938126098,40.7415121013873,-73.9797003591854,0.043402891665,0.010234749585,2020.21000125683,2020.24316939891,64400000
127,128,0.00347,40.9108142278341,-73.644300880872,40.682145394287,-73.6584338230248,0.043024749585,0.039554749585,2020.23932125683,2020.24279125683,64400000
127,129,0.00186,40.9108142278341,-73.644300880872,40.8142073754377,-73.7253627652195,0.041414749585,0.039554749585,2020.23932125683,2020.24118125683,64400000
128,106,0.02223606557,40.682145394287,-73.6584338230248,40.660814001505,-73.5912410163396,0.065260815155,0.043024749585,2020.24279125683,2020.2650273224,64400000
128,105,0.04409398907,40.682145394287,-73.6584338230248,40.7562183356508,-73.6776839901897,0.087118738655,0.043024749585,2020.24279125683,2020.2868852459,64400000
129,107,0.05936519126,40.8142073754377,-73.7253627652195,40.690192955193,-73.6286526293993,0.100779940845,0.041414749585,2020.24118125683,2020.30054644809,64400000
129,130,0.00184,40.8142073754377,-73.7253627652195,40.6906666294262,-73.8538615031183,0.043254749585,0.041414749585,2020.24118125683,2020.24302125683,64400000
130,131,0.00207,40.6906666294262,-73.8538615031183,40.7088545955959,-73.8516116957912,0.045324749585,0.043254749585,2020.24302125683,2020.24509125683,64400000
130,108,0.01927382514,40.6906666294262,-73.8538615031183,40.6251500347963,-74.0075850540924,0.062528574725,0.043254749585,2020.24302125683,2020.26229508197,64400000
131,132,7.00000000000006e-05,40.7088545955959,-73.8516116957912,40.7119517270853,-73.850447665216,0.045394749585,0.045324749585,2020.24509125683,2020.24516125683,64400000
131,133,0.000460000000000002,40.7088545955959,-73.8516116957912,40.654011136358,-73.8916827270489,0.045784749585,0.045324749585,2020.24509125683,2020.24555125683,64400000
132,110,0.003472622951,40.7119517270853,-73.850447665216,40.6727243423903,-73.9369219091187,0.048867372536,0.045394749585,2020.24516125683,2020.24863387978,64400000
132,109,0.003472622951,40.7119517270853,-73.850447665216,40.5962204397465,-73.7693919053331,0.048867372536,0.045394749585,2020.24516125683,2020.24863387978,64400000
133,111,0.003082622951,40.654011136358,-73.8916827270489,40.7283217206164,-73.850524377685,0.048867372536,0.045784749585,2020.24555125683,2020.24863387978,64400000
133,112,0.0140115847,40.654011136358,-73.8916827270489,40.6465113650691,-74.0115350488121,0.059796334285,0.045784749585,2020.24555125683,2020.25956284153,64400000
139,140,0.000409999999999994,40.6882298705185,-73.9674751880645,40.6609237995824,-74.0028617372595,0.000409999999999994,0,2020.20893125682,2020.20934125682,64400000
139,141,0.00109999999999999,40.6882298705185,-73.9674751880645,40.7217682933877,-73.9295023643912,0.00109999999999999,0,2020.20893125682,2020.21003125682,64400000
140,134,0.0502215847,40.6609237995824,-74.0028617372595,40.6242958287709,-74.0398377559007,0.0506315847,0.000409999999999994,2020.20934125682,2020.25956284152,64400000
140,135,0.1376532787,40.6609237995824,-74.0028617372595,40.6778243198708,-74.0035962823457,0.1380632787,0.000409999999999994,2020.20934125682,2020.34699453552,64400000
141,138,0.02494142077,40.7217682933877,-73.9295023643912,40.7505756015527,-73.6497131762703,0.02604142077,0.00109999999999999,2020.21003125682,2020.23497267759,64400000
141,142,0.03856,40.7217682933877,-73.9295023643912,40.8625721629737,-73.866507181728,0.03966,0.00109999999999999,2020.21003125682,2020.24859125682,64400000
142,136,0.01370382514,40.8625721629737,-73.866507181728,40.6362120050425,-74.0107254071118,0.05336382514,0.03966,2020.24859125682,2020.26229508196,64400000
142,137,0.01370382514,40.8625721629737,-73.866507181728,40.6330843995128,-74.0387825769749,0.05336382514,0.03966,2020.24859125682,2020.26229508196,64400000
731,904,0.000393270946399987,40.7365789578152,-73.913824127742,40.720436898044,-73.9206836878894,0.000393270946399987,0,2020.13859694553,2020.13899021647,64400000
731,732,0.001774976953,40.7365789578152,-73.913824127742,40.7282566832065,-73.9123322012065,0.001774976953,0,2020.13859694553,2020.14037192248,64400000
732,733,0.00117933435000001,40.7282566832065,-73.9123322012065,40.7267092469625,-73.9362682116354,0.002954311303,0.001774976953,2020.14037192248,2020.14155125683,64400000
732,748,7.94840654899931e-05,40.7282566832065,-73.9123322012065,40.726684759293,-73.9130216054131,0.00185446101848999,0.001774976953,2020.14037192248,2020.14045140655,64400000
733,734,0.05724049753,40.7267092469625,-73.9362682116354,40.7216055287995,-73.943668928055,0.060194808833,0.002954311303,2020.14155125683,2020.19879175436,64400000
733,747,0.0687,40.7267092469625,-73.9362682116354,40.7008670409366,-73.9404015702457,0.071654311303,0.002954311303,2020.14155125683,2020.21025125683,64400000
734,735,0.000469502474000016,40.7216055287995,-73.943668928055,40.7179893473469,-73.9477278979579,0.060664311307,0.060194808833,2020.19879175436,2020.19926125683,64400000
734,740,0.000300223796800003,40.7216055287995,-73.943668928055,40.7339895430389,-73.9315930267558,0.0604950326298,0.060194808833,2020.19879175436,2020.19909197816,64400000
735,737,0.00645999999999999,40.7179893473469,-73.9477278979579,40.6078209918201,-73.9498945833625,0.067124311307,0.060664311307,2020.19926125683,2020.20572125683,64400000
735,736,0.01067,40.7179893473469,-73.9477278979579,40.6987000617322,-73.9691122761196,0.071334311307,0.060664311307,2020.19926125683,2020.20993125683,64400000
736,143,0.03870262295,40.6987000617322,-73.9691122761196,40.6112158224671,-73.9880540187003,0.110036934257,0.071334311307,2020.20993125683,2020.24863387978,64400000
736,144,0.07422174863,40.6987000617322,-73.9691122761196,40.6700248479394,-73.9902803374386,0.145556059937,0.071334311307,2020.20993125683,2020.28415300546,64400000
737,739,0.00383999999999998,40.6078209918201,-73.9498945833625,40.6408917525257,-73.9957609263777,0.070964311307,0.067124311307,2020.20572125683,2020.20956125683,64400000
737,738,0.00192000000000001,40.6078209918201,-73.9498945833625,40.61262544644,-73.9440492345776,0.069044311307,0.067124311307,2020.20572125683,2020.20764125683,64400000
738,145,9.01639359501827e-06,40.61262544644,-73.9440492345776,40.6122332252007,-73.9447225653472,0.069053327700595,0.069044311307,2020.20764125683,2020.20765027323,64400000
738,146,9.01639359501827e-06,40.61262544644,-73.9440492345776,40.605456475042,-73.9355586895555,0.069053327700595,0.069044311307,2020.20764125683,2020.20765027323,64400000
739,147,0.03907262295,40.6408917525257,-73.9957609263777,40.8752475410637,-73.8308761485969,0.110036934257,0.070964311307,2020.20956125683,2020.24863387978,64400000
739,148,0.06093054645,40.6408917525257,-73.9957609263777,40.6989443086496,-73.9815135151593,0.131894857757,0.070964311307,2020.20956125683,2020.27049180328,64400000
740,741,0.000169278677200013,40.7339895430389,-73.9315930267558,40.7351826206495,-73.9296442687599,0.060664311307,0.0604950326298,2020.19909197816,2020.19926125683,64400000
740,742,0.00925436831900001,40.7339895430389,-73.9315930267558,40.748167500421,-73.9124888109539,0.0697494009488,0.0604950326298,2020.19909197816,2020.20834634648,64400000
741,149,0.04390814208,40.7351826206495,-73.9296442687599,40.7305948746813,-73.9516242346502,0.104572453387,0.060664311307,2020.19926125683,2020.24316939891,64400000
741,150,0.01112125683,40.7351826206495,-73.9296442687599,40.8717631187281,-73.9280059003779,0.071785568137,0.060664311307,2020.19926125683,2020.21038251366,64400000
742,743,0.000104910358599997,40.748167500421,-73.9124888109539,40.747134633938,-73.913720702036,0.0698543113074,0.0697494009488,2020.20834634648,2020.20845125683,64400000
742,744,0.000104910358599997,40.748167500421,-73.9124888109539,40.747134633938,-73.913720702036,0.0698543113074,0.0697494009488,2020.20834634648,2020.20845125683,64400000
743,151,0.01012797814,40.747134633938,-73.913720702036,40.6110011019325,-73.7478724655276,0.0799822894474,0.0698543113074,2020.20845125683,2020.21857923497,64400000
743,152,0.00193125683099998,40.747134633938,-73.913720702036,40.7743593408759,-73.8995054090954,0.0717855681384,0.0698543113074,2020.20845125683,2020.21038251367,64400000
744,153,0.02652142077,40.747134633938,-73.913720702036,40.6139146269085,-74.0036332229254,0.0963757320774,0.0698543113074,2020.20845125683,2020.2349726776,64400000
744,745,0.03752,40.747134633938,-73.913720702036,40.8221538493836,-73.2926367128035,0.1073743113074,0.0698543113074,2020.20845125683,2020.24597125683,64400000
745,746,0.00176,40.8221538493836,-73.2926367128035,40.8178450162704,-73.2896882947622,0.1091343113074,0.1073743113074,2020.24597125683,2020.24773125683,64400000
745,154,0.002662622951,40.8221538493836,-73.2926367128035,40.8452816312356,-73.2555153646337,0.1100369342584,0.1073743113074,2020.24597125683,2020.24863387979,64400000
746,156,0.000902622950900003,40.8178450162704,-73.2896882947622,40.6404774949504,-73.5910181514191,0.1100369342583,0.1091343113074,2020.24773125683,2020.24863387979,64400000
746,155,0.003634863388,40.8178450162704,-73.2896882947622,40.8222427780108,-73.1742324059906,0.1127691746954,0.1091343113074,2020.24773125683,2020.25136612022,64400000
747,157,0.03838262295,40.7008670409366,-73.9404015702457,40.6110341595326,-74.1692043756581,0.110036934253,0.071654311303,2020.21025125683,2020.24863387978,64400000
747,158,0.04111486339,40.7008670409366,-73.9404015702457,40.6032461844581,-73.9368390376192,0.112769174693,0.071654311303,2020.21025125683,2020.25136612022,64400000
748,159,0.07812782843,40.726684759293,-73.9130216054131,40.6610468818328,-73.6521918195148,0.07998228944849,0.00185446101848999,2020.14045140655,2020.21857923498,64400000
748,749,0.03572549881,40.726684759293,-73.9130216054131,40.6753900547291,-73.9261974708339,0.03757995982849,0.00185446101848999,2020.14045140655,2020.17617690536,64400000
749,315,0.0560635318,40.6753900547291,-73.9261974708339,40.6489716120887,-73.8504584581818,0.09364349162849,0.03757995982849,2020.17617690536,2020.23224043716,64400000
749,750,0.000174165280100003,40.6753900547291,-73.9261974708339,40.6764843868552,-73.9263373724694,0.03775412510859,0.03757995982849,2020.17617690536,2020.17635107064,64400000
750,899,0.000312846889199997,40.6764843868552,-73.9263373724694,40.6661826926812,-73.9344561531396,0.03806697199779,0.03775412510859,2020.17635107064,2020.17666391753,64400000
750,751,0.000483657512000024,40.6764843868552,-73.9263373724694,40.6724472074933,-73.9300075565636,0.03823778262059,0.03775412510859,2020.17635107064,2020.17683472815,64400000
751,752,0.000366528684399986,40.6724472074933,-73.9300075565636,40.6750440891626,-73.9277639313652,0.03860431130499,0.03823778262059,2020.17683472815,2020.17720125683,64400000
751,885,0.000366528684399986,40.6724472074933,-73.9300075565636,40.6750440891626,-73.9277639313652,0.03860431130499,0.03823778262059,2020.17683472815,2020.17720125683,64400000
752,160,0.06596814208,40.6750440891626,-73.9277639313652,40.6866963148264,-73.6915184039005,0.10457245338499,0.03860431130499,2020.17720125683,2020.24316939891,64400000
752,753,0.01001810837,40.6750440891626,-73.9277639313652,40.6733662590027,-73.9492711482288,0.04862241967499,0.03860431130499,2020.17720125683,2020.1872193652,64400000
753,754,1.18916284700121e-05,40.6733662590027,-73.9492711482288,40.6722400148516,-73.9499825414699,0.04863431130346,0.04862241967499,2020.1872193652,2020.18723125683,64400000
753,293,0.06961123589,40.6733662590027,-73.9492711482288,40.654418851859,-73.898067873387,0.11823365556499,0.04862241967499,2020.1872193652,2020.25683060109,64400000
754,755,0.00351341542899999,40.6722400148516,-73.9499825414699,40.6550973392619,-73.9503017391108,0.05214772673246,0.04863431130346,2020.18723125683,2020.19074467226,64400000
754,161,0.1324408743,40.6722400148516,-73.9499825414699,40.8525809483289,-73.8824918548016,0.18107518560346,0.04863431130346,2020.18723125683,2020.31967213113,64400000
755,834,0.000155633623599993,40.6550973392619,-73.9503017391108,40.6549763731533,-73.9515830231443,0.05230336035606,0.05214772673246,2020.19074467226,2020.19090030588,64400000
755,756,0.000714864712300006,40.6550973392619,-73.9503017391108,40.660103300935,-73.9481260265056,0.05286259144476,0.05214772673246,2020.19074467226,2020.19145953697,64400000
756,240,0.08176450674,40.660103300935,-73.9481260265056,41.0055492768288,-73.8134000187107,0.13462709818476,0.05286259144476,2020.19145953697,2020.27322404371,64400000
756,757,0.000212467018299994,40.660103300935,-73.9481260265056,40.6595873423159,-73.9473955501154,0.05307505846306,0.05286259144476,2020.19145953697,2020.19167200399,64400000
757,763,0.000125630255699977,40.6595873423159,-73.9473955501154,40.6660420649001,-73.9412681320298,0.05320068871876,0.05307505846306,2020.19167200399,2020.19179763425,64400000
757,758,0.000588706195499999,40.6595873423159,-73.9473955501154,40.6605230634623,-73.9494182947221,0.05366376465856,0.05307505846306,2020.19167200399,2020.19226071019,64400000
758,759,2.05466446200064e-05,40.6605230634623,-73.9494182947221,40.6602080309051,-73.948576794566,0.05368431130318,0.05366376465856,2020.19226071019,2020.19228125683,64400000
758,162,0.03997972697,40.6605230634623,-73.9494182947221,40.6633695908963,-73.7240925783688,0.09364349162856,0.05366376465856,2020.19226071019,2020.23224043716,64400000
759,167,0.0235657377,40.6602080309051,-73.948576794566,40.6965165896376,-73.9917879635143,0.07725004900318,0.05368431130318,2020.19228125683,2020.21584699453,64400000
759,760,0.01564,40.6602080309051,-73.948576794566,40.617848915255,-74.0178420833583,0.06932431130318,0.05368431130318,2020.19228125683,2020.20792125683,64400000
760,761,0.00178777353199999,40.617848915255,-74.0178420833583,40.6419713761403,-74.0089843459613,0.07111208483518,0.06932431130318,2020.20792125683,2020.20970903036,64400000
760,163,0.04071262295,40.617848915255,-74.0178420833583,40.5966541265131,-74.0001253797246,0.11003693425318,0.06932431130318,2020.20792125683,2020.24863387978,64400000
761,762,0.000112226468000021,40.6419713761403,-74.0089843459613,40.6518224178439,-74.0002588889218,0.07122431130318,0.07111208483518,2020.20970903036,2020.20982125683,64400000
761,164,0.000673483298700012,40.6419713761403,-74.0089843459613,40.6336784001767,-74.0143189051405,0.07178556813388,0.07111208483518,2020.20970903036,2020.21038251366,64400000
762,165,0.02515142077,40.6518224178439,-74.0002588889218,40.7860378724196,-73.6232968773065,0.09637573207318,0.07122431130318,2020.20982125683,2020.2349726776,64400000
762,166,0.06340278689,40.6518224178439,-74.0002588889218,40.6890020138941,-73.9017511709742,0.13462709819318,0.07122431130318,2020.20982125683,2020.27322404372,64400000
763,764,0.000324565140200017,40.6660420649001,-73.9412681320298,40.656835592826,-73.9473594870142,0.05352525385896,0.05320068871876,2020.19179763425,2020.19212219939,64400000
763,772,0.00407362258400001,40.6660420649001,-73.9412681320298,40.6567774425477,-73.9624513639796,0.05727431130276,0.05320068871876,2020.19179763425,2020.19587125683,64400000
764,765,0.0001590574442,40.656835592826,-73.9473594870142,40.6501046484435,-73.9547784838029,0.05368431130316,0.05352525385896,2020.19212219939,2020.19228125683,64400000
764,770,0.01700480507,40.656835592826,-73.9473594870142,40.6414779473452,-73.9451414090395,0.07053005892896,0.05352525385896,2020.19212219939,2020.20912700446,64400000
765,766,0.01655730169,40.6501046484435,-73.9547784838029,40.6545664424113,-73.9760541254116,0.07024161299316,0.05368431130316,2020.19228125683,2020.20883855852,64400000
765,173,0.01810125683,40.6501046484435,-73.9547784838029,40.6793738301739,-73.7276249957336,0.07178556813316,0.05368431130316,2020.19228125683,2020.21038251366,64400000
766,168,0.02340187864,40.6545664424113,-73.9760541254116,40.7079503176133,-73.9442355657876,0.09364349163316,0.07024161299316,2020.20883855852,2020.23224043716,64400000
766,767,0.00112269831099998,40.6545664424113,-73.9760541254116,40.6755087523066,-73.9764835491199,0.07136431130416,0.07024161299316,2020.20883855852,2020.20996125683,64400000
767,169,0.05506606557,40.6755087523066,-73.9764835491199,40.6986598928985,-73.9718390084067,0.12643037687416,0.07136431130416,2020.20996125683,2020.2650273224,64400000
767,768,0.000140000000000029,40.6755087523066,-73.9764835491199,40.6738211410102,-73.976339433608,0.07150431130416,0.07136431130416,2020.20996125683,2020.21010125683,64400000
768,170,0.01940693989,40.6738211410102,-73.976339433608,40.69502454646,-73.9456854424974,0.09091125119416,0.07150431130416,2020.21010125683,2020.22950819672,64400000
768,769,0.03033,40.6738211410102,-73.976339433608,40.6821741676957,-73.996911431204,0.10183431130416,0.07150431130416,2020.21010125683,2020.24043125683,64400000
769,171,5.90163956400158e-06,40.6821741676957,-73.996911431204,40.6798891767994,-73.9978602908988,0.101840212943724,0.10183431130416,2020.24043125683,2020.24043715847,64400000
769,172,0.00820262295100001,40.6821741676957,-73.996911431204,40.7116130231664,-73.9768349973209,0.11003693425516,0.10183431130416,2020.24043125683,2020.24863387978,64400000
770,176,0.02584567314,40.6414779473452,-73.9451414090395,40.7055490812184,-73.744671194876,0.09637573206896,0.07053005892896,2020.20912700446,2020.2349726776,64400000
770,771,0.000264252376100005,40.6414779473452,-73.9451414090395,40.6434086963843,-73.9439467949063,0.07079431130506,0.07053005892896,2020.20912700446,2020.20939125683,64400000
771,175,0.03924262295,40.6434086963843,-73.9439467949063,40.7053798561,-73.8360913197813,0.11003693425506,0.07079431130506,2020.20939125683,2020.24863387978,64400000
771,174,0.05290382514,40.6434086963843,-73.9439467949063,40.5502173307943,-74.1449480700235,0.12369813644506,0.07079431130506,2020.20939125683,2020.26229508197,64400000
772,177,0.03910142077,40.6567774425477,-73.9624513639796,40.7443091973029,-73.6509932682728,0.09637573207276,0.05727431130276,2020.19587125683,2020.2349726776,64400000
772,773,0.00181999999999999,40.6567774425477,-73.9624513639796,40.6464829081155,-73.9898008922238,0.05909431130276,0.05727431130276,2020.19587125683,2020.19769125683,64400000
773,789,0.00175000000000003,40.6464829081155,-73.9898008922238,40.6519439976846,-73.9773145566228,0.06084431130276,0.05909431130276,2020.19769125683,2020.19944125683,64400000
773,774,0.00720000000000001,40.6464829081155,-73.9898008922238,40.6538895063139,-73.9690467040414,0.06629431130276,0.05909431130276,2020.19769125683,2020.20489125683,64400000
774,781,0.00413260230600002,40.6538895063139,-73.9690467040414,40.6769476661466,-73.9400376848331,0.07042691360876,0.06629431130276,2020.20489125683,2020.20902385914,64400000
774,775,0.00175,40.6538895063139,-73.9690467040414,40.677576182226,-73.9404718041798,0.06804431130276,0.06629431130276,2020.20489125683,2020.20664125683,64400000
775,776,0.00181000000000001,40.677576182226,-73.9404718041798,40.6331705213214,-73.9515818348351,0.06985431130276,0.06804431130276,2020.20664125683,2020.20845125683,64400000
775,779,0.00181000000000001,40.677576182226,-73.9404718041798,40.6331705213214,-73.9515818348351,0.06985431130276,0.06804431130276,2020.20664125683,2020.20845125683,64400000
776,778,0.00192000000000001,40.6331705213214,-73.9515818348351,40.61262544644,-73.9440492345776,0.07177431130276,0.06985431130276,2020.20845125683,2020.21037125683,64400000
776,777,0.00192000000000001,40.6331705213214,-73.9515818348351,40.61262544644,-73.9440492345776,0.07177431130276,0.06985431130276,2020.20845125683,2020.21037125683,64400000
777,178,1.12568307200078e-05,40.61262544644,-73.9440492345776,40.5982120263363,-73.9692649006235,0.07178556813348,0.07177431130276,2020.21037125683,2020.21038251366,64400000
777,179,1.12568307200078e-05,40.61262544644,-73.9440492345776,40.7284029612764,-73.5603610189625,0.07178556813348,0.07177431130276,2020.21037125683,2020.21038251366,64400000
778,181,1.12568307200078e-05,40.61262544644,-73.9440492345776,40.7138180805203,-73.9371772108089,0.07178556813348,0.07177431130276,2020.21037125683,2020.21038251366,64400000
778,180,1.12568307200078e-05,40.61262544644,-73.9440492345776,40.6327996331228,-74.0212977418014,0.07178556813348,0.07177431130276,2020.21037125683,2020.21038251366,64400000
779,184,0.00193125683100001,40.6331705213214,-73.9515818348351,40.8253841614649,-73.8695040934939,0.07178556813376,0.06985431130276,2020.20845125683,2020.21038251366,64400000
779,780,0.00192000000000001,40.6331705213214,-73.9515818348351,40.61262544644,-73.9440492345776,0.07177431130276,0.06985431130276,2020.20845125683,2020.21037125683,64400000
780,182,1.12568307200078e-05,40.61262544644,-73.9440492345776,40.6381134273036,-73.5774091281966,0.07178556813348,0.07177431130276,2020.21037125683,2020.21038251366,64400000
780,183,1.12568307200078e-05,40.61262544644,-73.9440492345776,40.7069236085608,-73.5364205858607,0.07178556813348,0.07177431130276,2020.21037125683,2020.21038251366,64400000
781,783,0.000247397693599993,40.6769476661466,-73.9400376848331,40.6834890509662,-73.9379611787536,0.07067431130236,0.07042691360876,2020.20902385914,2020.20927125683,64400000
781,782,0.00115739769399997,40.6769476661466,-73.9400376848331,40.6747492621382,-73.9388268526283,0.07158431130276,0.07042691360876,2020.20902385914,2020.21018125683,64400000
782,185,0.07943622951,40.6747492621382,-73.9388268526283,40.6746179220274,-73.7187085862152,0.15102054081276,0.07158431130276,2020.21018125683,2020.28961748634,64400000
782,186,0.07943622951,40.6747492621382,-73.9388268526283,40.7504093691795,-73.9792710885346,0.15102054081276,0.07158431130276,2020.21018125683,2020.28961748634,64400000
783,784,0.000419999999999976,40.6834890509662,-73.9379611787536,40.6486210412521,-73.9370853125446,0.07109431130236,0.07067431130236,2020.20927125683,2020.20969125683,64400000
783,786,0.000586140689999987,40.6834890509662,-73.9379611787536,40.687017703662,-73.9297790212517,0.07126045199236,0.07067431130236,2020.20927125683,2020.20985739752,64400000
784,785,0.000320000000000015,40.6486210412521,-73.9370853125446,40.6402491360588,-73.9824366688271,0.07141431130236,0.07109431130236,2020.20969125683,2020.21001125683,64400000
784,187,0.03894262295,40.6486210412521,-73.9370853125446,40.8414523579559,-73.1847316602195,0.11003693425236,0.07109431130236,2020.20969125683,2020.24863387978,64400000
785,189,0.03862262295,40.6402491360588,-73.9824366688271,40.6985628579873,-73.7485403481327,0.11003693425236,0.07141431130236,2020.21001125683,2020.24863387978,64400000
785,188,0.03862262295,40.6402491360588,-73.9824366688271,40.8166973057371,-73.9597082318423,0.11003693425236,0.07141431130236,2020.21001125683,2020.24863387978,64400000
786,787,0.000103859309999982,40.687017703662,-73.9297790212517,40.6850547394574,-73.9342943586976,0.07136431130236,0.07126045199236,2020.20985739752,2020.20996125683,64400000
786,788,0.03590385931,40.687017703662,-73.9297790212517,40.6986358315083,-73.9511361659258,0.10716431130236,0.07126045199236,2020.20985739752,2020.24576125683,64400000
787,191,0.005885737705,40.6850547394574,-73.9342943586976,40.7318138024681,-73.5521747625156,0.07725004900736,0.07136431130236,2020.20996125683,2020.21584699453,64400000
787,190,0.005885737705,40.6850547394574,-73.9342943586976,40.6370248050965,-73.9780962296249,0.07725004900736,0.07136431130236,2020.20996125683,2020.21584699453,64400000
788,192,0.04112398907,40.6986358315083,-73.9511361659258,40.7011407545875,-73.9305330900457,0.14828830037236,0.10716431130236,2020.24576125683,2020.2868852459,64400000
788,193,0.06571415301,40.6986358315083,-73.9511361659258,40.9073094386182,-73.8589833230906,0.17287846431236,0.10716431130236,2020.24576125683,2020.31147540984,64400000
789,806,0.00918609681799998,40.6519439976846,-73.9773145566228,40.6768430790481,-73.9729207193691,0.07003040812076,0.06084431130276,2020.19944125683,2020.20862735365,64400000
789,790,0.00181999999999999,40.6519439976846,-73.9773145566228,40.6464829081155,-73.9898008922238,0.06266431130276,0.06084431130276,2020.19944125683,2020.20126125683,64400000
790,792,0.00790124538199999,40.6464829081155,-73.9898008922238,40.6341402214,-73.9845945212642,0.07056555668476,0.06266431130276,2020.20126125683,2020.20916250221,64400000
790,791,0.00364999999999999,40.6464829081155,-73.9898008922238,40.7179096085043,-73.5683097001325,0.06631431130276,0.06266431130276,2020.20126125683,2020.20491125683,64400000
791,194,0.00273901639400001,40.7179096085043,-73.5683097001325,40.5912749087691,-74.1122988613584,0.06905332769676,0.06631431130276,2020.20491125683,2020.20765027322,64400000
791,195,6.77595646902951e-06,40.7179096085043,-73.5683097001325,40.717514384323,-73.5690455095307,0.066321087259229,0.06631431130276,2020.20491125683,2020.20491803279,64400000
792,793,0.03887662132,40.6341402214,-73.9845945212642,40.6246470222184,-73.976748212391,0.10944217800476,0.07056555668476,2020.20916250221,2020.24803912353,64400000
792,796,8.99989207800156e-05,40.6341402214,-73.9845945212642,40.6348570986076,-73.9860432585083,0.07065555560554,0.07056555668476,2020.20916250221,2020.20925250113,64400000
793,794,0.000312133295699998,40.6246470222184,-73.976748212391,40.6261430899576,-73.9770867109474,0.10975431130046,0.10944217800476,2020.24803912353,2020.24835125683,64400000
793,795,9.21332957199983e-05,40.6246470222184,-73.976748212391,40.635269151605,-73.9304309029167,0.10953431130048,0.10944217800476,2020.24803912353,2020.24813125683,64400000
794,196,0.05219519126,40.6261430899576,-73.9770867109474,40.7669725010674,-73.8104108821342,0.16194950256046,0.10975431130046,2020.24835125683,2020.30054644809,64400000
794,197,0.05219519126,40.6261430899576,-73.9770867109474,40.5976835502581,-73.9591912565361,0.16194950256046,0.10975431130046,2020.24835125683,2020.30054644809,64400000
795,199,0.05241519126,40.635269151605,-73.9304309029167,40.8802618065014,-73.9136062455795,0.16194950256048,0.10953431130048,2020.24813125683,2020.30054644809,64400000
795,198,0.01962830601,40.635269151605,-73.9304309029167,40.6272091441597,-73.9409420000894,0.12916261731048,0.10953431130048,2020.24813125683,2020.26775956284,64400000
796,798,6.77647302199935e-05,40.6348570986076,-73.9860432585083,40.6351318950905,-73.9857119785757,0.07072332033576,0.07065555560554,2020.20925250113,2020.20932026586,64400000
796,797,0.000768755697600015,40.6348570986076,-73.9860432585083,40.6053950022649,-73.9979429509686,0.07142431130314,0.07065555560554,2020.20925250113,2020.21002125683,64400000
797,200,0.03041590164,40.6053950022649,-73.9979429509686,40.6084915303842,-73.996167568417,0.10184021294314,0.07142431130314,2020.21002125683,2020.24043715847,64400000
797,201,0.03861262295,40.6053950022649,-73.9979429509686,40.6538363801502,-73.980360750428,0.11003693425314,0.07142431130314,2020.21002125683,2020.24863387978,64400000
798,799,7.06971180400029e-05,40.6351318950905,-73.9857119785757,40.6388411138987,-73.9831963752934,0.0707940174538,0.07072332033576,2020.20932026586,2020.20939096298,64400000
798,202,0.0529748161,40.6351318950905,-73.9857119785757,40.6710092133805,-73.9740215722627,0.12369813643576,0.07072332033576,2020.20932026586,2020.26229508196,64400000
799,800,0.000228938163500003,40.6388411138987,-73.9831963752934,40.6422784610188,-73.9824096680571,0.0710229556173,0.0707940174538,2020.20939096298,2020.20961990114,64400000
799,803,0.000400293849400019,40.6388411138987,-73.9831963752934,40.6142747782291,-74.011411188685,0.0711943113032,0.0707940174538,2020.20939096298,2020.20979125683,64400000
800,802,0.000401355685899996,40.6422784610188,-73.9824096680571,40.6454822752697,-73.9784413681651,0.0714243113032,0.0710229556173,2020.20961990114,2020.21002125683,64400000
800,801,0.000401355685899996,40.6422784610188,-73.9824096680571,40.6454822752697,-73.9784413681651,0.0714243113032,0.0710229556173,2020.20961990114,2020.21002125683,64400000
801,204,0.01948693989,40.6454822752697,-73.9784413681651,40.6762105471628,-73.6266386654565,0.0909112511932,0.0714243113032,2020.21002125683,2020.22950819672,64400000
801,203,0.01948693989,40.6454822752697,-73.9784413681651,40.6172154105058,-73.9925603979273,0.0909112511932,0.0714243113032,2020.21002125683,2020.22950819672,64400000
802,206,0.02495142077,40.6454822752697,-73.9784413681651,40.6118393200168,-74.0253056027361,0.0963757320732,0.0714243113032,2020.21002125683,2020.2349726776,64400000
802,205,0.01948693989,40.6454822752697,-73.9784413681651,40.6274803931168,-74.0026948483706,0.0909112511932,0.0714243113032,2020.21002125683,2020.22950819672,64400000
803,207,0.01971693989,40.6142747782291,-74.011411188685,40.6342033311516,-73.996959150955,0.0909112511932,0.0711943113032,2020.20979125683,2020.22950819672,64400000
803,804,0.03146,40.6142747782291,-74.011411188685,40.6438767715178,-73.5543322074986,0.1026543113032,0.0711943113032,2020.20979125683,2020.24125125683,64400000
804,208,0.01011486339,40.6438767715178,-73.5543322074986,40.5915226882281,-73.6147553212808,0.1127691746932,0.1026543113032,2020.24125125683,2020.25136612022,64400000
804,805,0.00186273375400001,40.6438767715178,-73.5543322074986,40.6819902302176,-73.9140230661671,0.1045170450572,0.1026543113032,2020.24125125683,2020.24311399058,64400000
805,209,5.54083225299956e-05,40.6819902302176,-73.9140230661671,40.682251830406,-73.9138695089728,0.10457245337973,0.1045170450572,2020.24311399058,2020.24316939891,64400000
805,210,5.54083225299956e-05,40.6819902302176,-73.9140230661671,41.0312033959187,-73.8644154480355,0.10457245337973,0.1045170450572,2020.24311399058,2020.24316939891,64400000
806,807,0.000463903181600001,40.6768430790481,-73.9729207193691,40.6855574678218,-73.9673950903234,0.07049431130236,0.07003040812076,2020.20862735365,2020.20909125683,64400000
806,814,5.58560604900227e-05,40.6768430790481,-73.9729207193691,40.6772862947166,-73.9681386301256,0.07008626418125,0.07003040812076,2020.20862735365,2020.20868320971,64400000
807,811,0.000400000000000011,40.6855574678218,-73.9673950903234,40.6716271609814,-73.9920143695702,0.07089431130236,0.07049431130236,2020.20909125683,2020.20949125683,64400000
807,808,0.000516072952900015,40.6855574678218,-73.9673950903234,40.6825306235683,-73.9346870319088,0.07101038425526,0.07049431130236,2020.20909125683,2020.20960732978,64400000
808,809,0.000113927047100004,40.6825306235683,-73.9346870319088,40.6799457517044,-73.9315866041893,0.07112431130236,0.07101038425526,2020.20960732978,2020.20972125683,64400000
808,810,0.000113927047100004,40.6825306235683,-73.9346870319088,40.6799457517044,-73.9315866041893,0.07112431130236,0.07101038425526,2020.20960732978,2020.20972125683,64400000
809,211,0.09082519126,40.6799457517044,-73.9315866041893,40.622860656602,-73.9119987365331,0.16194950256236,0.07112431130236,2020.20972125683,2020.30054644809,64400000
809,212,0.03344814208,40.6799457517044,-73.9315866041893,40.8038143835383,-73.6641244012684,0.10457245338236,0.07112431130236,2020.20972125683,2020.24316939891,64400000
810,213,0.09082519126,40.6799457517044,-73.9315866041893,40.6782158675139,-73.987952152472,0.16194950256236,0.07112431130236,2020.20972125683,2020.30054644809,64400000
810,214,0.03344814208,40.6799457517044,-73.9315866041893,40.637370308389,-74.0950650869601,0.10457245338236,0.07112431130236,2020.20972125683,2020.24316939891,64400000
811,813,0.00051000000000001,40.6716271609814,-73.9920143695702,40.6693212037922,-73.9860380508554,0.07140431130236,0.07089431130236,2020.20949125683,2020.21000125683,64400000
811,812,0.000230000000000008,40.6716271609814,-73.9920143695702,40.6749710650016,-73.9923416387202,0.07112431130236,0.07089431130236,2020.20949125683,2020.20972125683,64400000
812,216,0.03344814208,40.6749710650016,-73.9923416387202,40.7254124501849,-73.9803820386231,0.10457245338236,0.07112431130236,2020.20972125683,2020.24316939891,64400000
812,215,0.09082519126,40.6749710650016,-73.9923416387202,40.7627860824586,-73.5186352301801,0.16194950256236,0.07112431130236,2020.20972125683,2020.30054644809,64400000
813,218,0.03863262295,40.6693212037922,-73.9860380508554,40.6865948786429,-74.0044324738125,0.11003693425236,0.07140431130236,2020.21000125683,2020.24863387978,64400000
813,217,0.03316814208,40.6693212037922,-73.9860380508554,40.7059698713338,-73.9540056932043,0.10457245338236,0.07140431130236,2020.21000125683,2020.24316939891,64400000
814,818,0.000356113415399983,40.6772862947166,-73.9681386301256,40.6699260047053,-73.9702891289936,0.07044237759665,0.07008626418125,2020.20868320971,2020.20903932312,64400000
814,815,0.000808047121099997,40.6772862947166,-73.9681386301256,40.6592603599576,-73.9650593621555,0.07089431130235,0.07008626418125,2020.20868320971,2020.20949125683,64400000
815,816,0.000509999999999983,40.6592603599576,-73.9650593621555,40.6592560947031,-73.9655889977059,0.07140431130235,0.07089431130235,2020.20949125683,2020.21000125683,64400000
815,817,0.000509999999999983,40.6592603599576,-73.9650593621555,40.6592560947031,-73.9655889977059,0.07140431130235,0.07089431130235,2020.20949125683,2020.21000125683,64400000
816,220,0.03863262295,40.6592560947031,-73.9655889977059,40.5852948267358,-73.951003045517,0.11003693425235,0.07140431130235,2020.21000125683,2020.24863387978,64400000
816,219,0.03316814208,40.6592560947031,-73.9655889977059,40.6917533371993,-73.542924081623,0.10457245338235,0.07140431130235,2020.21000125683,2020.24316939891,64400000
817,222,0.03863262295,40.6592560947031,-73.9655889977059,40.7138627696353,-73.9329167203985,0.11003693425235,0.07140431130235,2020.21000125683,2020.24863387978,64400000
817,221,0.03316814208,40.6592560947031,-73.9655889977059,40.8834703978805,-73.9117501296647,0.10457245338235,0.07140431130235,2020.21000125683,2020.24316939891,64400000
818,821,0.000501933705700008,40.6699260047053,-73.9702891289936,40.6726744193631,-73.9577295341635,0.07094431130235,0.07044237759665,2020.20903932312,2020.20954125683,64400000
818,819,0.000311933705699985,40.6699260047053,-73.9702891289936,40.6696257001534,-73.9714710845697,0.07075431130235,0.07044237759665,2020.20903932312,2020.20935125683,64400000
819,820,0.03381,40.6696257001534,-73.9714710845697,40.6684774340091,-73.9549891783561,0.10456431130235,0.07075431130235,2020.20935125683,2020.24316125683,64400000
819,223,0.102124153,40.6696257001534,-73.9714710845697,40.6883994136761,-73.6099274957149,0.17287846430235,0.07075431130235,2020.20935125683,2020.31147540983,64400000
820,224,8.14207669000422e-06,40.6684774340091,-73.9549891783561,40.6687172388355,-73.9572236610492,0.10457245337904,0.10456431130235,2020.24316125683,2020.24316939891,64400000
820,225,8.14207669000422e-06,40.6684774340091,-73.9549891783561,40.8277378052576,-73.6963895359584,0.10457245337904,0.10456431130235,2020.24316125683,2020.24316939891,64400000
821,822,0.000249999999999972,40.6726744193631,-73.9577295341635,40.6745174520838,-73.9487605856471,0.07119431130235,0.07094431130235,2020.20954125683,2020.20979125683,64400000
821,827,9.9999999999989e-05,40.6726744193631,-73.9577295341635,40.6735039307873,-73.9573848065769,0.07104431130235,0.07094431130235,2020.20954125683,2020.20964125683,64400000
822,823,0.03574,40.6745174520838,-73.9487605856471,40.6457566431807,-73.9972087079449,0.10693431130235,0.07119431130235,2020.20979125683,2020.24553125683,64400000
822,826,8.00000000000245e-05,40.6745174520838,-73.9487605856471,40.6755313090845,-73.9483072367739,0.07127431130235,0.07119431130235,2020.20979125683,2020.20987125683,64400000
823,825,0.000310000000000005,40.6457566431807,-73.9972087079449,40.6393186590584,-74.0083699653802,0.10724431130235,0.10693431130235,2020.24553125683,2020.24584125683,64400000
823,824,0.000839999999999994,40.6457566431807,-73.9972087079449,40.6519579089572,-73.9875900396408,0.10777431130235,0.10693431130235,2020.24553125683,2020.24637125683,64400000
824,226,0.06510415301,40.6519579089572,-73.9875900396408,40.6710441547741,-73.8459461619124,0.17287846431235,0.10777431130235,2020.24637125683,2020.31147540984,64400000
824,227,0.07056863388,40.6519579089572,-73.9875900396408,40.7208013953516,-73.9803223140162,0.17834294518235,0.10777431130235,2020.24637125683,2020.31693989071,64400000
825,229,0.0137215847,40.6393186590584,-74.0083699653802,40.6292164062156,-74.0208155778937,0.12096589600235,0.10724431130235,2020.24584125683,2020.25956284153,64400000
825,228,0.01918606557,40.6393186590584,-74.0083699653802,40.633921006965,-73.9954237712867,0.12643037687235,0.10724431130235,2020.24584125683,2020.2650273224,64400000
826,230,0.0496915847,40.6755313090845,-73.9483072367739,40.6827921443313,-73.9010400875772,0.12096589600235,0.07127431130235,2020.20987125683,2020.25956284153,64400000
826,231,0.05242382514,40.6755313090845,-73.9483072367739,40.6845821862766,-73.7658469216632,0.12369813644235,0.07127431130235,2020.20987125683,2020.26229508197,64400000
827,828,0.03721746582,40.6735039307873,-73.9573848065769,40.6900155637093,-73.918623935034,0.10826177712235,0.07104431130235,2020.20964125683,2020.24685872265,64400000
827,831,9.00000000000067e-05,40.6735039307873,-73.9573848065769,40.6741053027531,-73.9566303112664,0.07113431130235,0.07104431130235,2020.20964125683,2020.20973125683,64400000
828,829,0.000142534183800003,40.6900155637093,-73.918623935034,40.6925176153438,-73.9206943494957,0.10840431130615,0.10826177712235,2020.24685872265,2020.24700125683,64400000
828,830,0.000142534183800003,40.6900155637093,-73.918623935034,40.6925176153438,-73.9206943494957,0.10840431130615,0.10826177712235,2020.24685872265,2020.24700125683,64400000
829,232,0.00709710382500001,40.6925176153438,-73.9206943494957,40.6288553973435,-73.9998588531161,0.11550141513115,0.10840431130615,2020.24700125683,2020.25409836066,64400000
829,233,0.00709710382500001,40.6925176153438,-73.9206943494957,40.6423879009788,-74.0130621635315,0.11550141513115,0.10840431130615,2020.24700125683,2020.25409836066,64400000
830,235,0.00709710382500001,40.6925176153438,-73.9206943494957,40.6194422551981,-73.9527982092418,0.11550141513115,0.10840431130615,2020.24700125683,2020.25409836066,64400000
830,234,0.00709710382500001,40.6925176153438,-73.9206943494957,40.6947343862267,-73.6863660124152,0.11550141513115,0.10840431130615,2020.24700125683,2020.25409836066,64400000
831,832,0.03722,40.6741053027531,-73.9566303112664,40.5705101242947,-73.9838248056104,0.10835431130235,0.07113431130235,2020.20973125683,2020.24695125683,64400000
831,833,0.03343,40.6741053027531,-73.9566303112664,40.6483836813912,-73.9731791451293,0.10456431130235,0.07113431130235,2020.20973125683,2020.24316125683,64400000
832,237,0.007147103825,40.5705101242947,-73.9838248056104,40.5755737779487,-73.9729160623158,0.11550141512735,0.10835431130235,2020.24695125683,2020.25409836065,64400000
832,236,0.1027755191,40.5705101242947,-73.9838248056104,40.7173091604636,-73.827997629047,0.21112983040235,0.10835431130235,2020.24695125683,2020.34972677593,64400000
833,238,0.005472622951,40.6483836813912,-73.9731791451293,40.6374920734337,-74.0091464591969,0.11003693425335,0.10456431130235,2020.24316125683,2020.24863387978,64400000
833,239,8.14207669000422e-06,40.6483836813912,-73.9731791451293,40.5935968086758,-73.9473715921304,0.10457245337904,0.10456431130235,2020.24316125683,2020.24316939891,64400000
834,292,0.01948220778,40.6549763731533,-73.9515830231443,40.6307546617416,-74.0148062896867,0.07178556813606,0.05230336035606,2020.19090030588,2020.21038251366,64400000
834,835,0.000317046397299986,40.6549763731533,-73.9515830231443,40.6530561568502,-73.9510907045516,0.05262040675336,0.05230336035606,2020.19090030588,2020.19121735228,64400000
835,866,0.000619000064800007,40.6530561568502,-73.9510907045516,40.6518915240012,-73.9517564658373,0.05323940681816,0.05262040675336,2020.19121735228,2020.19183635235,64400000
835,836,0.000106418983100015,40.6530561568502,-73.9510907045516,40.6508277946724,-73.9524277166792,0.05272682573646,0.05262040675336,2020.19121735228,2020.19132377126,64400000
836,837,0.000135038451899994,40.6508277946724,-73.9524277166792,40.6570131139558,-73.9445594375139,0.05286186418836,0.05272682573646,2020.19132377126,2020.19145880972,64400000
836,271,0.07643579158,40.6508277946724,-73.9524277166792,40.7503489458025,-73.8833064187928,0.12916261731646,0.05272682573646,2020.19132377126,2020.26775956284,64400000
837,838,0.000250700940299997,40.6570131139558,-73.9445594375139,40.6539420279969,-73.948932489703,0.05311256512866,0.05286186418836,2020.19145880972,2020.19170951066,64400000
837,241,0.04078162744,40.6570131139558,-73.9445594375139,40.6013802360967,-73.7464622700957,0.09364349162836,0.05286186418836,2020.19145880972,2020.23224043716,64400000
838,859,0.000314921589900014,40.6539420279969,-73.948932489703,40.6684900115028,-73.9449373152013,0.05342748671856,0.05311256512866,2020.19170951066,2020.19202443225,64400000
838,839,1.92090347300167e-05,40.6539420279969,-73.948932489703,40.6537584178086,-73.9486158312803,0.05313177416339,0.05311256512866,2020.19170951066,2020.19172871969,64400000
839,242,0.0651018814,40.6537584178086,-73.9486158312803,40.7258995880839,-73.9275805642905,0.11823365556339,0.05313177416339,2020.19172871969,2020.25683060109,64400000
839,840,0.000234182154499996,40.6537584178086,-73.9486158312803,40.6519210788926,-73.9502503005764,0.05336595631789,0.05313177416339,2020.19172871969,2020.19196290185,64400000
840,841,0.000318354985300001,40.6519210788926,-73.9502503005764,40.692929345467,-73.9058540422718,0.05368431130319,0.05336595631789,2020.19196290185,2020.19228125683,64400000
840,857,0.000318354985300001,40.6519210788926,-73.9502503005764,40.692929345467,-73.9058540422718,0.05368431130319,0.05336595631789,2020.19196290185,2020.19228125683,64400000
841,856,0.01271,40.692929345467,-73.9058540422718,40.61726559163,-73.9366647453142,0.06639431130319,0.05368431130319,2020.19228125683,2020.20499125683,64400000
841,842,0.00867463196900001,40.692929345467,-73.9058540422718,40.6723751232011,-73.9413586977329,0.06235894327219,0.05368431130319,2020.19228125683,2020.2009558888,64400000
842,854,0.000129247051600001,40.6723751232011,-73.9413586977329,40.6691789892237,-73.9419202476592,0.06248819032379,0.06235894327219,2020.2009558888,2020.20108513585,64400000
842,843,0.000365368031499974,40.6723751232011,-73.9413586977329,40.6705170650994,-73.9416998046462,0.06272431130369,0.06235894327219,2020.2009558888,2020.20132125683,64400000
843,243,0.03365142077,40.6705170650994,-73.9416998046462,40.7109546062844,-73.6192486592445,0.09637573207369,0.06272431130369,2020.20132125683,2020.2349726776,64400000
843,844,0.00180000000000002,40.6705170650994,-73.9416998046462,40.6765211187843,-73.9387375840161,0.06452431130369,0.06272431130369,2020.20132125683,2020.20312125683,64400000
844,244,0.04551262295,40.6765211187843,-73.9387375840161,40.6333800360057,-74.0266581131286,0.11003693425369,0.06452431130369,2020.20312125683,2020.24863387978,64400000
844,845,0.00174999999999997,40.6765211187843,-73.9387375840161,40.6789297055053,-73.9325514572577,0.06627431130369,0.06452431130369,2020.20312125683,2020.20487125683,64400000
845,846,0.00176999999999999,40.6789297055053,-73.9325514572577,40.6190068077969,-74.0301272214409,0.06804431130369,0.06627431130369,2020.20487125683,2020.20664125683,64400000
845,850,0.00434810055400003,40.6789297055053,-73.9325514572577,40.63093156309,-73.9344290630479,0.07062241185769,0.06627431130369,2020.20487125683,2020.20921935739,64400000
846,245,0.05018934426,40.6190068077969,-74.0301272214409,40.6111728111409,-74.0306026069292,0.11823365556369,0.06804431130369,2020.20664125683,2020.25683060109,64400000
846,847,0.00181000000000003,40.6190068077969,-74.0301272214409,40.6277286422789,-74.0241233790264,0.06985431130369,0.06804431130369,2020.20664125683,2020.20845125683,64400000
847,849,0.000639999999999974,40.6277286422789,-74.0241233790264,40.6351290684391,-74.0284208852378,0.07049431130369,0.06985431130369,2020.20845125683,2020.20909125683,64400000
847,848,0.00191999999999998,40.6277286422789,-74.0241233790264,40.6162180572693,-73.9823429954223,0.07177431130369,0.06985431130369,2020.20845125683,2020.21037125683,64400000
848,246,1.12568307200078e-05,40.6162180572693,-73.9823429954223,40.6172819144956,-73.981848332585,0.07178556813441,0.07177431130369,2020.21037125683,2020.21038251366,64400000
848,247,1.12568307200078e-05,40.6162180572693,-73.9823429954223,40.5912135954007,-73.9614728652076,0.07178556813441,0.07177431130369,2020.21037125683,2020.21038251366,64400000
849,249,0.00129125683100001,40.6351290684391,-74.0284208852378,40.6409842221444,-74.023694482419,0.07178556813469,0.07049431130369,2020.20909125683,2020.21038251366,64400000
849,248,0.00675573770500001,40.6351290684391,-74.0284208852378,40.5883985697093,-73.9393607944483,0.07725004900869,0.07049431130369,2020.20909125683,2020.21584699454,64400000
850,851,0.000233088572099971,40.63093156309,-73.9344290630479,40.6493954219142,-73.9094135943692,0.07085550042979,0.07062241185769,2020.20921935739,2020.20945244596,64400000
850,250,0.0394145224,40.63093156309,-73.9344290630479,40.6588712867245,-73.5462564415834,0.11003693425769,0.07062241185769,2020.20921935739,2020.24863387979,64400000
851,853,0.000218810873500008,40.6493954219142,-73.9094135943692,40.6516214909492,-73.9088119835228,0.07107431130329,0.07085550042979,2020.20945244596,2020.20967125683,64400000
851,852,0.000378810873500002,40.6493954219142,-73.9094135943692,40.6546278178788,-73.9010999983556,0.07123431130329,0.07085550042979,2020.20945244596,2020.20983125683,64400000
852,251,0.03060590164,40.6546278178788,-73.9010999983556,40.7231407280431,-73.7086427576017,0.10184021294329,0.07123431130329,2020.20983125683,2020.24043715847,64400000
852,252,0.0497315847,40.6546278178788,-73.9010999983556,40.6516636679206,-73.8926987998534,0.12096589600329,0.07123431130329,2020.20983125683,2020.25956284153,64400000
853,253,0.0717495082,40.6516214909492,-73.9088119835228,40.6050178875163,-74.1819263677214,0.14282381950329,0.07107431130329,2020.20967125683,2020.28142076503,64400000
853,254,0.06082054645,40.6516214909492,-73.9088119835228,40.6570374191144,-73.8711213105992,0.13189485775329,0.07107431130329,2020.20967125683,2020.27049180328,64400000
854,255,0.03935202262,40.6691789892237,-73.9419202476592,40.696961195457,-73.9294524800116,0.10184021294379,0.06248819032379,2020.20108513585,2020.24043715847,64400000
854,855,0.000236120979899973,40.6691789892237,-73.9419202476592,40.6735117798847,-73.9389011595124,0.06272431130369,0.06248819032379,2020.20108513585,2020.20132125683,64400000
855,256,0.00632901639400002,40.6735117798847,-73.9389011595124,40.7302798560701,-74.0029744895201,0.06905332769769,0.06272431130369,2020.20132125683,2020.20765027322,64400000
855,257,0.03091918033,40.6735117798847,-73.9389011595124,40.6344692750177,-73.7189173809178,0.09364349163369,0.06272431130369,2020.20132125683,2020.23224043716,64400000
856,259,0.005391256831,40.61726559163,-73.9366647453142,40.7498918366212,-73.646364889107,0.07178556813419,0.06639431130319,2020.20499125683,2020.21038251366,64400000
856,258,0.005391256831,40.61726559163,-73.9366647453142,40.7128579562522,-73.8344621815468,0.07178556813419,0.06639431130319,2020.20499125683,2020.21038251366,64400000
857,858,0.0174,40.692929345467,-73.9058540422718,40.5891976869553,-74.0263679622666,0.07108431130319,0.05368431130319,2020.19228125683,2020.20968125683,64400000
857,260,0.09733622951,40.692929345467,-73.9058540422718,40.7697682503486,-73.656664521581,0.15102054081319,0.05368431130319,2020.19228125683,2020.28961748634,64400000
858,262,0.05807830601,40.5891976869553,-74.0263679622666,40.5978164780544,-73.9623792006783,0.12916261731319,0.07108431130319,2020.20968125683,2020.26775956284,64400000
858,261,0.04441710383,40.5891976869553,-74.0263679622666,40.6476911966454,-73.9316369210788,0.11550141513319,0.07108431130319,2020.20968125683,2020.25409836066,64400000
859,864,0.01796109703,40.6684900115028,-73.9449373152013,40.6082315059531,-74.0039225260086,0.07138858374856,0.05342748671856,2020.19202443225,2020.20998552928,64400000
859,860,0.000256824584599996,40.6684900115028,-73.9449373152013,40.6717926521719,-73.9387861071046,0.05368431130316,0.05342748671856,2020.19202443225,2020.19228125683,64400000
860,267,0.01536901639,40.6717926521719,-73.9387861071046,40.6400722120113,-73.9457357415987,0.06905332769316,0.05368431130316,2020.19228125683,2020.20765027322,64400000
860,861,0.01710808665,40.6717926521719,-73.9387861071046,40.7020124151453,-73.978214676418,0.07079239795316,0.05368431130316,2020.19228125683,2020.20938934348,64400000
861,863,0.03581191335,40.7020124151453,-73.978214676418,40.7579315735223,-73.8849678979737,0.10660431130316,0.07079239795316,2020.20938934348,2020.24520125683,64400000
861,862,0.000291913345299988,40.7020124151453,-73.978214676418,40.719179197238,-73.9580919361365,0.07108431129846,0.07079239795316,2020.20938934348,2020.20968125683,64400000
862,263,0.00343349726800002,40.719179197238,-73.9580919361365,40.7148656490405,-73.95863088185,0.07451780856646,0.07108431129846,2020.20968125683,2020.21311475409,64400000
862,264,0.02255918033,40.719179197238,-73.9580919361365,40.7082501523753,-73.9621520770401,0.09364349162846,0.07108431129846,2020.20968125683,2020.23224043716,64400000
863,265,0.003432622951,40.7579315735223,-73.8849678979737,40.7685584239299,-73.8784796049089,0.11003693425416,0.10660431130316,2020.24520125683,2020.24863387978,64400000
863,266,0.02802278689,40.7579315735223,-73.8849678979737,40.6695201071688,-73.9309474355619,0.13462709819316,0.10660431130316,2020.24520125683,2020.27322404372,64400000
864,865,1.57275554200087e-05,40.6082315059531,-74.0039225260086,40.6081454403671,-74.0039251630448,0.07140431130398,0.07138858374856,2020.20998552928,2020.21000125683,64400000
864,270,0.008593705698,40.6082315059531,-74.0039225260086,40.6460449011183,-73.9794741267207,0.07998228944656,0.07138858374856,2020.20998552928,2020.21857923497,64400000
865,268,0.04409710383,40.6081454403671,-74.0039251630448,40.6360286212019,-74.0203378996871,0.11550141513398,0.07140431130398,2020.21000125683,2020.25409836066,64400000
865,269,0.03316814208,40.6081454403671,-74.0039251630448,40.5588971737886,-73.8909094525008,0.10457245338398,0.07140431130398,2020.21000125683,2020.24316939891,64400000
866,867,9.22750079299095e-06,40.6518915240012,-73.9517564658373,40.6484519265194,-73.9539656642391,0.053248634318953,0.05323940681816,2020.19183635235,2020.19184557985,64400000
866,878,4.40995564600088e-05,40.6518915240012,-73.9517564658373,40.6530040687808,-73.9510506161501,0.05328350637462,0.05323940681816,2020.19183635235,2020.1918804519,64400000
867,875,7.84423902300269e-05,40.6484519265194,-73.9539656642391,40.7399023174067,-73.7918159656522,0.053327076709183,0.053248634318953,2020.19184557985,2020.19192402224,64400000
867,868,0.000271971093800005,40.6484519265194,-73.9539656642391,40.6477309872151,-73.9499964191952,0.053520605412753,0.053248634318953,2020.19184557985,2020.19211755094,64400000
868,869,6.88930329300064e-05,40.6477309872151,-73.9499964191952,40.6841774722915,-73.925207698827,0.053589498445683,0.053520605412753,2020.19211755094,2020.19218644397,64400000
868,874,0.000163705890500021,40.6477309872151,-73.9499964191952,40.6484001718788,-73.9511973252561,0.053684311303253,0.053520605412753,2020.19211755094,2020.19228125683,64400000
869,870,0.01818481286,40.6841774722915,-73.925207698827,40.7910141075731,-73.7955193387737,0.071774311305683,0.053589498445683,2020.19218644397,2020.21037125683,64400000
869,871,9.48128575500029e-05,40.6841774722915,-73.925207698827,40.6856130010983,-73.9207328890211,0.053684311303233,0.053589498445683,2020.19218644397,2020.19228125683,64400000
870,272,1.12568307199801e-05,40.7910141075731,-73.7955193387737,40.6617850036736,-73.5452199642383,0.071785568136403,0.071774311305683,2020.21037125683,2020.21038251366,64400000
870,273,1.12568307199801e-05,40.7910141075731,-73.7955193387737,40.7882338398297,-73.7974970231813,0.071785568136403,0.071774311305683,2020.21037125683,2020.21038251366,64400000
871,277,0.01810125683,40.6856130010983,-73.9207328890211,40.7559116309146,-73.9697831534962,0.071785568133233,0.053684311303233,2020.19228125683,2020.21038251366,64400000
871,872,0.0162,40.6856130010983,-73.9207328890211,40.6817671730701,-73.770785761989,0.069884311303233,0.053684311303233,2020.19228125683,2020.20848125683,64400000
872,873,0.00189,40.6817671730701,-73.770785761989,40.6832061032092,-73.7808665046365,0.071774311303233,0.069884311303233,2020.20848125683,2020.21037125683,64400000
872,274,0.03468814208,40.6817671730701,-73.770785761989,40.6562581241589,-73.8966236149505,0.104572453383233,0.069884311303233,2020.20848125683,2020.24316939891,64400000
873,276,0.05192382514,40.6832061032092,-73.7808665046365,40.6720286393196,-73.8064605127022,0.123698136443233,0.071774311303233,2020.21037125683,2020.26229508197,64400000
873,275,1.12568307199801e-05,40.6832061032092,-73.7808665046365,40.6831259909713,-73.7809490803789,0.071785568133953,0.071774311303233,2020.21037125683,2020.21038251366,64400000
874,279,0.01810125683,40.6484001718788,-73.9511973252561,40.6286152604405,-73.9623811957793,0.071785568133253,0.053684311303253,2020.19228125683,2020.21038251366,64400000
874,278,0.05635262295,40.6484001718788,-73.9511973252561,40.6775143432447,-73.9567086629512,0.110036934253253,0.053684311303253,2020.19228125683,2020.24863387978,64400000
875,283,0.01845849142,40.7399023174067,-73.7918159656522,40.7493569591868,-73.8246411190464,0.071785568129183,0.053327076709183,2020.19192402224,2020.21038251366,64400000
875,876,0.000357234594,40.7399023174067,-73.7918159656522,40.7406403185533,-73.7917862950719,0.053684311303183,0.053327076709183,2020.19192402224,2020.19228125683,64400000
876,282,0.05635262295,40.7406403185533,-73.7917862950719,40.6871946097698,-73.8153140045002,0.110036934253183,0.053684311303183,2020.19228125683,2020.24863387978,64400000
876,877,0.01496,40.7406403185533,-73.7917862950719,40.7909289334243,-73.7556311152271,0.068644311303183,0.053684311303183,2020.19228125683,2020.20724125683,64400000
877,280,0.06598278689,40.7909289334243,-73.7556311152271,40.7247275862232,-73.9809319241174,0.134627098193183,0.068644311303183,2020.20724125683,2020.27322404372,64400000
877,281,0.04685710383,40.7909289334243,-73.7556311152271,40.6886604130387,-73.581644825317,0.115501415133183,0.068644311303183,2020.20724125683,2020.25409836066,64400000
878,882,0.000111554088800009,40.6530040687808,-73.9510506161501,40.6556428663119,-73.9481255962719,0.05339506046342,0.05328350637462,2020.1918804519,2020.19199200599,64400000
878,879,0.000130395805800015,40.6530040687808,-73.9510506161501,40.7049205463857,-73.6776652886592,0.05341390218042,0.05328350637462,2020.1918804519,2020.19201084771,64400000
879,880,0.01290040912,40.7049205463857,-73.6776652886592,40.6970604892028,-73.6853272210981,0.06631431130042,0.05341390218042,2020.19201084771,2020.20491125683,64400000
879,287,0.08940991732,40.7049205463857,-73.6776652886592,40.7227447030309,-73.5283661417508,0.14282381950042,0.05341390218042,2020.19201084771,2020.28142076503,64400000
880,284,6.77595646900175e-06,40.6970604892028,-73.6853272210981,40.6977668875748,-73.6852849258875,0.066321087256889,0.06631431130042,2020.20491125683,2020.20491803278,64400000
880,881,0.03825,40.6970604892028,-73.6853272210981,40.7733830870588,-73.4233321077268,0.10456431130042,0.06631431130042,2020.20491125683,2020.24316125683,64400000
881,286,0.005472622951,40.7733830870588,-73.4233321077268,40.6658238585264,-73.4596869430576,0.11003693425142,0.10456431130042,2020.24316125683,2020.24863387978,64400000
881,285,8.14207669000422e-06,40.7733830870588,-73.4233321077268,40.7740060949802,-73.4227761057649,0.10457245337711,0.10456431130042,2020.24316125683,2020.2431693989,64400000
882,884,0.000289250839799998,40.6556428663119,-73.9481255962719,40.655678127684,-73.9441076237048,0.05368431130322,0.05339506046342,2020.19199200599,2020.19228125683,64400000
882,883,0.000289250839799998,40.6556428663119,-73.9481255962719,40.655678127684,-73.9441076237048,0.05368431130322,0.05339506046342,2020.19199200599,2020.19228125683,64400000
883,289,0.08094278689,40.655678127684,-73.9441076237048,40.6076405506124,-73.9273610565335,0.13462709819322,0.05368431130322,2020.19228125683,2020.27322404372,64400000
883,288,0.06181710383,40.655678127684,-73.9441076237048,40.6304493086607,-73.9634652188094,0.11550141513322,0.05368431130322,2020.19228125683,2020.25409836066,64400000
884,291,0.05908486339,40.655678127684,-73.9441076237048,40.7372474897535,-73.8360832900241,0.11276917469322,0.05368431130322,2020.19228125683,2020.25136612022,64400000
884,290,0.05362038251,40.655678127684,-73.9441076237048,40.6216150235714,-74.0157116066432,0.10730469381322,0.05368431130322,2020.19228125683,2020.24590163934,64400000
885,294,0.07689710383,40.6750440891626,-73.9277639313652,40.6574726980519,-73.9084473050704,0.11550141513499,0.03860431130499,2020.17720125683,2020.25409836066,64400000
885,886,0.01576,40.6750440891626,-73.9277639313652,40.6730428900001,-73.9266744989867,0.05436431130499,0.03860431130499,2020.17720125683,2020.19296125683,64400000
886,890,0.01369,40.6730428900001,-73.9266744989867,40.692273714356,-73.9088216842267,0.06805431130499,0.05436431130499,2020.19296125683,2020.20665125683,64400000
886,887,0.01638,40.6730428900001,-73.9266744989867,40.5993688476379,-74.0297358072654,0.07074431130499,0.05436431130499,2020.19296125683,2020.20934125683,64400000
887,888,5e-04,40.5993688476379,-74.0297358072654,40.5997646043903,-74.0298487790898,0.07124431130499,0.07074431130499,2020.20934125683,2020.20984125683,64400000
887,889,0.000549999999999995,40.5993688476379,-74.0297358072654,40.5973338825815,-74.0319902650811,0.07129431130499,0.07074431130499,2020.20934125683,2020.20989125683,64400000
888,295,0.03332814208,40.5997646043903,-74.0298487790898,40.8819720108401,-73.866318883948,0.10457245338499,0.07124431130499,2020.20984125683,2020.24316939891,64400000
888,296,0.05791830601,40.5997646043903,-74.0298487790898,40.6148627871518,-74.0331606258555,0.12916261731499,0.07124431130499,2020.20984125683,2020.26775956284,64400000
889,298,0.05513606557,40.5973338825815,-74.0319902650811,40.6077120967572,-74.0257371525227,0.12643037687499,0.07129431130499,2020.20989125683,2020.2650273224,64400000
889,297,0.06333278689,40.5973338825815,-74.0319902650811,40.6975987150753,-73.9182610795546,0.13462709819499,0.07129431130499,2020.20989125683,2020.27322404372,64400000
890,894,0.00178,40.692273714356,-73.9088216842267,40.7032880568846,-73.898401889878,0.06983431130499,0.06805431130499,2020.20665125683,2020.20843125683,64400000
890,891,0.0018,40.692273714356,-73.9088216842267,40.6912252577594,-73.9112721879392,0.06985431130499,0.06805431130499,2020.20665125683,2020.20845125683,64400000
891,892,9.99999999998225e-06,40.6912252577594,-73.9112721879392,40.6899244148123,-73.9121368481558,0.06986431130499,0.06985431130499,2020.20845125683,2020.20846125683,64400000
891,299,0.00193125683100001,40.6912252577594,-73.9112721879392,40.7666777381162,-73.9692001976305,0.07178556813599,0.06985431130499,2020.20845125683,2020.21038251366,64400000
892,300,0.03744038251,40.6899244148123,-73.9121368481558,40.7790452494831,-73.9093402245291,0.10730469381499,0.06986431130499,2020.20846125683,2020.24590163934,64400000
892,893,0.0347,40.6899244148123,-73.9121368481558,40.580756261307,-73.8263285212793,0.10456431130499,0.06986431130499,2020.20846125683,2020.24316125683,64400000
893,302,0.01093710383,40.580756261307,-73.8263285212793,40.5931745303049,-73.7726750441845,0.11550141513499,0.10456431130499,2020.24316125683,2020.25409836066,64400000
893,301,8.14207669000422e-06,40.580756261307,-73.8263285212793,40.5814922328351,-73.8259079163823,0.10457245338168,0.10456431130499,2020.24316125683,2020.24316939891,64400000
894,895,0.000855516910300003,40.7032880568846,-73.898401889878,40.702451797697,-73.8885905510341,0.07068982821529,0.06983431130499,2020.20843125683,2020.20928677374,64400000
894,897,0.00119231750600002,40.7032880568846,-73.898401889878,40.6950517791477,-73.9063717756123,0.07102662881099,0.06983431130499,2020.20843125683,2020.20962357434,64400000
895,303,0.04481158691,40.702451797697,-73.8885905510341,40.6857666321032,-73.545033677029,0.11550141512529,0.07068982821529,2020.20928677374,2020.25409836065,64400000
895,896,0.00104448308999999,40.702451797697,-73.8885905510341,40.6635720893657,-74.0286910884212,0.07173431130529,0.07068982821529,2020.20928677374,2020.21033125683,64400000
896,305,0.04376710383,40.6635720893657,-74.0286910884212,40.6448675988566,-74.0129848272053,0.11550141513529,0.07173431130529,2020.21033125683,2020.25409836066,64400000
896,304,0.04376710383,40.6635720893657,-74.0286910884212,40.7925812072459,-73.9483365136793,0.11550141513529,0.07173431130529,2020.21033125683,2020.25409836066,64400000
897,306,0.0581359885,40.6950517791477,-73.9063717756123,40.648296522881,-73.9144224411191,0.12916261731099,0.07102662881099,2020.20962357434,2020.26775956284,64400000
897,898,0.03079768249,40.6950517791477,-73.9063717756123,40.7167534333605,-73.9821482389167,0.10182431130099,0.07102662881099,2020.20962357434,2020.24042125683,64400000
898,308,1.59016395600009e-05,40.7167534333605,-73.9821482389167,40.7147122733967,-73.9840697384067,0.10184021294055,0.10182431130099,2020.24042125683,2020.24043715847,64400000
898,307,0.002748142077,40.7167534333605,-73.9821482389167,40.6816690112425,-73.800780147207,0.10457245337799,0.10182431130099,2020.24042125683,2020.24316939891,64400000
899,901,0.000215169900599999,40.6661826926812,-73.9344561531396,40.6653444768192,-73.9345325832431,0.03828214189839,0.03806697199779,2020.17666391753,2020.17687908743,64400000
899,900,0.000537339307300017,40.6661826926812,-73.9344561531396,40.6637689603772,-73.9298656285693,0.03860431130509,0.03806697199779,2020.17666391753,2020.17720125683,64400000
900,309,0.06870038251,40.6637689603772,-73.9298656285693,40.7331735319117,-73.6850221018251,0.10730469381509,0.03860431130509,2020.17720125683,2020.24590163934,64400000
900,310,0.07143262295,40.6637689603772,-73.9298656285693,40.6635518173858,-73.9493415056668,0.11003693425509,0.03860431130509,2020.17720125683,2020.24863387978,64400000
901,902,0.000322169406700018,40.6653444768192,-73.9345325832431,40.6759350137685,-74.0069353002742,0.03860431130509,0.03828214189839,2020.17687908743,2020.17720125683,64400000
901,311,0.08268375411,40.6653444768192,-73.9345325832431,40.6343467371844,-74.036630688177,0.12096589600839,0.03828214189839,2020.17687908743,2020.25956284154,64400000
902,314,0.07416486339,40.6759350137685,-74.0069353002742,40.7257922298376,-73.9864830318606,0.11276917469509,0.03860431130509,2020.17720125683,2020.25136612022,64400000
902,903,0.03224,40.6759350137685,-74.0069353002742,40.6154006996999,-73.8112415289556,0.07084431130509,0.03860431130509,2020.17720125683,2020.20944125683,64400000
903,313,0.04192486339,40.6154006996999,-73.8112415289556,40.6939227168328,-73.7538659411165,0.11276917469509,0.07084431130509,2020.20944125683,2020.25136612022,64400000
903,312,0.04465710383,40.6154006996999,-73.8112415289556,40.7603694777079,-73.5137718252853,0.11550141513509,0.07084431130509,2020.20944125683,2020.25409836066,64400000
904,905,0.000324905867000014,40.720436898044,-73.9206836878894,40.7196977348772,-73.9230748599619,0.000718176813400001,0.000393270946399987,2020.13899021647,2020.13931512234,64400000
904,1301,0.00183740065900001,40.720436898044,-73.9206836878894,40.7587582337351,-73.8974264429843,0.0022306716054,0.000393270946399987,2020.13899021647,2020.14082761713,64400000
905,1296,0.001667722742,40.7196977348772,-73.9230748599619,40.7175578542971,-73.9078291628317,0.0023858995554,0.000718176813400001,2020.13931512234,2020.14098284508,64400000
905,906,0.00035580510210001,40.7196977348772,-73.9230748599619,40.6907778624411,-73.944242834293,0.00107398191550001,0.000718176813400001,2020.13931512234,2020.13967092744,64400000
906,1290,0.00102376867099999,40.6907778624411,-73.944242834293,40.6883681085026,-73.941045359026,0.0020977505865,0.00107398191550001,2020.13967092744,2020.14069469611,64400000
906,907,0.000253166838499991,40.6907778624411,-73.944242834293,40.6915765898975,-73.9432115918312,0.001327148754,0.00107398191550001,2020.13967092744,2020.13992409428,64400000
907,908,0.00135713026000001,40.6915765898975,-73.9432115918312,40.6848827466146,-73.9557172543353,0.00268427901400001,0.001327148754,2020.13992409428,2020.14128122454,64400000
907,916,0.000217636865600002,40.6915765898975,-73.9432115918312,40.6884104472823,-73.9485046938569,0.0015447856196,0.001327148754,2020.13992409428,2020.14014173115,64400000
908,912,0.05680339942,40.6848827466146,-73.9557172543353,40.6016012595941,-73.9992809784547,0.059487678434,0.00268427901400001,2020.14128122454,2020.19808462396,64400000
908,909,0.06458003229,40.6848827466146,-73.9557172543353,40.6643023416105,-73.9512682870171,0.067264311304,0.00268427901400001,2020.14128122454,2020.20586125683,64400000
909,316,0.02637918033,40.6643023416105,-73.9512682870171,40.7214057032357,-73.7989507193224,0.093643491634,0.067264311304,2020.20586125683,2020.23224043716,64400000
909,910,0.00401999999999997,40.6643023416105,-73.9512682870171,40.6657304382011,-73.9523807133159,0.071284311304,0.067264311304,2020.20586125683,2020.20988125683,64400000
910,911,0.03328,40.6657304382011,-73.9523807133159,40.7228991937523,-73.9757575173411,0.104564311304,0.071284311304,2020.20988125683,2020.24316125683,64400000
910,317,0.000501256830700014,40.6657304382011,-73.9523807133159,40.6546168001901,-73.7441354372391,0.0717855681347,0.071284311304,2020.20988125683,2020.21038251366,64400000
911,319,0.01093710383,40.7228991937523,-73.9757575173411,40.5777888934021,-74.0065618514991,0.115501415134,0.104564311304,2020.24316125683,2020.25409836066,64400000
911,318,8.14207669000422e-06,40.7228991937523,-73.9757575173411,40.7221733794738,-73.9755508029667,0.10457245338069,0.104564311304,2020.24316125683,2020.24316939891,64400000
912,913,0.0001066328655,40.6016012595941,-73.9992809784547,40.6055751247141,-73.9948423522991,0.0595943112995,0.059487678434,2020.19808462396,2020.19819125683,64400000
912,324,0.03415581319,40.6016012595941,-73.9992809784547,40.627639174483,-73.9599423042385,0.093643491624,0.059487678434,2020.19808462396,2020.23224043715,64400000
913,323,0.05317486339,40.6055751247141,-73.9948423522991,40.8711540442832,-73.9180528692027,0.1127691746895,0.0595943112995,2020.19819125683,2020.25136612022,64400000
913,914,0.007451788259,40.6055751247141,-73.9948423522991,40.6025122692536,-74.0076138198128,0.0670460995585,0.0595943112995,2020.19819125683,2020.20564304509,64400000
914,322,0.004739468572,40.6025122692536,-74.0076138198128,40.6277473474532,-73.9875560935535,0.0717855681305,0.0670460995585,2020.20564304509,2020.21038251366,64400000
914,915,0.002717622818,40.6025122692536,-74.0076138198128,40.590550743329,-74.0585517463918,0.0697637223765,0.0670460995585,2020.20564304509,2020.2083606679,64400000
915,320,0.00202184575299999,40.590550743329,-74.0585517463918,40.6142641957348,-73.9972528627939,0.0717855681295,0.0697637223765,2020.2083606679,2020.21038251366,64400000
915,321,0.00202184575299999,40.590550743329,-74.0585517463918,40.8382009170989,-73.9312211632961,0.0717855681295,0.0697637223765,2020.2083606679,2020.21038251366,64400000
916,917,0.000976884170300008,40.6884104472823,-73.9485046938569,40.6431585395938,-74.0308531623602,0.00252166978990001,0.0015447856196,2020.14014173115,2020.14111861532,64400000
916,919,0.000289706000100004,40.6884104472823,-73.9485046938569,40.7068952839562,-73.9239770646537,0.00183449161970001,0.0015447856196,2020.14014173115,2020.14043143715,64400000
917,918,0.000432641512399995,40.6431585395938,-74.0308531623602,40.6427737826058,-74.0298737379339,0.00295431130230001,0.00252166978990001,2020.14111861532,2020.14155125683,64400000
917,327,0.1184442262,40.6431585395938,-74.0308531623602,40.648831232947,-74.0233942017207,0.1209658959899,0.00252166978990001,2020.14111861532,2020.25956284152,64400000
918,325,0.1234760656,40.6427737826058,-74.0298737379339,40.6094614079401,-73.9966250620818,0.1264303769023,0.00295431130230001,2020.14155125683,2020.26502732243,64400000
918,326,0.0742957377,40.6427737826058,-74.0298737379339,40.685269962493,-74.0081371498724,0.0772500490023,0.00295431130230001,2020.14155125683,2020.21584699453,64400000
919,920,0.00111981968299998,40.7068952839562,-73.9239770646537,40.6906477932691,-73.9422469058996,0.00295431130269999,0.00183449161970001,2020.14043143715,2020.14155125683,64400000
919,921,5.99806551299931e-05,40.7068952839562,-73.9239770646537,40.70638337053,-73.9240098089755,0.00189447227483,0.00183449161970001,2020.14043143715,2020.1404914178,64400000
920,329,0.1016181421,40.6906477932691,-73.9422469058996,40.6747006161465,-73.6616046499897,0.1045724534027,0.00295431130269999,2020.14155125683,2020.24316939893,64400000
920,328,0.1644596721,40.6906477932691,-73.9422469058996,40.6598060001281,-74.007315124306,0.1674139834027,0.00295431130269999,2020.14155125683,2020.30601092893,64400000
921,1260,0.000200182214700001,40.70638337053,-73.9240098089755,40.70782884944,-73.9225624017302,0.00209465448953,0.00189447227483,2020.1404914178,2020.14069160002,64400000
921,922,0.000480184666799999,40.70638337053,-73.9240098089755,40.7073132339447,-73.9204389171083,0.00237465694163,0.00189447227483,2020.1404914178,2020.14097160247,64400000
922,926,0.01798965436,40.7073132339447,-73.9204389171083,40.6880227033285,-73.9542298472033,0.02036431130163,0.00237465694163,2020.14097160247,2020.15896125683,64400000
922,923,0.000175743398900002,40.7073132339447,-73.9204389171083,40.7350002975412,-73.9024833158775,0.00255040034053,0.00237465694163,2020.14097160247,2020.14114734587,64400000
923,330,0.0774318891,40.7350002975412,-73.9024833158775,40.7641501850388,-73.9126555323891,0.07998228944053,0.00255040034053,2020.14114734587,2020.21857923497,64400000
923,924,0.000242349167699996,40.7350002975412,-73.9024833158775,40.7343110506027,-73.9025081453926,0.00279274950823,0.00255040034053,2020.14114734587,2020.14138969504,64400000
924,333,0.1810146765,40.7343110506027,-73.9025081453926,40.6682835155714,-73.9355470017412,0.18380742600823,0.00279274950823,2020.14138969504,2020.32240437154,64400000
924,925,0.05442156179,40.7343110506027,-73.9025081453926,40.6277315491218,-73.9635710957437,0.05721431129823,0.00279274950823,2020.14138969504,2020.19581125683,64400000
925,332,0.04735814208,40.6277315491218,-73.9635710957437,40.553989855272,-74.1158740343626,0.10457245337823,0.05721431129823,2020.19581125683,2020.24316939891,64400000
925,331,0.04735814208,40.6277315491218,-73.9635710957437,40.6229655666593,-73.9460479659298,0.10457245337823,0.05721431129823,2020.19581125683,2020.24316939891,64400000
926,927,0.02259,40.6880227033285,-73.9542298472033,40.7081118670221,-73.9483250328106,0.04295431130163,0.02036431130163,2020.15896125683,2020.18155125683,64400000
926,965,0.00191,40.6880227033285,-73.9542298472033,40.6992379377314,-73.936243457713,0.02227431130163,0.02036431130163,2020.15896125683,2020.16087125683,64400000
927,949,0.003759523284,40.7081118670221,-73.9483250328106,40.7075567615512,-73.9424014398804,0.04671383458563,0.04295431130163,2020.18155125683,2020.18531078011,64400000
927,928,0.00234000000000001,40.7081118670221,-73.9483250328106,40.7154817204005,-73.9375906107023,0.04529431130163,0.04295431130163,2020.18155125683,2020.18389125683,64400000
928,938,0.00220186777,40.7154817204005,-73.9375906107023,40.7244903883068,-73.9243259178381,0.04749617907163,0.04529431130163,2020.18389125683,2020.1860931246,64400000
928,929,0.00170000000000001,40.7154817204005,-73.9375906107023,40.715216451049,-73.9397862341934,0.04699431130163,0.04529431130163,2020.18389125683,2020.18559125683,64400000
929,930,0.01982387659,40.715216451049,-73.9397862341934,40.7010048376174,-73.6024466178216,0.06681818789163,0.04699431130163,2020.18559125683,2020.20541513342,64400000
929,934,0.008504111461,40.715216451049,-73.9397862341934,40.6856735616123,-73.9671210686496,0.05549842276263,0.04699431130163,2020.18559125683,2020.19409536829,64400000
930,931,0.000356123406200004,40.7010048376174,-73.6024466178216,40.6975517800994,-73.6080911827082,0.06717431129783,0.06681818789163,2020.20541513342,2020.20577125683,64400000
930,932,0.00200612340600001,40.7010048376174,-73.6024466178216,40.6797740708752,-73.6134134609953,0.06882431129763,0.06681818789163,2020.20541513342,2020.20742125683,64400000
931,334,0.004611256831,40.6975517800994,-73.6080911827082,40.6947103689439,-73.6101889127412,0.07178556812883,0.06717431129783,2020.20577125683,2020.21038251366,64400000
931,335,0.02646918033,40.6975517800994,-73.6080911827082,40.7295141652075,-73.6735388579179,0.09364349162783,0.06717431129783,2020.20577125683,2020.23224043716,64400000
932,933,0.00141999999999998,40.6797740708752,-73.6134134609953,40.6885234776652,-73.6275849020221,0.07024431129763,0.06882431129763,2020.20742125683,2020.20884125682,64400000
932,336,0.000229016393599984,40.6797740708752,-73.6134134609953,40.7088107200107,-73.5810808311242,0.06905332769123,0.06882431129763,2020.20742125683,2020.20765027322,64400000
933,337,0.09716967213,40.6885234776652,-73.6275849020221,40.5939090623852,-74.1942482079437,0.16741398342763,0.07024431129763,2020.20884125682,2020.30601092895,64400000
933,338,0.009737978142,40.6885234776652,-73.6275849020221,40.7022731184345,-73.6373566327924,0.07998228943963,0.07024431129763,2020.20884125682,2020.21857923497,64400000
934,339,0.05453851149,40.6856735616123,-73.9671210686496,40.7482719487499,-73.8752786013116,0.11003693425263,0.05549842276263,2020.19409536829,2020.24863387978,64400000
934,935,0.00812588853899998,40.6856735616123,-73.9671210686496,40.6865448956428,-73.9623254327996,0.06362431130163,0.05549842276263,2020.19409536829,2020.20222125683,64400000
935,936,0.00181000000000001,40.6865448956428,-73.9623254327996,40.6331705213214,-73.9515818348351,0.06543431130163,0.06362431130163,2020.20222125683,2020.20403125683,64400000
935,340,0.03821590164,40.6865448956428,-73.9623254327996,40.7207202268359,-73.9780462577702,0.10184021294163,0.06362431130163,2020.20222125683,2020.24043715847,64400000
936,341,0.000886775956499997,40.6331705213214,-73.9515818348351,40.6486432308876,-73.9507648790049,0.06632108725813,0.06543431130163,2020.20403125683,2020.20491803279,64400000
936,937,0.00360000000000002,40.6331705213214,-73.9515818348351,40.7627785751117,-73.9769738326991,0.06903431130163,0.06543431130163,2020.20403125683,2020.20763125683,64400000
937,343,0.03553814208,40.7627785751117,-73.9769738326991,40.7402771763343,-73.9742431983071,0.10457245338163,0.06903431130163,2020.20763125683,2020.24316939891,64400000
937,342,1.90163935999688e-05,40.7627785751117,-73.9769738326991,40.7638571704065,-73.9767240482703,0.06905332769523,0.06903431130163,2020.20763125683,2020.20765027322,64400000
938,940,0.00247813222999999,40.7244903883068,-73.9243259178381,40.7141416019277,-73.92227008773,0.04997431130163,0.04749617907163,2020.1860931246,2020.18857125683,64400000
938,939,0.01830813223,40.7244903883068,-73.9243259178381,40.6194876412392,-74.0613652987858,0.06580431130163,0.04749617907163,2020.1860931246,2020.20440125683,64400000
939,345,0.1234675956,40.6194876412392,-74.0613652987858,40.6527417933624,-73.9069421598065,0.18927190690163,0.06580431130163,2020.20440125683,2020.32786885243,64400000
939,344,0.00598125683099998,40.6194876412392,-74.0613652987858,40.7141598779191,-74.0113391355559,0.07178556813263,0.06580431130163,2020.20440125683,2020.21038251366,64400000
940,943,0.00219,40.7141416019277,-73.92227008773,40.7102815145133,-73.9206023199268,0.05216431130163,0.04997431130163,2020.18857125683,2020.19076125683,64400000
940,941,0.00899,40.7141416019277,-73.92227008773,40.6894221235348,-73.9544556638259,0.05896431130163,0.04997431130163,2020.18857125683,2020.19756125683,64400000
941,346,0.05107262295,40.6894221235348,-73.9544556638259,40.7887052890615,-73.4243584100211,0.11003693425163,0.05896431130163,2020.19756125683,2020.24863387978,64400000
941,942,0.01158,40.6894221235348,-73.9544556638259,40.6787921065917,-73.9610244169686,0.07054431130163,0.05896431130163,2020.19756125683,2020.20914125683,64400000
942,348,0.04495710383,40.6787921065917,-73.9610244169686,40.7672705064142,-73.7201567151143,0.11550141513163,0.07054431130163,2020.20914125683,2020.25409836066,64400000
942,347,0.03949262295,40.6787921065917,-73.9610244169686,40.6443823028168,-73.9444093536709,0.11003693425163,0.07054431130163,2020.20914125683,2020.24863387978,64400000
943,944,0.00733,40.7102815145133,-73.9206023199268,40.7606273024759,-73.8340376224785,0.05949431130163,0.05216431130163,2020.19076125683,2020.19809125683,64400000
943,947,0.0181,40.7102815145133,-73.9206023199268,40.8180789311438,-73.5309770359096,0.07026431130163,0.05216431130163,2020.19076125683,2020.20886125683,64400000
944,946,0.04767,40.7606273024759,-73.8340376224785,40.7317329101835,-73.8868898196926,0.10716431130163,0.05949431130163,2020.19809125683,2020.24576125683,64400000
944,945,0.01111,40.7606273024759,-73.8340376224785,40.7317259307835,-73.8362155323321,0.07060431130163,0.05949431130163,2020.19809125683,2020.20920125683,64400000
945,350,0.00664573770500002,40.7317259307835,-73.8362155323321,40.6134927676058,-73.9495550631658,0.07725004900663,0.07060431130163,2020.20920125683,2020.21584699453,64400000
945,349,0.06402278689,40.7317259307835,-73.8362155323321,40.7496916765876,-73.6471897769553,0.13462709819163,0.07060431130163,2020.20920125683,2020.27322404372,64400000
946,352,0.1039655191,40.7317329101835,-73.8868898196926,40.7455366173031,-73.8713060054886,0.21112983040163,0.10716431130163,2020.24576125683,2020.34972677593,64400000
946,351,0.04112398907,40.7317329101835,-73.8868898196926,40.7506692928476,-73.8318081134341,0.14828830037163,0.10716431130163,2020.24576125683,2020.2868852459,64400000
947,353,0.06163054645,40.8180789311438,-73.5309770359096,40.8477125523714,-73.6307009270527,0.13189485775163,0.07026431130163,2020.20886125683,2020.27049180328,64400000
947,948,0.00931999999999999,40.8180789311438,-73.5309770359096,40.7935232965354,-73.5294028587779,0.07958431130163,0.07026431130163,2020.20886125683,2020.21818125683,64400000
948,354,0.04411382514,40.7935232965354,-73.5294028587779,40.5888017186157,-73.9567561101818,0.12369813644163,0.07958431130163,2020.21818125683,2020.26229508197,64400000
948,355,0.01405918033,40.7935232965354,-73.5294028587779,40.7591702204957,-73.5544918992424,0.09364349163163,0.07958431130163,2020.21818125683,2020.23224043716,64400000
949,356,0.0879132636,40.7075567615512,-73.9424014398804,40.5838054454206,-73.984912956615,0.13462709818563,0.04671383458563,2020.18531078011,2020.27322404371,64400000
949,950,0.00759252870999999,40.7075567615512,-73.9424014398804,40.7048682999991,-73.9405937830325,0.05430636329563,0.04671383458563,2020.18531078011,2020.19290330882,64400000
950,951,0.000369022102700012,40.7048682999991,-73.9405937830325,40.7066141681305,-73.9395306805414,0.05467538539833,0.05430636329563,2020.19290330882,2020.19327233093,64400000
950,956,0.00264651315799999,40.7048682999991,-73.9405937830325,40.7135849583914,-73.9029694501353,0.05695287645363,0.05430636329563,2020.19290330882,2020.19554982198,64400000
951,954,0.0154889259,40.7066141681305,-73.9395306805414,40.7122820496827,-73.9175434900122,0.07016431129833,0.05467538539833,2020.19327233093,2020.20876125683,64400000
951,952,0.000108925903099993,40.7066141681305,-73.9395306805414,40.7070517470846,-73.9393580443715,0.05478431130143,0.05467538539833,2020.19327233093,2020.19338125683,64400000
952,953,0.01024,40.7070517470846,-73.9393580443715,40.7036361947621,-73.9233102792828,0.06502431130143,0.05478431130143,2020.19338125683,2020.20362125683,64400000
952,357,0.09077174863,40.7070517470846,-73.9393580443715,40.8264498236034,-73.526921459523,0.14555605993143,0.05478431130143,2020.19338125683,2020.28415300546,64400000
953,358,0.04501262295,40.7036361947621,-73.9233102792828,40.6792085732543,-73.934046935869,0.11003693425143,0.06502431130143,2020.20362125683,2020.24863387978,64400000
953,359,0.004029016394,40.7036361947621,-73.9233102792828,40.7785762122093,-73.8201928720758,0.06905332769543,0.06502431130143,2020.20362125683,2020.20765027322,64400000
954,360,0.02621142077,40.7122820496827,-73.9175434900122,40.7912064751402,-73.7274227499811,0.09637573206833,0.07016431129833,2020.20876125683,2020.2349726776,64400000
954,955,0.03843,40.7122820496827,-73.9175434900122,40.6200068947367,-74.0211045502827,0.10859431129833,0.07016431129833,2020.20876125683,2020.24719125683,64400000
955,362,0.02056830601,40.6200068947367,-74.0211045502827,40.6067764966501,-74.0284017920478,0.12916261730833,0.10859431129833,2020.24719125683,2020.26775956284,64400000
955,361,0.01510382514,40.6200068947367,-74.0211045502827,40.6058934697773,-74.0230348197417,0.12369813643833,0.10859431129833,2020.24719125683,2020.26229508197,64400000
956,959,0.000208307302900002,40.7135849583914,-73.9029694501353,40.7130945473707,-73.9071142177835,0.05716118375653,0.05695287645363,2020.19554982198,2020.19575812928,64400000
956,957,0.03589143485,40.7135849583914,-73.9029694501353,40.6106932323388,-74.0182824922119,0.09284431130363,0.05695287645363,2020.19554982198,2020.23144125683,64400000
957,958,0.0117,40.6106932323388,-74.0182824922119,40.6662523748445,-73.9709713535437,0.10454431130363,0.09284431130363,2020.23144125683,2020.24314125683,64400000
957,363,0.09642759563,40.6106932323388,-74.0182824922119,40.7414800431726,-74.0017037104745,0.18927190693363,0.09284431130363,2020.23144125683,2020.32786885246,64400000
958,365,0.06833415301,40.6662523748445,-73.9709713535437,40.7028796717329,-73.9718308298713,0.17287846431363,0.10454431130363,2020.24314125683,2020.31147540984,64400000
958,364,0.04647622951,40.6662523748445,-73.9709713535437,40.6157734545373,-73.996983687332,0.15102054081363,0.10454431130363,2020.24314125683,2020.28961748634,64400000
959,964,0.01371312755,40.7130945473707,-73.9071142177835,40.6894165855747,-73.9241237344985,0.07087431130653,0.05716118375653,2020.19575812928,2020.20947125683,64400000
959,960,0.00022312754540002,40.7130945473707,-73.9071142177835,40.7410993395804,-73.9735974669506,0.05738431130193,0.05716118375653,2020.19575812928,2020.19598125683,64400000
960,962,0.01281390512,40.7410993395804,-73.9735974669506,40.7378096547045,-73.9901919335619,0.07019821642193,0.05738431130193,2020.19598125683,2020.20879516195,64400000
960,961,0.00925197944199999,40.7410993395804,-73.9735974669506,40.7236588281959,-74.0087063323767,0.06663629074393,0.05738431130193,2020.19598125683,2020.20523323627,64400000
961,367,0.02700720089,40.7236588281959,-74.0087063323767,40.7521235682603,-73.6818163977841,0.09364349163393,0.06663629074393,2020.20523323627,2020.23224043716,64400000
961,366,0.00514927738900001,40.7236588281959,-74.0087063323767,40.7265157639221,-73.995512395115,0.07178556813293,0.06663629074393,2020.20523323627,2020.21038251366,64400000
962,963,0.000176094876100014,40.7378096547045,-73.9901919335619,40.7267447917205,-73.9971960469171,0.07037431129803,0.07019821642193,2020.20879516195,2020.20897125683,64400000
962,370,0.02617751564,40.7378096547045,-73.9901919335619,40.5877556169872,-73.9617376231026,0.09637573206193,0.07019821642193,2020.20879516195,2020.23497267759,64400000
963,368,0.006875737705,40.7267447917205,-73.9971960469171,40.7247334078784,-74.0060562228725,0.07725004900303,0.07037431129803,2020.20897125683,2020.21584699453,64400000
963,369,0.02600142077,40.7267447917205,-73.9971960469171,40.7649441556046,-73.867069336295,0.09637573206803,0.07037431129803,2020.20897125683,2020.2349726776,64400000
964,372,0.03369814208,40.6894165855747,-73.9241237344985,40.6222874075047,-73.9658727222114,0.10457245338653,0.07087431130653,2020.20947125683,2020.24316939891,64400000
964,371,0.0719495082,40.6894165855747,-73.9241237344985,40.7773642625451,-73.9804147028049,0.14282381950653,0.07087431130653,2020.20947125683,2020.28142076503,64400000
965,1093,0.00555,40.6992379377314,-73.936243457713,40.7019285589074,-73.9351564931711,0.02782431130163,0.02227431130163,2020.16087125683,2020.16642125683,64400000
965,966,0.00198000000000001,40.6992379377314,-73.936243457713,40.6954647315705,-73.9378715925917,0.02425431130163,0.02227431130163,2020.16087125683,2020.16285125683,64400000
966,967,0.002,40.6954647315705,-73.9378715925917,40.6663851198391,-73.8688327899259,0.02625431130163,0.02425431130163,2020.16285125683,2020.16485125683,64400000
966,988,0.02007,40.6954647315705,-73.9378715925917,40.7510315065927,-73.9501231716966,0.04432431130163,0.02425431130163,2020.16285125683,2020.18292125683,64400000
967,973,0.02284,40.6663851198391,-73.8688327899259,40.6964330525735,-73.8630721906929,0.04909431130163,0.02625431130163,2020.16485125683,2020.18769125683,64400000
967,968,0.03410534237,40.6663851198391,-73.8688327899259,40.7309706286767,-73.7657921039885,0.06035965367163,0.02625431130163,2020.16485125683,2020.1989565992,64400000
968,972,0.000259680189099998,40.7309706286767,-73.7657921039885,40.7353130772623,-73.759909659869,0.06061933386073,0.06035965367163,2020.1989565992,2020.19921627939,64400000
968,969,0.000619229285500011,40.7309706286767,-73.7657921039885,40.6952057343909,-73.7767904895413,0.06097888295713,0.06035965367163,2020.1989565992,2020.19957582848,64400000
969,376,0.05179029173,40.6952057343909,-73.7767904895413,40.7619534591867,-73.9257877196577,0.11276917468713,0.06097888295713,2020.19957582848,2020.25136612021,64400000
969,970,8.54283444999826e-05,40.6952057343909,-73.7767904895413,40.6950803513693,-73.7762683084449,0.06106431130163,0.06097888295713,2020.19957582848,2020.19966125683,64400000
970,971,0.01071,40.6950803513693,-73.7762683084449,40.708580398356,-73.6112706078345,0.07177431130163,0.06106431130163,2020.19966125683,2020.21037125683,64400000
970,375,0.01072125683,40.6950803513693,-73.7762683084449,40.708138189078,-73.7498417418248,0.07178556813163,0.06106431130163,2020.19966125683,2020.21038251366,64400000
971,374,0.09017519126,40.708580398356,-73.6112706078345,40.888061779071,-73.3188378256101,0.16194950256163,0.07177431130163,2020.21037125683,2020.30054644809,64400000
971,373,1.12568307200078e-05,40.708580398356,-73.6112706078345,40.7084952618283,-73.6113733054102,0.07178556813235,0.07177431130163,2020.21037125683,2020.21038251366,64400000
972,377,0.04395311952,40.7353130772623,-73.759909659869,40.6808730388434,-73.5711485173193,0.10457245338073,0.06061933386073,2020.19921627939,2020.24316939891,64400000
972,378,0.00843399383500001,40.7353130772623,-73.759909659869,40.7673466382575,-73.9814505348738,0.06905332769573,0.06061933386073,2020.19921627939,2020.20765027322,64400000
973,974,0.00187999999999999,40.6964330525735,-73.8630721906929,40.6945914026624,-73.8634714258646,0.05097431130163,0.04909431130163,2020.18769125683,2020.18957125683,64400000
973,379,0.1019262295,40.6964330525735,-73.8630721906929,40.6868908871804,-73.6053126177809,0.15102054080163,0.04909431130163,2020.18769125683,2020.28961748633,64400000
974,983,0.00152646231600001,40.6945914026624,-73.8634714258646,40.6942778997253,-73.8619610991787,0.05250077361763,0.05097431130163,2020.18957125683,2020.19109771914,64400000
974,975,0.01949,40.6945914026624,-73.8634714258646,40.6655673038789,-73.8942185277622,0.07046431130163,0.05097431130163,2020.18957125683,2020.20906125683,64400000
975,980,0.000215462627800006,40.6655673038789,-73.8942185277622,40.6527718196604,-73.8916315127152,0.07067977392943,0.07046431130163,2020.20906125683,2020.20927671946,64400000
975,976,0.000128473581600008,40.6655673038789,-73.8942185277622,40.6633617959023,-73.8945949735231,0.07059278488323,0.07046431130163,2020.20906125683,2020.20918973041,64400000
976,978,0.000151526418399994,40.6633617959023,-73.8945949735231,40.6614753762828,-73.8993266305546,0.07074431130163,0.07059278488323,2020.20918973041,2020.20934125683,64400000
976,977,0.000151526418399994,40.6633617959023,-73.8945949735231,40.6614753762828,-73.8993266305546,0.07074431130163,0.07059278488323,2020.20918973041,2020.20934125683,64400000
977,380,0.03382814208,40.6614753762828,-73.8993266305546,40.687431908858,-73.9472035785879,0.10457245338163,0.07074431130163,2020.20934125683,2020.24316939891,64400000
977,381,0.03382814208,40.6614753762828,-73.8993266305546,40.7342852200252,-73.9908421658294,0.10457245338163,0.07074431130163,2020.20934125683,2020.24316939891,64400000
978,382,0.03382814208,40.6614753762828,-73.8993266305546,40.6423234463678,-73.9689886843759,0.10457245338163,0.07074431130163,2020.20934125683,2020.24316939891,64400000
978,979,0.03381,40.6614753762828,-73.8993266305546,40.6975034427792,-73.8639502033066,0.10455431130163,0.07074431130163,2020.20934125683,2020.24315125683,64400000
979,383,0.002750382514,40.6975034427792,-73.8639502033066,40.7086396565438,-73.848961127929,0.10730469381563,0.10455431130163,2020.24315125683,2020.24590163934,64400000
979,384,1.81420766900003e-05,40.6975034427792,-73.8639502033066,40.7868080952266,-73.8385929493836,0.10457245337832,0.10455431130163,2020.24315125683,2020.24316939891,64400000
980,981,6.45373722099885e-05,40.6527718196604,-73.8916315127152,40.6535404633839,-73.8919277342526,0.07074431130164,0.07067977392943,2020.20927671946,2020.20934125683,64400000
980,982,0.03387453737,40.6527718196604,-73.8916315127152,40.7451780432295,-73.5077086593738,0.10455431129943,0.07067977392943,2020.20927671946,2020.24315125683,64400000
981,385,0.03382814208,40.6535404633839,-73.8919277342526,40.7455704678325,-73.8352579843952,0.10457245338164,0.07074431130164,2020.20934125683,2020.24316939891,64400000
981,386,0.03382814208,40.6535404633839,-73.8919277342526,40.6680304230839,-73.7756889246019,0.10457245338164,0.07074431130164,2020.20934125683,2020.24316939891,64400000
982,388,1.81420766900003e-05,40.7451780432295,-73.5077086593738,40.8962883753214,-73.8488124646681,0.10457245337612,0.10455431129943,2020.24315125683,2020.2431693989,64400000
982,387,0.03007278689,40.7451780432295,-73.5077086593738,40.7198232971956,-73.5359073918182,0.13462709818943,0.10455431129943,2020.24315125683,2020.27322404372,64400000
983,984,0.000313537684100001,40.6942778997253,-73.8619610991787,40.6810183678187,-73.8824726873266,0.05281431130173,0.05250077361763,2020.19109771914,2020.19141125683,64400000
983,986,0.01203724119,40.6942778997253,-73.8619610991787,40.6632057209356,-73.8923272276298,0.06453801480763,0.05250077361763,2020.19109771914,2020.20313496033,64400000
984,985,0.01622,40.6810183678187,-73.8824726873266,40.7233486490859,-73.6922889440129,0.06903431130173,0.05281431130173,2020.19141125683,2020.20763125683,64400000
984,389,0.01623901639,40.6810183678187,-73.8824726873266,40.7872231261414,-73.9727702704417,0.06905332769173,0.05281431130173,2020.19141125683,2020.20765027322,64400000
985,390,0.0737895082,40.7233486490859,-73.6922889440129,40.6567039733594,-73.8693522558567,0.14282381950173,0.06903431130173,2020.20763125683,2020.28142076503,64400000
985,391,1.90163935999965e-05,40.7233486490859,-73.6922889440129,40.7245424709998,-73.6912690219988,0.06905332769533,0.06903431130173,2020.20763125683,2020.20765027322,64400000
986,394,0.05096340032,40.6632057209356,-73.8923272276298,40.7378252930322,-73.8600873228515,0.11550141512763,0.06453801480763,2020.20313496033,2020.25409836066,64400000
986,987,0.000121506573000002,40.6632057209356,-73.8923272276298,40.664263690671,-73.8915535223096,0.06465952138063,0.06453801480763,2020.20313496033,2020.20325646691,64400000
987,392,0.039912932,40.664263690671,-73.8915535223096,40.7587091245016,-73.6404715280665,0.10457245338063,0.06465952138063,2020.20325646691,2020.24316939891,64400000
987,393,0.039912932,40.664263690671,-73.8915535223096,40.5407411435219,-74.2119570622373,0.10457245338063,0.06465952138063,2020.20325646691,2020.24316939891,64400000
988,1005,0.00184000000000001,40.7510315065927,-73.9501231716966,40.7481083959196,-73.9518465448023,0.04616431130163,0.04432431130163,2020.18292125683,2020.18476125683,64400000
988,989,0.00774,40.7510315065927,-73.9501231716966,40.7337945678036,-73.9660748351326,0.05206431130163,0.04432431130163,2020.18292125683,2020.19066125683,64400000
989,990,0.00806182867899999,40.7337945678036,-73.9660748351326,40.7331823480051,-73.9675629357521,0.06012613998063,0.05206431130163,2020.19066125683,2020.19872308551,64400000
989,1001,0.00980973863500001,40.7337945678036,-73.9660748351326,40.7385158165419,-73.976016220047,0.06187404993663,0.05206431130163,2020.19066125683,2020.20047099546,64400000
990,996,0.000562033826100011,40.7331823480051,-73.9675629357521,40.7318626724638,-73.9632479012031,0.06068817380673,0.06012613998063,2020.19872308551,2020.19928511933,64400000
990,991,0.000215614952100013,40.7331823480051,-73.9675629357521,40.7432206945764,-73.965873242144,0.06034175493273,0.06012613998063,2020.19872308551,2020.19893870046,64400000
991,992,0.000372394024200001,40.7432206945764,-73.965873242144,40.7450586135484,-73.9680354482691,0.06071414895693,0.06034175493273,2020.19893870046,2020.19931109448,64400000
991,994,0.00044193154979999,40.7432206945764,-73.965873242144,40.7439135265042,-73.9656592317006,0.06078368648253,0.06034175493273,2020.19893870046,2020.19938063201,64400000
992,397,0.01107141918,40.7450586135484,-73.9680354482691,40.7762420546567,-73.9067702741432,0.07178556813693,0.06071414895693,2020.19931109448,2020.21038251366,64400000
992,993,0.000370162345100011,40.7450586135484,-73.9680354482691,40.7479219145184,-73.9653918346866,0.06108431130203,0.06071414895693,2020.19931109448,2020.19968125683,64400000
993,396,0.01070125683,40.7479219145184,-73.9653918346866,40.6319761394857,-74.0306680805753,0.07178556813203,0.06108431130203,2020.19968125683,2020.21038251366,64400000
993,395,0.01070125683,40.7479219145184,-73.9653918346866,40.6324585931989,-74.1058605236589,0.07178556813203,0.06108431130203,2020.19968125683,2020.21038251366,64400000
994,995,0.000300624819599998,40.7439135265042,-73.9656592317006,40.7404766426099,-73.9676814295861,0.06108431130213,0.06078368648253,2020.19938063201,2020.19968125683,64400000
994,398,0.01100188165,40.7439135265042,-73.9656592317006,40.628209360166,-73.9666816870668,0.07178556813253,0.06078368648253,2020.19938063201,2020.21038251366,64400000
995,400,0.01070125683,40.7404766426099,-73.9676814295861,40.7739424081579,-73.9454578195455,0.07178556813213,0.06108431130213,2020.19968125683,2020.21038251366,64400000
995,399,0.01070125683,40.7404766426099,-73.9676814295861,40.7523738858961,-73.9833415340605,0.07178556813213,0.06108431130213,2020.19968125683,2020.21038251366,64400000
996,1000,9.15920788800151e-05,40.7318626724638,-73.9632479012031,40.729540373474,-73.964572530978,0.06077976588561,0.06068817380673,2020.19928511933,2020.19937671141,64400000
996,997,0.000314425302299998,40.7318626724638,-73.9632479012031,40.7129731609504,-73.9758774368096,0.06100259910903,0.06068817380673,2020.19928511933,2020.19959954464,64400000
997,999,8.17121931500076e-05,40.7129731609504,-73.9758774368096,40.7133985641651,-73.975132570134,0.06108431130218,0.06100259910903,2020.19959954464,2020.19968125683,64400000
997,998,8.17121931500076e-05,40.7129731609504,-73.9758774368096,40.7133985641651,-73.975132570134,0.06108431130218,0.06100259910903,2020.19959954464,2020.19968125683,64400000
998,402,0.01070125683,40.7133985641651,-73.975132570134,40.7120167473846,-73.9807204500632,0.07178556813218,0.06108431130218,2020.19968125683,2020.21038251366,64400000
998,401,0.01070125683,40.7133985641651,-73.975132570134,40.6311194009159,-74.0088053276495,0.07178556813218,0.06108431130218,2020.19968125683,2020.21038251366,64400000
999,404,0.01070125683,40.7133985641651,-73.975132570134,40.6975160801633,-73.5287042260346,0.07178556813218,0.06108431130218,2020.19968125683,2020.21038251366,64400000
999,403,0.01070125683,40.7133985641651,-73.975132570134,40.7222633484931,-73.972712625832,0.07178556813218,0.06108431130218,2020.19968125683,2020.21038251366,64400000
1000,406,0.01100580225,40.729540373474,-73.964572530978,40.6228540923619,-73.9655166239667,0.07178556813561,0.06077976588561,2020.19937671141,2020.21038251366,64400000
1000,405,0.01100580225,40.729540373474,-73.964572530978,40.7425443983127,-73.9955084973818,0.07178556813561,0.06077976588561,2020.19937671141,2020.21038251366,64400000
1001,407,0.1164688952,40.7385158165419,-73.976016220047,40.7400824668742,-73.973023576319,0.17834294513663,0.06187404993663,2020.20047099546,2020.31693989066,64400000
1001,1002,0.00019026136530001,40.7385158165419,-73.976016220047,40.7381242217327,-73.9769989042894,0.06206431130193,0.06187404993663,2020.20047099546,2020.20066125683,64400000
1002,1003,0.00777035505699997,40.7381242217327,-73.9769989042894,40.7322818883858,-73.9831256987321,0.06983466635893,0.06206431130193,2020.20066125683,2020.20843161189,64400000
1002,411,0.04797262295,40.7381242217327,-73.9769989042894,40.7008295433296,-73.9172722506676,0.11003693425193,0.06206431130193,2020.20066125683,2020.24863387978,64400000
1003,408,0.00195090177400001,40.7322818883858,-73.9831256987321,40.714721240987,-73.8383279981835,0.07178556813293,0.06983466635893,2020.20843161189,2020.21038251366,64400000
1003,1004,0.00125964494300002,40.7322818883858,-73.9831256987321,40.7378633289336,-73.9782737826913,0.07109431130193,0.06983466635893,2020.20843161189,2020.20969125683,64400000
1004,409,0.04167486339,40.7378633289336,-73.9782737826913,40.7441382114543,-73.9943830602391,0.11276917469193,0.07109431130193,2020.20969125683,2020.25136612022,64400000
1004,410,0.03894262295,40.7378633289336,-73.9782737826913,40.7466786442837,-73.9776006671521,0.11003693425193,0.07109431130193,2020.20969125683,2020.24863387978,64400000
1005,412,0.0966595082,40.7481083959196,-73.9518465448023,40.7463730381282,-73.9820105444655,0.14282381950163,0.04616431130163,2020.18476125683,2020.28142076503,64400000
1005,1006,0.00178999999999999,40.7481083959196,-73.9518465448023,40.7398090571315,-73.9685046238679,0.04795431130163,0.04616431130163,2020.18476125683,2020.18655125683,64400000
1006,1007,0.000927071103100002,40.7398090571315,-73.9685046238679,40.7301167597456,-73.9753372121459,0.04888138240473,0.04795431130163,2020.18655125683,2020.18747832793,64400000
1006,1052,0.00554000000000002,40.7398090571315,-73.9685046238679,40.7076208084632,-74.0124250324093,0.05349431130163,0.04795431130163,2020.18655125683,2020.19209125683,64400000
1007,1008,0.00277292889700001,40.7301167597456,-73.9753372121459,40.6906525192215,-74.0197617611924,0.05165431130173,0.04888138240473,2020.18747832793,2020.19025125683,64400000
1007,413,0.06115555185,40.7301167597456,-73.9753372121459,40.6792692454635,-73.9400845187998,0.11003693425473,0.04888138240473,2020.18747832793,2020.24863387978,64400000
1008,1009,0.01859,40.6906525192215,-74.0197617611924,40.6792637623849,-74.0228279449804,0.07024431130173,0.05165431130173,2020.19025125683,2020.20884125683,64400000
1008,1014,0.01833,40.6906525192215,-74.0197617611924,40.6911961961835,-74.0030821771166,0.06998431130173,0.05165431130173,2020.19025125683,2020.20858125683,64400000
1009,1012,0.000689999999999996,40.6792637623849,-74.0228279449804,40.6865518203731,-74.0139044795462,0.07093431130173,0.07024431130173,2020.20884125683,2020.20953125683,64400000
1009,1010,0.000340000000000007,40.6792637623849,-74.0228279449804,40.6931128228865,-74.0076583575618,0.07058431130173,0.07024431130173,2020.20884125683,2020.20918125683,64400000
1010,1011,0.00084999999999999,40.6931128228865,-74.0076583575618,40.6956536299314,-73.9973497790363,0.07143431130173,0.07058431130173,2020.20918125683,2020.21003125683,64400000
1010,414,0.04218486339,40.6931128228865,-74.0076583575618,40.5977016778057,-74.1678054481681,0.11276917469173,0.07058431130173,2020.20918125683,2020.25136612022,64400000
1011,416,0.03313814208,40.6956536299314,-73.9973497790363,40.5855605577364,-73.6341339494709,0.10457245338173,0.07143431130173,2020.21003125683,2020.24316939891,64400000
1011,415,0.03313814208,40.6956536299314,-73.9973497790363,40.9122267351344,-73.8557205066575,0.10457245338173,0.07143431130173,2020.21003125683,2020.24316939891,64400000
1012,1013,0.00048999999999999,40.6865518203731,-74.0139044795462,40.6909892507536,-73.9681472943904,0.07142431130173,0.07093431130173,2020.20953125683,2020.21002125683,64400000
1012,417,0.03363814208,40.6865518203731,-74.0139044795462,40.6851474753042,-73.5903284651582,0.10457245338173,0.07093431130173,2020.20953125683,2020.24316939891,64400000
1013,419,0.03314814208,40.6909892507536,-73.9681472943904,40.680762767903,-74.0091955907087,0.10457245338173,0.07142431130173,2020.21002125683,2020.24316939891,64400000
1013,418,0.03314814208,40.6909892507536,-73.9681472943904,40.6746864300508,-74.0027239985277,0.10457245338173,0.07142431130173,2020.21002125683,2020.24316939891,64400000
1014,1016,0.000920000000000004,40.6911961961835,-74.0030821771166,40.6886836567696,-74.0090548214017,0.07090431130173,0.06998431130173,2020.20858125683,2020.20950125683,64400000
1014,1015,0.000450000000000006,40.6911961961835,-74.0030821771166,40.7226756146102,-73.9987857444231,0.07043431130173,0.06998431130173,2020.20858125683,2020.20903125683,64400000
1015,420,0.04506710383,40.7226756146102,-73.9987857444231,40.7434695735961,-73.979264658798,0.11550141513173,0.07043431130173,2020.20903125683,2020.25409836066,64400000
1015,421,0.05326382514,40.7226756146102,-73.9987857444231,40.7554249611612,-73.9308766687067,0.12369813644173,0.07043431130173,2020.20903125683,2020.26229508197,64400000
1016,1017,3.00000000000022e-05,40.6886836567696,-74.0090548214017,40.7196395106482,-73.9482887443154,0.07093431130173,0.07090431130173,2020.20950125683,2020.20953125683,64400000
1016,1027,0.02516,40.6886836567696,-74.0090548214017,40.7403874222221,-74.0162773982461,0.09606431130173,0.07090431130173,2020.20950125683,2020.23466125683,64400000
1017,1018,0.03078,40.7196395106482,-73.9482887443154,40.6998670984056,-73.9233153233723,0.10171431130173,0.07093431130173,2020.20953125683,2020.24031125683,64400000
1017,422,0.01997693989,40.7196395106482,-73.9482887443154,40.7377512422397,-73.8996909571257,0.09091125119173,0.07093431130173,2020.20953125683,2020.22950819672,64400000
1018,1019,0.00494014863,40.6998670984056,-73.9233153233723,40.6797632825695,-73.8705256898731,0.10665445993173,0.10171431130173,2020.24031125683,2020.24525140546,64400000
1018,1023,0.00185,40.6998670984056,-73.9233153233723,40.6799838053115,-73.9302721279705,0.10356431130173,0.10171431130173,2020.24031125683,2020.24216125683,64400000
1019,427,0.00884695519500001,40.6797632825695,-73.8705256898731,40.6289370538392,-73.960782288976,0.11550141512673,0.10665445993173,2020.24525140546,2020.25409836065,64400000
1019,1020,0.000319851369599999,40.6797632825695,-73.8705256898731,40.6831676268892,-73.8686123897495,0.10697431130133,0.10665445993173,2020.24525140546,2020.24557125683,64400000
1020,1021,0.00025,40.6831676268892,-73.8686123897495,40.6828924593629,-73.868180239147,0.10722431130133,0.10697431130133,2020.24557125683,2020.24582125683,64400000
1020,1022,0.00018,40.6831676268892,-73.8686123897495,40.6679372145772,-73.8841339498677,0.10715431130133,0.10697431130133,2020.24557125683,2020.24575125683,64400000
1021,424,0.02740278689,40.6828924593629,-73.868180239147,40.7479434080812,-73.8901530180701,0.13462709819133,0.10722431130133,2020.24582125683,2020.27322404372,64400000
1021,423,0.02740278689,40.6828924593629,-73.868180239147,40.6124623647082,-74.1046311556629,0.13462709819133,0.10722431130133,2020.24582125683,2020.27322404372,64400000
1022,426,0.06845639344,40.6679372145772,-73.8841339498677,40.6735324669866,-73.8195186841184,0.17561070474133,0.10715431130133,2020.24575125683,2020.31420765027,64400000
1022,425,0.1012432787,40.6679372145772,-73.8841339498677,40.7172421726623,-73.9804443372429,0.20839759000133,0.10715431130133,2020.24575125683,2020.34699453553,64400000
1023,1025,0.000609999999999999,40.6799838053115,-73.9302721279705,40.672355827776,-73.9371610919189,0.10417431130173,0.10356431130173,2020.24216125683,2020.24277125683,64400000
1023,1024,0.00408,40.6799838053115,-73.9302721279705,40.6684561279943,-73.9948115738039,0.10764431130173,0.10356431130173,2020.24216125683,2020.24624125683,64400000
1024,429,0.07069863388,40.6684561279943,-73.9948115738039,40.7437791623684,-73.9790202746783,0.17834294518173,0.10764431130173,2020.24624125683,2020.31693989071,64400000
1024,428,0.1007532787,40.6684561279943,-73.9948115738039,40.7374624264672,-73.988982563749,0.20839759000173,0.10764431130173,2020.24624125683,2020.34699453553,64400000
1025,1026,0.00269529341700001,40.672355827776,-73.9371610919189,40.6909835004609,-73.949855745922,0.10686960471873,0.10417431130173,2020.24277125683,2020.24546655025,64400000
1025,430,0.003130382514,40.672355827776,-73.9371610919189,40.6701442553263,-73.9164594808207,0.10730469381573,0.10417431130173,2020.24277125683,2020.24590163934,64400000
1026,432,0.03322197434,40.6909835004609,-73.949855745922,40.773980570208,-73.9005154527354,0.14009157905873,0.10686960471873,2020.24546655025,2020.27868852459,64400000
1026,431,0.02502525303,40.6909835004609,-73.949855745922,40.7437375091091,-73.8351008711859,0.13189485774873,0.10686960471873,2020.24546655025,2020.27049180328,64400000
1027,1028,0.00677,40.7403874222221,-74.0162773982461,40.7491757540196,-73.9783393984131,0.10283431130173,0.09606431130173,2020.23466125683,2020.24143125683,64400000
1027,1040,0.00262,40.7403874222221,-74.0162773982461,40.6847484729092,-74.0262136856484,0.09868431130173,0.09606431130173,2020.23466125683,2020.23728125683,64400000
1028,1029,0.00322,40.7491757540196,-73.9783393984131,40.7774163376173,-73.9455926634749,0.10605431130173,0.10283431130173,2020.24143125683,2020.24465125683,64400000
1028,1034,0.00183,40.7491757540196,-73.9783393984131,40.7634343771827,-73.9592943180592,0.10466431130173,0.10283431130173,2020.24143125683,2020.24326125683,64400000
1029,1032,0.000338332090099994,40.7774163376173,-73.9455926634749,40.7772958306544,-73.9449152156301,0.10639264339183,0.10605431130173,2020.24465125683,2020.24498958892,64400000
1029,1030,0.000607820819000002,40.7774163376173,-73.9455926634749,40.5434154088296,-74.071795190068,0.10666213212073,0.10605431130173,2020.24465125683,2020.24525907765,64400000
1030,1031,2.21791810299937e-05,40.5434154088296,-74.071795190068,40.5430048110454,-74.0737330836642,0.10668431130176,0.10666213212073,2020.24525907765,2020.24528125683,64400000
1030,435,0.003374802132,40.5434154088296,-74.071795190068,40.6407631684533,-73.9510889289215,0.11003693425273,0.10666213212073,2020.24525907765,2020.24863387978,64400000
1031,434,0.003352622951,40.5430048110454,-74.0737330836642,40.6401894472804,-74.134068014967,0.11003693425276,0.10668431130176,2020.24528125683,2020.24863387978,64400000
1031,433,0.003352622951,40.5430048110454,-74.0737330836642,40.6275554202143,-74.0393690033141,0.11003693425276,0.10668431130176,2020.24528125683,2020.24863387978,64400000
1032,438,0.003644290861,40.7772958306544,-73.9449152156301,40.8099502799491,-73.9530703232715,0.11003693425283,0.10639264339183,2020.24498958892,2020.24863387978,64400000
1032,1033,0.000291667909899998,40.7772958306544,-73.9449152156301,40.7759695740315,-73.9471170528327,0.10668431130173,0.10639264339183,2020.24498958892,2020.24528125683,64400000
1033,437,0.003352622951,40.7759695740315,-73.9471170528327,40.7623374113589,-73.9713628006699,0.11003693425273,0.10668431130173,2020.24528125683,2020.24863387978,64400000
1033,436,0.003352622951,40.7759695740315,-73.9471170528327,40.6376228968057,-74.0082762383468,0.11003693425273,0.10668431130173,2020.24528125683,2020.24863387978,64400000
1034,1037,0.00183,40.7634343771827,-73.9592943180592,40.7634343771827,-73.9592943180592,0.10649431130173,0.10466431130173,2020.24326125683,2020.24509125683,64400000
1034,1035,0.00173601298999999,40.7634343771827,-73.9592943180592,40.619707287183,-73.9755032461675,0.10640032429173,0.10466431130173,2020.24326125683,2020.24499726982,64400000
1035,441,0.003636609961,40.619707287183,-73.9755032461675,40.6486265226261,-73.7114283888971,0.11003693425273,0.10640032429173,2020.24499726982,2020.24863387978,64400000
1035,1036,0.000283987010199993,40.619707287183,-73.9755032461675,40.6439055784314,-73.9599783183679,0.10668431130193,0.10640032429173,2020.24499726982,2020.24528125683,64400000
1036,440,0.003352622951,40.6439055784314,-73.9599783183679,40.8408499247202,-73.4876934090775,0.11003693425293,0.10668431130193,2020.24528125683,2020.24863387978,64400000
1036,439,0.003352622951,40.6439055784314,-73.9599783183679,40.6585285567401,-73.9515605899815,0.11003693425293,0.10668431130193,2020.24528125683,2020.24863387978,64400000
1037,1038,7.99999999999967e-05,40.7634343771827,-73.9592943180592,40.7635182678831,-73.9675036015823,0.10657431130173,0.10649431130173,2020.24509125683,2020.24517125683,64400000
1037,1039,0.000469999999999998,40.7634343771827,-73.9592943180592,40.7628309630924,-73.9616881584918,0.10696431130173,0.10649431130173,2020.24509125683,2020.24556125683,64400000
1038,442,0.003462622951,40.7635182678831,-73.9675036015823,40.7407004445965,-73.9806337802662,0.11003693425273,0.10657431130173,2020.24517125683,2020.24863387978,64400000
1038,443,0.003462622951,40.7635182678831,-73.9675036015823,40.7611013964715,-73.9681516787415,0.11003693425273,0.10657431130173,2020.24517125683,2020.24863387978,64400000
1039,444,0.003072622951,40.7628309630924,-73.9616881584918,40.8047637852378,-73.9033705317336,0.11003693425273,0.10696431130173,2020.24556125683,2020.24863387978,64400000
1039,445,0.0140015847,40.7628309630924,-73.9616881584918,40.6387589257163,-74.0261847485855,0.12096589600173,0.10696431130173,2020.24556125683,2020.25956284153,64400000
1040,1041,0.00201999999999999,40.6847484729092,-74.0262136856484,40.7441167939443,-73.9755550871404,0.10070431130173,0.09868431130173,2020.23728125683,2020.23930125683,64400000
1040,1045,0.00201999999999999,40.6847484729092,-74.0262136856484,40.7441167939443,-73.9755550871404,0.10070431130173,0.09868431130173,2020.23728125683,2020.23930125683,64400000
1041,1044,0.003838488546,40.7441167939443,-73.9755550871404,40.7480911649601,-73.9726775294985,0.10454279984773,0.10070431130173,2020.23930125683,2020.24313974537,64400000
1041,1042,0.00196,40.7441167939443,-73.9755550871404,40.7340584096796,-73.9713042825102,0.10266431130173,0.10070431130173,2020.23930125683,2020.24126125683,64400000
1042,446,0.00190814207700001,40.7340584096796,-73.9713042825102,40.6421533665257,-74.0103120471049,0.10457245337873,0.10266431130173,2020.24126125683,2020.24316939891,64400000
1042,1043,0.001856630712,40.7340584096796,-73.9713042825102,40.7219190723017,-73.9791614392995,0.10452094201373,0.10266431130173,2020.24126125683,2020.24311788754,64400000
1043,447,5.1511364290005e-05,40.7219190723017,-73.9791614392995,40.7211136281707,-73.9795416681888,0.10457245337802,0.10452094201373,2020.24311788754,2020.24316939891,64400000
1043,448,5.1511364290005e-05,40.7219190723017,-73.9791614392995,40.7347482573135,-74.0072848306414,0.10457245337802,0.10452094201373,2020.24311788754,2020.24316939891,64400000
1044,449,2.96535310899959e-05,40.7480911649601,-73.9726775294985,40.5795539535976,-73.9602552138115,0.10457245337882,0.10454279984773,2020.24313974537,2020.24316939891,64400000
1044,450,2.96535310899959e-05,40.7480911649601,-73.9726775294985,40.7407527402034,-73.9842708105642,0.10457245337882,0.10454279984773,2020.24313974537,2020.24316939891,64400000
1045,1046,0.00196,40.7441167939443,-73.9755550871404,40.7340584096796,-73.9713042825102,0.10266431130173,0.10070431130173,2020.23930125683,2020.24126125683,64400000
1045,1049,0.00196,40.7441167939443,-73.9755550871404,40.7340584096796,-73.9713042825102,0.10266431130173,0.10070431130173,2020.23930125683,2020.24126125683,64400000
1046,1048,0.00181222966,40.7340584096796,-73.9713042825102,40.7307706526084,-73.7561405922968,0.10447654096173,0.10266431130173,2020.24126125683,2020.24307348649,64400000
1046,1047,0.001750155263,40.7340584096796,-73.9713042825102,40.7223853494704,-73.9442899752999,0.10441446656473,0.10266431130173,2020.24126125683,2020.24301141209,64400000
1047,452,0.000157986814000005,40.7223853494704,-73.9442899752999,41.1501861009236,-74.1295902187272,0.10457245337873,0.10441446656473,2020.24301141209,2020.24316939891,64400000
1047,451,0.000157986814000005,40.7223853494704,-73.9442899752999,40.7211782583487,-73.9462399707776,0.10457245337873,0.10441446656473,2020.24301141209,2020.24316939891,64400000
1048,454,9.59124171699965e-05,40.7307706526084,-73.7561405922968,40.6578209697152,-73.6403439296823,0.1045724533789,0.10447654096173,2020.24307348649,2020.24316939891,64400000
1048,453,9.59124171699965e-05,40.7307706526084,-73.7561405922968,40.7310603598748,-73.7551691877445,0.1045724533789,0.10447654096173,2020.24307348649,2020.24316939891,64400000
1049,1050,0.00190708728,40.7340584096796,-73.9713042825102,40.7651911955717,-73.911856494756,0.10457139858173,0.10266431130173,2020.24126125683,2020.24316834411,64400000
1049,1051,0.001532636918,40.7340584096796,-73.9713042825102,40.7175334940216,-73.9683259037855,0.10419694821973,0.10266431130173,2020.24126125683,2020.24279389375,64400000
1050,456,1.05479686700327e-06,40.7651911955717,-73.911856494756,40.5883420183825,-74.0849556623747,0.104572453378597,0.10457139858173,2020.24316834411,2020.24316939891,64400000
1050,455,1.05479686700327e-06,40.7651911955717,-73.911856494756,40.7650854401131,-73.9119679895446,0.104572453378597,0.10457139858173,2020.24316834411,2020.24316939891,64400000
1051,457,0.000375505158500003,40.7175334940216,-73.9683259037855,40.7216406974319,-73.5826577768581,0.10457245337823,0.10419694821973,2020.24279389375,2020.24316939891,64400000
1051,458,0.000375505158500003,40.7175334940216,-73.9683259037855,40.6978435816112,-73.9920923338634,0.10457245337823,0.10419694821973,2020.24279389375,2020.24316939891,64400000
1052,1062,0.00177999999999998,40.7076208084632,-74.0124250324093,40.7017488650534,-74.0045906334842,0.05527431130163,0.05349431130163,2020.19209125683,2020.19387125683,64400000
1052,1053,0.0111842899,40.7076208084632,-74.0124250324093,40.6282744346637,-74.0063009216588,0.06467860120163,0.05349431130163,2020.19209125683,2020.20327554673,64400000
1053,1054,0.00016571009800001,40.6282744346637,-74.0063009216588,40.6311217908999,-74.0031922485067,0.06484431129963,0.06467860120163,2020.20327554673,2020.20344125683,64400000
1053,1055,0.00211845928900001,40.6282744346637,-74.0063009216588,40.6313489423761,-74.0028141953316,0.06679706049063,0.06467860120163,2020.20327554673,2020.20539400602,64400000
1054,459,0.006941256831,40.6311217908999,-74.0031922485067,40.7267660640199,-73.8560862957384,0.07178556813063,0.06484431129963,2020.20344125683,2020.21038251366,64400000
1054,460,0.09710519126,40.6311217908999,-74.0031922485067,40.5946048841988,-73.6203357092465,0.16194950255963,0.06484431129963,2020.20344125683,2020.30054644809,64400000
1055,461,0.04323987376,40.6313489423761,-74.0028141953316,40.6533040647924,-73.9651679829441,0.11003693425063,0.06679706049063,2020.20539400602,2020.24863387978,64400000
1055,1056,0.00283439099499999,40.6313489423761,-74.0028141953316,40.6375294709121,-73.9946410024928,0.06963145148563,0.06679706049063,2020.20539400602,2020.20822839701,64400000
1056,462,0.04860220408,40.6375294709121,-73.9946410024928,40.6083150762306,-74.0300277484271,0.11823365556563,0.06963145148563,2020.20822839701,2020.25683060109,64400000
1056,1057,0.00011285981380002,40.6375294709121,-73.9946410024928,40.6435658808051,-73.9891036585221,0.06974431129943,0.06963145148563,2020.20822839701,2020.20834125683,64400000
1057,1058,0.02116,40.6435658808051,-73.9891036585221,40.6008203466946,-74.0290625778031,0.09090431129943,0.06974431129943,2020.20834125683,2020.22950125683,64400000
1057,1060,0.02116,40.6435658808051,-73.9891036585221,40.6008203466946,-74.0290625778031,0.09090431129943,0.06974431129943,2020.20834125683,2020.22950125683,64400000
1058,1059,0.01839,40.6008203466946,-74.0290625778031,40.6194894256447,-74.0444430142086,0.10929431129943,0.09090431129943,2020.22950125683,2020.24789125683,64400000
1058,463,6.93989083200286e-06,40.6008203466946,-74.0290625778031,40.6063958264454,-74.0225481950543,0.090911251190262,0.09090431129943,2020.22950125683,2020.22950819672,64400000
1059,465,0.01713606557,40.6194894256447,-74.0444430142086,40.6327177911553,-74.0323329993309,0.12643037686943,0.10929431129943,2020.24789125683,2020.2650273224,64400000
1059,464,0.01440382514,40.6194894256447,-74.0444430142086,40.6152405919818,-74.03837802312,0.12369813643943,0.10929431129943,2020.24789125683,2020.26229508197,64400000
1060,1061,0.01831,40.6008203466946,-74.0290625778031,40.6581591780928,-73.9972069462307,0.10921431129943,0.09090431129943,2020.22950125683,2020.24781125683,64400000
1060,466,6.93989083200286e-06,40.6008203466946,-74.0290625778031,40.6660285590097,-73.9423848882731,0.090911251190262,0.09090431129943,2020.22950125683,2020.22950819672,64400000
1061,468,0.000822622950900007,40.6581591780928,-73.9972069462307,40.6525463430275,-74.0036044343422,0.11003693425033,0.10921431129943,2020.24781125683,2020.24863387978,64400000
1061,467,0.04453846995,40.6581591780928,-73.9972069462307,40.6554217013423,-73.9807797430365,0.15375278124943,0.10921431129943,2020.24781125683,2020.29234972678,64400000
1062,1067,0.00190000000000001,40.7017488650534,-74.0045906334842,40.7154262139383,-74.0032263211598,0.05717431130163,0.05527431130163,2020.19387125683,2020.19577125683,64400000
1062,1063,0.0055,40.7017488650534,-74.0045906334842,40.7343162349552,-73.9971950494264,0.06077431130163,0.05527431130163,2020.19387125683,2020.19937125683,64400000
1063,1065,0.00459000000000001,40.7343162349552,-73.9971950494264,40.7383127797045,-73.9924233831898,0.06536431130163,0.06077431130163,2020.19937125683,2020.20396125683,64400000
1063,1064,0.01063,40.7343162349552,-73.9971950494264,40.7256948579657,-73.9976231393829,0.07140431130163,0.06077431130163,2020.19937125683,2020.21000125683,64400000
1064,470,0.09327743169,40.7256948579657,-73.9976231393829,40.7605267352416,-73.8395961714443,0.16468174299163,0.07140431130163,2020.21000125683,2020.30327868852,64400000
1064,469,0.03316814208,40.7256948579657,-73.9976231393829,40.7498020444357,-74.0088831553204,0.10457245338163,0.07140431130163,2020.21000125683,2020.24316939891,64400000
1065,471,0.00368901639399999,40.7383127797045,-73.9924233831898,40.6651786125334,-73.7022303450324,0.06905332769563,0.06536431130163,2020.20396125683,2020.20765027322,64400000
1065,1066,0.00175999999999998,40.7383127797045,-73.9924233831898,40.7493620606325,-73.9848638603327,0.06712431130163,0.06536431130163,2020.20396125683,2020.20572125683,64400000
1066,473,0.001929016394,40.7493620606325,-73.9848638603327,40.6963389376485,-73.5865035715047,0.06905332769563,0.06712431130163,2020.20572125683,2020.20765027322,64400000
1066,472,0.001929016394,40.7493620606325,-73.9848638603327,40.7507538051986,-73.9811768705278,0.06905332769563,0.06712431130163,2020.20572125683,2020.20765027322,64400000
1067,1068,0.0139050976,40.7154262139383,-74.0032263211598,40.7713806353014,-73.9440515190064,0.07107940890163,0.05717431130163,2020.19577125683,2020.20967635443,64400000
1067,474,0.01461125683,40.7154262139383,-74.0032263211598,40.6408235039873,-73.9296620677314,0.07178556813163,0.05717431130163,2020.19577125683,2020.21038251366,64400000
1068,1069,3.49024005600052e-05,40.7713806353014,-73.9440515190064,40.7692208745196,-73.9464769259688,0.07111431130219,0.07107940890163,2020.20967635443,2020.20971125683,64400000
1068,475,0.01983184229,40.7713806353014,-73.9440515190064,40.7241649144672,-73.6972077829265,0.09091125119163,0.07107940890163,2020.20967635443,2020.22950819672,64400000
1069,1070,0.02757,40.7692208745196,-73.9464769259688,40.6592458724343,-73.9443513938243,0.09868431130219,0.07111431130219,2020.20971125683,2020.23728125683,64400000
1069,1082,0.000459999999999988,40.7692208745196,-73.9464769259688,40.8082021240313,-73.903144363253,0.07157431130219,0.07111431130219,2020.20971125683,2020.21017125683,64400000
1070,1076,0.002,40.6592458724343,-73.9443513938243,40.6663851198391,-73.8688327899259,0.10068431130219,0.09868431130219,2020.23728125683,2020.23928125683,64400000
1070,1071,0.00717,40.6592458724343,-73.9443513938243,40.6306408735769,-73.9600141164193,0.10585431130219,0.09868431130219,2020.23728125683,2020.24445125683,64400000
1071,1072,0.000820000000000001,40.6306408735769,-73.9600141164193,40.6713147331057,-73.9201236221105,0.10667431130219,0.10585431130219,2020.24445125683,2020.24527125683,64400000
1071,1073,0.00192000000000001,40.6306408735769,-73.9600141164193,40.61262544644,-73.9440492345776,0.10777431130219,0.10585431130219,2020.24445125683,2020.24637125683,64400000
1072,477,0.003362622951,40.6713147331057,-73.9201236221105,40.6723056732511,-73.9122425675787,0.11003693425319,0.10667431130219,2020.24527125683,2020.24863387978,64400000
1072,476,0.003362622951,40.6713147331057,-73.9201236221105,40.7840291556198,-73.7778524648704,0.11003693425319,0.10667431130219,2020.24527125683,2020.24863387978,64400000
1073,1075,0.00201,40.61262544644,-73.9440492345776,40.637599647733,-74.0401263880111,0.10978431130219,0.10777431130219,2020.24637125683,2020.24838125683,64400000
1073,1074,0.000829999999999997,40.61262544644,-73.9440492345776,40.6004085885004,-73.9813851929255,0.10860431130219,0.10777431130219,2020.24637125683,2020.24720125683,64400000
1074,479,0.01782606557,40.6004085885004,-73.9813851929255,40.6289392470886,-73.9693845048174,0.12643037687219,0.10860431130219,2020.24720125683,2020.2650273224,64400000
1074,478,0.02055830601,40.6004085885004,-73.9813851929255,40.6385159955933,-73.8827574963688,0.12916261731219,0.10860431130219,2020.24720125683,2020.26775956284,64400000
1075,480,0.05489743169,40.637599647733,-74.0401263880111,40.7774060764558,-73.9894444473099,0.16468174299219,0.10978431130219,2020.24838125683,2020.30327868852,64400000
1075,481,0.000252622950900006,40.637599647733,-74.0401263880111,40.6388370891847,-74.0342455387953,0.11003693425309,0.10978431130219,2020.24838125683,2020.24863387978,64400000
1076,1079,0.00631,40.6663851198391,-73.8688327899259,40.6718125555293,-73.9484229019204,0.10699431130219,0.10068431130219,2020.23928125683,2020.24559125683,64400000
1076,1077,0.00196,40.6663851198391,-73.8688327899259,40.7340584096796,-73.9713042825102,0.10264431130219,0.10068431130219,2020.23928125683,2020.24124125683,64400000
1077,482,0.001928142077,40.7340584096796,-73.9713042825102,40.7901985095708,-73.9736254453243,0.10457245337919,0.10264431130219,2020.24124125683,2020.24316939891,64400000
1077,1078,0.00192000000000001,40.7340584096796,-73.9713042825102,40.61262544644,-73.9440492345776,0.10456431130219,0.10264431130219,2020.24124125683,2020.24316125683,64400000
1078,484,8.14207669000422e-06,40.61262544644,-73.9440492345776,40.6749459845957,-73.9359358944072,0.10457245337888,0.10456431130219,2020.24316125683,2020.24316939891,64400000
1078,483,8.14207669000422e-06,40.61262544644,-73.9440492345776,40.7703629277398,-73.9485793622217,0.10457245337888,0.10456431130219,2020.24316125683,2020.24316939891,64400000
1079,1080,0.000240000000000004,40.6718125555293,-73.9484229019204,40.6788402848961,-73.9392078934193,0.10723431130219,0.10699431130219,2020.24559125683,2020.24583125683,64400000
1079,485,0.05495519126,40.6718125555293,-73.9484229019204,40.6494437092484,-73.9454775269545,0.16194950256219,0.10699431130219,2020.24559125683,2020.30054644809,64400000
1080,1081,0.000710000000000002,40.6788402848961,-73.9392078934193,40.6843587736975,-73.9351293881551,0.10794431130219,0.10723431130219,2020.24583125683,2020.24654125683,64400000
1080,486,0.01646382514,40.6788402848961,-73.9392078934193,40.6633707274195,-73.9782339688327,0.12369813644219,0.10723431130219,2020.24583125683,2020.26229508197,64400000
1081,488,0.01028934426,40.6843587736975,-73.9351293881551,40.6304412048745,-73.8854901849651,0.11823365556219,0.10794431130219,2020.24654125683,2020.25683060109,64400000
1081,487,0.02121830601,40.6843587736975,-73.9351293881551,40.6112061873269,-73.9869925190621,0.12916261731219,0.10794431130219,2020.24654125683,2020.26775956284,64400000
1082,1085,0.03398,40.8082021240313,-73.903144363253,40.6850112528991,-74.0072913356652,0.10555431130219,0.07157431130219,2020.21017125683,2020.24415125683,64400000
1082,1083,0.03711054016,40.8082021240313,-73.903144363253,40.7314957319023,-74.0047151754439,0.10868485146219,0.07157431130219,2020.21017125683,2020.24728179699,64400000
1083,1084,0.0003794598417,40.7314957319023,-74.0047151754439,40.7357990846454,-73.9906036778019,0.10906431130389,0.10868485146219,2020.24728179699,2020.24766125683,64400000
1083,489,0.00681656366699999,40.7314957319023,-74.0047151754439,40.7084611475601,-73.9983726112582,0.11550141512919,0.10868485146219,2020.24728179699,2020.25409836066,64400000
1084,490,0.006437103825,40.7357990846454,-73.9906036778019,40.7920909037073,-73.9514547749646,0.11550141512889,0.10906431130389,2020.24766125683,2020.25409836066,64400000
1084,491,0.003704863388,40.7357990846454,-73.9906036778019,40.8549837905493,-73.9258289253539,0.11276917469189,0.10906431130389,2020.24766125683,2020.25136612022,64400000
1085,1086,0.00146,40.6850112528991,-74.0072913356652,40.6744131730556,-73.9717014864543,0.10701431130219,0.10555431130219,2020.24415125683,2020.24561125683,64400000
1085,1088,0.002623656315,40.6850112528991,-74.0072913356652,40.6551057965817,-74.0258994222045,0.10817796761719,0.10555431130219,2020.24415125683,2020.24677491314,64400000
1086,1087,0.00233,40.6744131730556,-73.9717014864543,40.6923580520552,-73.9615624162717,0.10934431130219,0.10701431130219,2020.24561125683,2020.24794125683,64400000
1086,494,0.1068477596,40.6744131730556,-73.9717014864543,40.6716029294849,-73.9647051965108,0.21386207090219,0.10701431130219,2020.24561125683,2020.35245901643,64400000
1087,493,0.0116215847,40.6923580520552,-73.9615624162717,40.6475212049097,-74.0085205919159,0.12096589600219,0.10934431130219,2020.24794125683,2020.25956284153,64400000
1087,492,0.00342486338799999,40.6923580520552,-73.9615624162717,40.5933468783976,-73.960198574249,0.11276917469019,0.10934431130219,2020.24794125683,2020.25136612022,64400000
1088,1089,0.000146343684599995,40.6551057965817,-74.0258994222045,40.6556275299382,-74.0257279972948,0.10832431130179,0.10817796761719,2020.24677491314,2020.24692125683,64400000
1088,1092,3.49222091200058e-05,40.6551057965817,-74.0258994222045,40.6575116118517,-74.0243454945689,0.10821288982631,0.10817796761719,2020.24677491314,2020.24680983535,64400000
1089,1090,0.000229999999999994,40.6556275299382,-74.0257279972948,40.6875402251767,-73.5175243500803,0.10855431130179,0.10832431130179,2020.24692125683,2020.24715125683,64400000
1089,1091,0.000229999999999994,40.6556275299382,-74.0257279972948,40.6875402251767,-73.5175243500803,0.10855431130179,0.10832431130179,2020.24692125683,2020.24715125683,64400000
1090,495,0.0342695082,40.6875402251767,-73.5175243500803,40.7592308445647,-73.3436707868647,0.14282381950179,0.10855431130179,2020.24715125683,2020.28142076503,64400000
1090,496,0.0342695082,40.6875402251767,-73.5175243500803,40.6619217152488,-73.5955475945494,0.14282381950179,0.10855431130179,2020.24715125683,2020.28142076503,64400000
1091,497,0.0342695082,40.6875402251767,-73.5175243500803,40.7666455199557,-73.9471916752648,0.14282381950179,0.10855431130179,2020.24715125683,2020.28142076503,64400000
1091,498,0.0342695082,40.6875402251767,-73.5175243500803,40.7147820625154,-73.6070105692002,0.14282381950179,0.10855431130179,2020.24715125683,2020.28142076503,64400000
1092,499,0.03461092967,40.6575116118517,-74.0243454945689,40.7810731493629,-73.9775037412263,0.14282381949631,0.10821288982631,2020.24680983535,2020.28142076502,64400000
1092,500,0.01548524661,40.6575116118517,-74.0243454945689,40.6242913953201,-73.991092805066,0.12369813643631,0.10821288982631,2020.24680983535,2020.26229508196,64400000
1093,1094,0.01925,40.7019285589074,-73.9351564931711,40.7264512213264,-73.9208816007566,0.04707431130163,0.02782431130163,2020.16642125683,2020.18567125683,64400000
1093,1135,0.00536,40.7019285589074,-73.9351564931711,40.6893289992085,-73.9516536811969,0.03318431130163,0.02782431130163,2020.16642125683,2020.17178125683,64400000
1094,1109,0.00180000000000002,40.7264512213264,-73.9208816007566,40.6765211187843,-73.9387375840161,0.04887431130163,0.04707431130163,2020.18567125683,2020.18747125683,64400000
1094,1095,0.0199068484,40.7264512213264,-73.9208816007566,40.7445002229064,-73.892408353418,0.06698115970163,0.04707431130163,2020.18567125683,2020.20557810523,64400000
1095,1096,0.00426068290999998,40.7445002229064,-73.892408353418,40.6731624213687,-73.9619996591564,0.07124184261163,0.06698115970163,2020.20557810523,2020.20983878814,64400000
1095,1098,0.002346190724,40.7445002229064,-73.892408353418,40.7380130759356,-73.8984963312651,0.06932735042563,0.06698115970163,2020.20557810523,2020.20792429595,64400000
1096,503,0.02240164902,40.6731624213687,-73.9619996591564,40.6051641866784,-73.945295817838,0.09364349163163,0.07124184261163,2020.20983878814,2020.23224043716,64400000
1096,1097,3.24686907900162e-05,40.6731624213687,-73.9619996591564,40.6800332387344,-73.9563297264019,0.07127431130242,0.07124184261163,2020.20983878814,2020.20987125683,64400000
1097,501,0.06335278689,40.6800332387344,-73.9563297264019,40.6467685514761,-74.0194182811825,0.13462709819242,0.07127431130242,2020.20987125683,2020.27322404372,64400000
1097,502,0.04149486339,40.6800332387344,-73.9563297264019,40.7495486702231,-73.5639976443271,0.11276917469242,0.07127431130242,2020.20987125683,2020.25136612022,64400000
1098,1104,0.000364464274100001,40.7380130759356,-73.8984963312651,40.7353013597846,-73.9016891326911,0.06969181469973,0.06932735042563,2020.20792429595,2020.20828876023,64400000
1098,1099,0.000856861353299987,40.7380130759356,-73.8984963312651,40.7389186574289,-73.8997822366236,0.07018421177893,0.06932735042563,2020.20792429595,2020.20878115731,64400000
1099,1100,0.000775731914199995,40.7389186574289,-73.8997822366236,40.724007558856,-73.9282186164708,0.07095994369313,0.07018421177893,2020.20878115731,2020.20955688922,64400000
1099,504,0.04531720335,40.7389186574289,-73.8997822366236,40.7367254948988,-73.9821664063822,0.11550141512893,0.07018421177893,2020.20878115731,2020.25409836066,64400000
1100,1101,4.47211548901261e-06,40.724007558856,-73.9282186164708,40.7236631257363,-73.9284302216224,0.070964415808619,0.07095994369313,2020.20955688922,2020.20956136134,64400000
1100,1103,0.000104367609100015,40.724007558856,-73.9282186164708,40.7248741178032,-73.9277142489028,0.07106431130223,0.07095994369313,2020.20955688922,2020.20966125683,64400000
1101,1102,9.98954935799989e-05,40.7236631257363,-73.9284302216224,40.6043715414149,-73.9201924945779,0.071064311302199,0.070964415808619,2020.20956136134,2020.20966125683,64400000
1101,505,0.006285633199,40.7236631257363,-73.9284302216224,40.7346805563875,-73.9226783846122,0.077250049007619,0.070964415808619,2020.20956136134,2020.21584699454,64400000
1102,506,0.006185737705,40.6043715414149,-73.9201924945779,40.5855860765207,-73.9230640344581,0.077250049007199,0.071064311302199,2020.20966125683,2020.21584699453,64400000
1102,507,0.006185737705,40.6043715414149,-73.9201924945779,40.7190855577853,-73.5587197760078,0.077250049007199,0.071064311302199,2020.20966125683,2020.21584699453,64400000
1103,509,0.006185737705,40.7248741178032,-73.9277142489028,40.6354722553689,-74.0153364418831,0.07725004900723,0.07106431130223,2020.20966125683,2020.21584699453,64400000
1103,508,0.006185737705,40.7248741178032,-73.9277142489028,40.591617253962,-74.1238509629819,0.07725004900723,0.07106431130223,2020.20966125683,2020.21584699453,64400000
1104,1105,0.000343438560099996,40.7353013597846,-73.9016891326911,40.6787648840501,-73.6950776516582,0.07003525325983,0.06969181469973,2020.20828876023,2020.20863219879,64400000
1104,1108,0.00118249660200001,40.7353013597846,-73.9016891326911,40.734245762087,-73.8943960435131,0.07087431130173,0.06969181469973,2020.20828876023,2020.20947125683,64400000
1105,1106,0.000370840511000003,40.6787648840501,-73.6950776516582,40.679944874224,-73.6909230817871,0.07040609377083,0.07003525325983,2020.20863219879,2020.2090030393,64400000
1105,1107,0.00125905804199999,40.6787648840501,-73.6950776516582,40.6724461154882,-73.6993603182391,0.07129431130183,0.07003525325983,2020.20863219879,2020.20989125683,64400000
1106,511,0.04509532136,40.679944874224,-73.6909230817871,40.6914123560652,-73.8232457742389,0.11550141513083,0.07040609377083,2020.2090030393,2020.25409836066,64400000
1106,510,0.06148876398,40.679944874224,-73.6909230817871,40.6616573823957,-73.7066894364578,0.13189485775083,0.07040609377083,2020.2090030393,2020.27049180328,64400000
1107,513,0.01961693989,40.6724461154882,-73.6993603182391,40.7377067930111,-73.7012941342336,0.09091125119183,0.07129431130183,2020.20989125683,2020.22950819672,64400000
1107,512,0.01961693989,40.6724461154882,-73.6993603182391,40.6277322400182,-74.0364540181838,0.09091125119183,0.07129431130183,2020.20989125683,2020.22950819672,64400000
1108,514,0.02003693989,40.734245762087,-73.8943960435131,40.7818537733707,-73.8995069468035,0.09091125119173,0.07087431130173,2020.20947125683,2020.22950819672,64400000
1108,515,0.02003693989,40.734245762087,-73.8943960435131,40.7250498538332,-73.9944254085499,0.09091125119173,0.07087431130173,2020.20947125683,2020.22950819672,64400000
1109,1110,0.02111785671,40.6765211187843,-73.9387375840161,40.7570988091779,-73.9602295794069,0.06999216801163,0.04887431130163,2020.18747125683,2020.20858911354,64400000
1109,1115,0.01568,40.6765211187843,-73.9387375840161,40.6983043741838,-73.9758786044571,0.06455431130163,0.04887431130163,2020.18747125683,2020.20315125683,64400000
1110,1113,0.000362143292000017,40.7570988091779,-73.9602295794069,40.7642495288549,-73.9509308831658,0.07035431130363,0.06999216801163,2020.20858911354,2020.20895125683,64400000
1110,1111,0.000362143292000017,40.7570988091779,-73.9602295794069,40.7642495288549,-73.9509308831658,0.07035431130363,0.06999216801163,2020.20858911354,2020.20895125683,64400000
1111,518,0.02602142077,40.7642495288549,-73.9509308831658,40.8735583736584,-73.9227594694349,0.09637573207363,0.07035431130363,2020.20895125683,2020.2349726776,64400000
1111,1112,0.000769999999999993,40.7642495288549,-73.9509308831658,40.7622881275179,-73.9528128025975,0.07112431130363,0.07035431130363,2020.20895125683,2020.20972125683,64400000
1112,517,0.02525142077,40.7622881275179,-73.9528128025975,40.7409084036884,-73.975026914831,0.09637573207363,0.07112431130363,2020.20972125683,2020.2349726776,64400000
1112,516,0.02525142077,40.7622881275179,-73.9528128025975,40.6979300538538,-73.6039629635968,0.09637573207363,0.07112431130363,2020.20972125683,2020.2349726776,64400000
1113,1114,0.000769999999999993,40.7642495288549,-73.9509308831658,40.7622881275179,-73.9528128025975,0.07112431130363,0.07035431130363,2020.20895125683,2020.20972125683,64400000
1113,521,0.02602142077,40.7642495288549,-73.9509308831658,40.6606033287614,-73.6943498587415,0.09637573207363,0.07035431130363,2020.20895125683,2020.2349726776,64400000
1114,520,0.02525142077,40.7622881275179,-73.9528128025975,40.6282074815743,-74.0404109622052,0.09637573207363,0.07112431130363,2020.20972125683,2020.2349726776,64400000
1114,519,0.02525142077,40.7622881275179,-73.9528128025975,40.8479430292651,-73.9198629133241,0.09637573207363,0.07112431130363,2020.20972125683,2020.2349726776,64400000
1115,1116,0.00175,40.6983043741838,-73.9758786044571,40.677576182226,-73.9404718041798,0.06630431130163,0.06455431130163,2020.20315125683,2020.20490125683,64400000
1115,1124,0.00175,40.6983043741838,-73.9758786044571,40.677576182226,-73.9404718041798,0.06630431130163,0.06455431130163,2020.20315125683,2020.20490125683,64400000
1116,1119,0.00175,40.677576182226,-73.9404718041798,40.677576182226,-73.9404718041798,0.06805431130163,0.06630431130163,2020.20490125683,2020.20665125683,64400000
1116,1117,0.00489000000000001,40.677576182226,-73.9404718041798,40.7246915418751,-73.9593172697981,0.07119431130163,0.06630431130163,2020.20490125683,2020.20979125683,64400000
1117,522,0.01971693989,40.7246915418751,-73.9593172697981,40.7137979627257,-73.9636700734799,0.09091125119163,0.07119431130163,2020.20979125683,2020.22950819672,64400000
1117,1118,0.03285,40.7246915418751,-73.9593172697981,40.6865491123013,-73.8616271031822,0.10404431130163,0.07119431130163,2020.20979125683,2020.24264125683,64400000
1118,523,0.01145710383,40.6865491123013,-73.8616271031822,40.6245508931925,-73.9503985612396,0.11550141513163,0.10404431130163,2020.24264125683,2020.25409836066,64400000
1118,524,0.00872486338799999,40.6865491123013,-73.8616271031822,40.6794533247556,-73.8623804544818,0.11276917468963,0.10404431130163,2020.24264125683,2020.25136612022,64400000
1119,1121,0.00181000000000001,40.677576182226,-73.9404718041798,40.6331705213214,-73.9515818348351,0.06986431130163,0.06805431130163,2020.20665125683,2020.20846125683,64400000
1119,1120,0.00226999999999999,40.677576182226,-73.9404718041798,40.7203235976527,-73.9384214337391,0.07032431130163,0.06805431130163,2020.20665125683,2020.20892125683,64400000
1120,525,0.05337382514,40.7203235976527,-73.9384214337391,40.5613580548334,-73.9190732861445,0.12369813644163,0.07032431130163,2020.20892125683,2020.26229508197,64400000
1120,526,0.05337382514,40.7203235976527,-73.9384214337391,40.636247995607,-74.0074798248526,0.12369813644163,0.07032431130163,2020.20892125683,2020.26229508197,64400000
1121,1123,0.000640000000000002,40.6331705213214,-73.9515818348351,40.7227897941807,-73.9681091494108,0.07050431130163,0.06986431130163,2020.20846125683,2020.20910125683,64400000
1121,1122,0.00192000000000001,40.6331705213214,-73.9515818348351,40.61262544644,-73.9440492345776,0.07178431130163,0.06986431130163,2020.20846125683,2020.21038125683,64400000
1122,527,1.25683072199623e-06,40.61262544644,-73.9440492345776,40.733879714996,-73.9891000962731,0.071785568132352,0.07178431130163,2020.21038125683,2020.21038251366,64400000
1122,528,1.25683072199623e-06,40.61262544644,-73.9440492345776,40.7572901348535,-73.9655665245418,0.071785568132352,0.07178431130163,2020.21038125683,2020.21038251366,64400000
1123,529,0.006745737705,40.7227897941807,-73.9681091494108,40.6893424172605,-73.9828912667748,0.07725004900663,0.07050431130163,2020.20910125683,2020.21584699453,64400000
1123,530,0.001281256831,40.7227897941807,-73.9681091494108,40.7495678171791,-73.9800861732694,0.07178556813263,0.07050431130163,2020.20910125683,2020.21038251366,64400000
1124,1130,0.00175,40.677576182226,-73.9404718041798,40.677576182226,-73.9404718041798,0.06805431130163,0.06630431130163,2020.20490125683,2020.20665125683,64400000
1124,1125,0.00175,40.677576182226,-73.9404718041798,40.677576182226,-73.9404718041798,0.06805431130163,0.06630431130163,2020.20490125683,2020.20665125683,64400000
1125,1126,0.00372999999999998,40.677576182226,-73.9404718041798,40.678753517879,-74.0048749638961,0.07178431130163,0.06805431130163,2020.20665125683,2020.21038125683,64400000
1125,1127,0.00181000000000001,40.677576182226,-73.9404718041798,40.6331705213214,-73.9515818348351,0.06986431130163,0.06805431130163,2020.20665125683,2020.20846125683,64400000
1126,532,1.25683072199623e-06,40.678753517879,-74.0048749638961,40.7900195438269,-73.9788875383427,0.071785568132352,0.07178431130163,2020.21038125683,2020.21038251366,64400000
1126,531,1.25683072199623e-06,40.678753517879,-74.0048749638961,40.6770410083045,-74.0050478501503,0.071785568132352,0.07178431130163,2020.21038125683,2020.21038251366,64400000
1127,1128,0.00192000000000001,40.6331705213214,-73.9515818348351,40.61262544644,-73.9440492345776,0.07178431130163,0.06986431130163,2020.20846125683,2020.21038125683,64400000
1127,1129,0.00192000000000001,40.6331705213214,-73.9515818348351,40.61262544644,-73.9440492345776,0.07178431130163,0.06986431130163,2020.20846125683,2020.21038125683,64400000
1128,534,1.25683072199623e-06,40.61262544644,-73.9440492345776,40.7812015999795,-73.5536986522766,0.071785568132352,0.07178431130163,2020.21038125683,2020.21038251366,64400000
1128,533,1.25683072199623e-06,40.61262544644,-73.9440492345776,40.6812152013006,-73.6184554330876,0.071785568132352,0.07178431130163,2020.21038125683,2020.21038251366,64400000
1129,535,1.25683072199623e-06,40.61262544644,-73.9440492345776,40.7986526428039,-73.5578202561208,0.071785568132352,0.07178431130163,2020.21038125683,2020.21038251366,64400000
1129,536,1.25683072199623e-06,40.61262544644,-73.9440492345776,40.8281941179378,-73.9267616846938,0.071785568132352,0.07178431130163,2020.21038125683,2020.21038251366,64400000
1130,1132,0.00181000000000001,40.677576182226,-73.9404718041798,40.6331705213214,-73.9515818348351,0.06986431130163,0.06805431130163,2020.20665125683,2020.20846125683,64400000
1130,1131,0.00372999999999998,40.677576182226,-73.9404718041798,40.678753517879,-74.0048749638961,0.07178431130163,0.06805431130163,2020.20665125683,2020.21038125683,64400000
1131,537,1.25683072199623e-06,40.678753517879,-74.0048749638961,40.6804981430629,-73.9138167166792,0.071785568132352,0.07178431130163,2020.21038125683,2020.21038251366,64400000
1131,538,1.25683072199623e-06,40.678753517879,-74.0048749638961,40.777743487841,-73.9518013270567,0.071785568132352,0.07178431130163,2020.21038125683,2020.21038251366,64400000
1132,1134,0.00192000000000001,40.6331705213214,-73.9515818348351,40.61262544644,-73.9440492345776,0.07178431130163,0.06986431130163,2020.20846125683,2020.21038125683,64400000
1132,1133,0.00192000000000001,40.6331705213214,-73.9515818348351,40.61262544644,-73.9440492345776,0.07178431130163,0.06986431130163,2020.20846125683,2020.21038125683,64400000
1133,540,1.25683072199623e-06,40.61262544644,-73.9440492345776,40.6219768476312,-74.0362136521176,0.071785568132352,0.07178431130163,2020.21038125683,2020.21038251366,64400000
1133,539,1.25683072199623e-06,40.61262544644,-73.9440492345776,40.6292452213414,-74.023980052552,0.071785568132352,0.07178431130163,2020.21038125683,2020.21038251366,64400000
1134,541,1.25683072199623e-06,40.61262544644,-73.9440492345776,40.7497243847094,-73.9778674846201,0.071785568132352,0.07178431130163,2020.21038125683,2020.21038251366,64400000
1134,542,1.25683072199623e-06,40.61262544644,-73.9440492345776,40.8214987408293,-73.3436117101648,0.071785568132352,0.07178431130163,2020.21038125683,2020.21038251366,64400000
1135,1136,0.00200999999999998,40.6893289992085,-73.9516536811969,40.6870292012027,-73.9516909025232,0.03519431130163,0.03318431130163,2020.17178125683,2020.17379125683,64400000
1135,1184,0.00957,40.6893289992085,-73.9516536811969,40.680601094728,-73.9784848418847,0.04275431130163,0.03318431130163,2020.17178125683,2020.18135125683,64400000
1136,1137,0.01898216906,40.6870292012027,-73.9516909025232,40.665213856763,-73.966026126104,0.05417648036163,0.03519431130163,2020.17379125683,2020.19277342589,64400000
1136,1151,0.02379,40.6870292012027,-73.9516909025232,40.6286441694381,-73.9810648486092,0.05898431130163,0.03519431130163,2020.17379125683,2020.19758125683,64400000
1137,1138,0.00210783094,40.665213856763,-73.966026126104,40.6584856251479,-73.9737393741879,0.05628431130163,0.05417648036163,2020.19277342589,2020.19488125683,64400000
1137,1146,0.000186531202800017,40.665213856763,-73.966026126104,40.6658322647354,-73.9613413459935,0.05436301156443,0.05417648036163,2020.19277342589,2020.19295995709,64400000
1138,543,0.03462693989,40.6584856251479,-73.9737393741879,40.6469987444172,-74.0188466019032,0.09091125119163,0.05628431130163,2020.19488125683,2020.22950819672,64400000
1138,1139,0.0055,40.6584856251479,-73.9737393741879,40.7343162349552,-73.9971950494264,0.06178431130163,0.05628431130163,2020.19488125683,2020.20038125683,64400000
1139,1141,0.00179000000000001,40.7343162349552,-73.9971950494264,40.6592801952517,-73.9541856117005,0.06357431130163,0.06178431130163,2020.20038125683,2020.20217125683,64400000
1139,1140,0.00963,40.7343162349552,-73.9971950494264,40.7026602251365,-73.9702411129723,0.07141431130163,0.06178431130163,2020.20038125683,2020.21001125683,64400000
1140,545,0.03315814208,40.7026602251365,-73.9702411129723,40.7497402162841,-73.991601753629,0.10457245338163,0.07141431130163,2020.21001125683,2020.24316939891,64400000
1140,544,0.03862262295,40.7026602251365,-73.9702411129723,40.6857775089202,-73.993188747085,0.11003693425163,0.07141431130163,2020.21001125683,2020.24863387978,64400000
1141,1142,0.00736999999999999,40.6592801952517,-73.9541856117005,40.6504792523568,-73.9558469443269,0.07094431130163,0.06357431130163,2020.20217125683,2020.20954125683,64400000
1141,546,1.45355193399976e-05,40.6592801952517,-73.9541856117005,40.6606737193785,-73.9533242942901,0.06358884682097,0.06357431130163,2020.20217125683,2020.20218579235,64400000
1142,1143,2.000000000002e-05,40.6504792523568,-73.9558469443269,40.6497818879951,-73.9563004376997,0.07096431130163,0.07094431130163,2020.20954125683,2020.20956125683,64400000
1142,547,0.000841256830700021,40.6504792523568,-73.9558469443269,40.6675728962418,-73.9379002362335,0.07178556813233,0.07094431130163,2020.20954125683,2020.21038251366,64400000
1143,548,0.01175021858,40.6497818879951,-73.9563004376997,40.6430597499473,-74.0189547791902,0.08271452988163,0.07096431130163,2020.20956125683,2020.22131147541,64400000
1143,1144,0.00047999999999998,40.6497818879951,-73.9563004376997,40.6484579366661,-73.9544209260939,0.07144431130163,0.07096431130163,2020.20956125683,2020.21004125683,64400000
1144,1145,0.02296,40.6484579366661,-73.9544209260939,40.714678248811,-73.6161370368835,0.09440431130163,0.07144431130163,2020.21004125683,2020.23300125683,64400000
1144,549,0.01946693989,40.6484579366661,-73.9544209260939,40.6654513655317,-73.950649578401,0.09091125119163,0.07144431130163,2020.21004125683,2020.22950819672,64400000
1145,550,0.001971420765,40.714678248811,-73.6161370368835,40.8177010134899,-73.8312716311785,0.09637573206663,0.09440431130163,2020.23300125683,2020.23497267759,64400000
1145,551,0.001971420765,40.714678248811,-73.6161370368835,40.693357645173,-73.6340065683135,0.09637573206663,0.09440431130163,2020.23300125683,2020.23497267759,64400000
1146,1147,9.12997372100044e-05,40.6658322647354,-73.9613413459935,40.665372501349,-73.9596957642347,0.05445431130164,0.05436301156443,2020.19295995709,2020.19305125683,64400000
1146,1150,0.05450129974,40.6658322647354,-73.9613413459935,40.6603436590841,-73.9540240376752,0.10886431130443,0.05436301156443,2020.19295995709,2020.24746125683,64400000
1147,1149,0.01616,40.665372501349,-73.9596957642347,40.4694570414259,-74.0346282898505,0.07061431130164,0.05445431130164,2020.19305125683,2020.20921125683,64400000
1147,1148,0.05414,40.665372501349,-73.9596957642347,40.6538580426063,-73.9935400872405,0.10859431130164,0.05445431130164,2020.19305125683,2020.24719125683,64400000
1148,553,0.01510382514,40.6538580426063,-73.9935400872405,40.6389039812819,-74.0159768365821,0.12369813644164,0.10859431130164,2020.24719125683,2020.26229508197,64400000
1148,552,0.02056830601,40.6538580426063,-73.9935400872405,40.6431044580712,-74.0040451054367,0.12916261731164,0.10859431130164,2020.24719125683,2020.26775956284,64400000
1149,554,0.06401278689,40.4694570414259,-74.0346282898505,40.7849678433619,-73.8515921671349,0.13462709819164,0.07061431130164,2020.20921125683,2020.27322404372,64400000
1149,555,0.02302918033,40.4694570414259,-74.0346282898505,40.5967601616026,-73.8979351868742,0.09364349163164,0.07061431130164,2020.20921125683,2020.23224043716,64400000
1150,557,0.06401415301,40.6603436590841,-73.9540240376752,40.6589735141867,-73.7052433919042,0.17287846431443,0.10886431130443,2020.24746125683,2020.31147540984,64400000
1150,556,0.05308519126,40.6603436590841,-73.9540240376752,40.6300346955611,-73.989459760818,0.16194950256443,0.10886431130443,2020.24746125683,2020.30054644809,64400000
1151,1158,0.00993000000000002,40.6286441694381,-73.9810648486092,40.6159309790848,-73.9807948753458,0.06891431130163,0.05898431130163,2020.19758125683,2020.20751125683,64400000
1151,1152,0.01115445799,40.6286441694381,-73.9810648486092,40.681604223514,-73.9365464440687,0.07013876929163,0.05898431130163,2020.19758125683,2020.20873571482,64400000
1152,558,0.03989816496,40.681604223514,-73.9365464440687,40.7368623093924,-74.005762552901,0.11003693425163,0.07013876929163,2020.20873571482,2020.24863387978,64400000
1152,1153,0.000708125228700007,40.681604223514,-73.9365464440687,40.6806251061289,-73.9397836365893,0.07084689452033,0.07013876929163,2020.20873571482,2020.20944384005,64400000
1153,1156,0.03792689904,40.6806251061289,-73.9397836365893,40.6959682652602,-73.9315238426578,0.10877379356033,0.07084689452033,2020.20944384005,2020.24737073909,64400000
1153,1154,0.000257416780399977,40.6806251061289,-73.9397836365893,40.7124410837739,-73.9131502888763,0.07110431130073,0.07084689452033,2020.20944384005,2020.20970125683,64400000
1154,1155,0.02525,40.7124410837739,-73.9131502888763,40.7014930943119,-73.828064097223,0.09635431130073,0.07110431130073,2020.20970125683,2020.23495125683,64400000
1154,559,0.02527142077,40.7124410837739,-73.9131502888763,40.5886407162506,-73.9711411966013,0.09637573207073,0.07110431130073,2020.20970125683,2020.2349726776,64400000
1155,561,2.14207650799936e-05,40.7014930943119,-73.828064097223,40.700962746593,-73.8282086309938,0.09637573206581,0.09635431130073,2020.23495125683,2020.23497267759,64400000
1155,560,0.01368262295,40.7014930943119,-73.828064097223,40.843830683383,-73.64169324482,0.11003693425073,0.09635431130073,2020.23495125683,2020.24863387978,64400000
1156,564,0.1023560369,40.6959682652602,-73.9315238426578,40.8185649072773,-73.8731335848325,0.21112983046033,0.10877379356033,2020.24737073909,2020.34972677599,64400000
1156,1157,0.000247399652999997,40.6959682652602,-73.9315238426578,40.7054044865934,-73.9399188743759,0.10902119321333,0.10877379356033,2020.24737073909,2020.24761813874,64400000
1157,562,0.03926710716,40.7054044865934,-73.9399188743759,40.6942875495834,-73.9495779390877,0.14828830037333,0.10902119321333,2020.24761813874,2020.2868852459,64400000
1157,563,0.01467694322,40.7054044865934,-73.9399188743759,40.6222086603226,-74.0262024676932,0.12369813643333,0.10902119321333,2020.24761813874,2020.26229508196,64400000
1158,1159,0.00102027246499997,40.6159309790848,-73.9807948753458,40.5910902648326,-73.9913817280758,0.06993458376663,0.06891431130163,2020.20751125683,2020.20853152929,64400000
1158,1169,0.00156999999999999,40.6159309790848,-73.9807948753458,40.7579075395549,-73.8625578183479,0.07048431130163,0.06891431130163,2020.20751125683,2020.20908125683,64400000
1159,1160,0.00037784412230002,40.5910902648326,-73.9913817280758,40.6327619995383,-73.9190666888966,0.07031242788893,0.06993458376663,2020.20853152929,2020.20890937342,64400000
1159,1162,0.00101569326200002,40.5910902648326,-73.9913817280758,40.6075083027251,-73.9736142788386,0.07095027702863,0.06993458376663,2020.20853152929,2020.20954722256,64400000
1160,1161,0.00023188341289998,40.6327619995383,-73.9190666888966,40.6335144592392,-73.9169697220916,0.07054431130183,0.07031242788893,2020.20890937342,2020.20914125683,64400000
1160,567,0.05065346811,40.6327619995383,-73.9190666888966,40.6332881534098,-74.0094052226576,0.12096589599893,0.07031242788893,2020.20890937342,2020.25956284153,64400000
1161,566,0.0504215847,40.6335144592392,-73.9169697220916,40.6050675425224,-73.9262005114474,0.12096589600183,0.07054431130183,2020.20914125683,2020.25956284153,64400000
1161,565,0.09140519126,40.6335144592392,-73.9169697220916,40.6967110755991,-73.8836825314943,0.16194950256183,0.07054431130183,2020.20914125683,2020.30054644809,64400000
1162,1165,8.84831864100821e-06,40.6075083027251,-73.9736142788386,40.6027699633815,-73.9759444022385,0.070959125347271,0.07095027702863,2020.20954722256,2020.20955607087,64400000
1162,1163,2.8494887020003e-05,40.6075083027251,-73.9736142788386,40.6067924723574,-73.9734519785166,0.07097877191565,0.07095027702863,2020.20954722256,2020.20957571744,64400000
1163,570,0.00900351752799999,40.6067924723574,-73.9734519785166,40.6163990421204,-73.9647743066083,0.07998228944365,0.07097877191565,2020.20957571744,2020.21857923497,64400000
1163,1164,0.03630553939,40.6067924723574,-73.9734519785166,40.7054979700707,-73.6750952796734,0.10728431130565,0.07097877191565,2020.20957571744,2020.24588125683,64400000
1164,569,0.008217103825,40.7054979700707,-73.6750952796734,40.9346657890024,-73.8440849296718,0.11550141513065,0.10728431130565,2020.24588125683,2020.25409836066,64400000
1164,568,2.03825138199998e-05,40.7054979700707,-73.6750952796734,40.7064632002818,-73.6733451664292,0.10730469381947,0.10728431130565,2020.24588125683,2020.24590163935,64400000
1165,1166,0.000400624668999983,40.6027699633815,-73.9759444022385,40.6372263755489,-73.9488870255639,0.071359750016271,0.070959125347271,2020.20955607087,2020.20995669554,64400000
1165,575,0.01175540453,40.6027699633815,-73.9759444022385,40.7494710771492,-73.9794219506736,0.082714529877271,0.070959125347271,2020.20955607087,2020.2213114754,64400000
1166,1167,0.0001545612852,40.6372263755489,-73.9488870255639,40.6206868359212,-73.9727569562681,0.071514311301471,0.071359750016271,2020.20995669554,2020.21011125683,64400000
1166,1168,0.0001545612852,40.6372263755489,-73.9488870255639,40.6206868359212,-73.9727569562681,0.071514311301471,0.071359750016271,2020.20995669554,2020.21011125683,64400000
1167,571,0.00846797814199998,40.6206868359212,-73.9727569562681,40.5889423038926,-73.6079210235157,0.079982289443471,0.071514311301471,2020.21011125683,2020.21857923497,64400000
1167,572,0.00846797814199998,40.6206868359212,-73.9727569562681,40.6169504938103,-74.0016745372953,0.079982289443471,0.071514311301471,2020.21011125683,2020.21857923497,64400000
1168,573,0.00846797814199998,40.6206868359212,-73.9727569562681,40.7561354787091,-73.9775659266455,0.079982289443471,0.071514311301471,2020.21011125683,2020.21857923497,64400000
1168,574,0.00846797814199998,40.6206868359212,-73.9727569562681,40.6950130015476,-73.7049637775224,0.079982289443471,0.071514311301471,2020.21011125683,2020.21857923497,64400000
1169,1172,0.000316159441899999,40.7579075395549,-73.8625578183479,40.741982173184,-73.6642942963525,0.07080047074353,0.07048431130163,2020.20908125683,2020.20939741627,64400000
1169,1170,0.00103,40.7579075395549,-73.8625578183479,40.7614469101188,-73.8607859471048,0.07151431130163,0.07048431130163,2020.20908125683,2020.21011125683,64400000
1170,578,0.02212918033,40.7614469101188,-73.8607859471048,40.7498177869327,-73.8703546504848,0.09364349163163,0.07151431130163,2020.21011125683,2020.23224043716,64400000
1170,1171,0.02211,40.7614469101188,-73.8607859471048,40.7443358985896,-73.8743897639328,0.09362431130163,0.07151431130163,2020.21011125683,2020.23222125683,64400000
1171,577,1.918032796e-05,40.7443358985896,-73.8743897639328,40.7411476384798,-73.8762826664071,0.09364349162959,0.09362431130163,2020.23222125683,2020.23224043716,64400000
1171,576,1.918032796e-05,40.7443358985896,-73.8743897639328,40.6878880133701,-73.9745991290114,0.09364349162959,0.09362431130163,2020.23222125683,2020.23224043716,64400000
1172,1173,0.000171775776600019,40.741982173184,-73.6642942963525,40.7435871488009,-73.6609854250272,0.07097224652013,0.07080047074353,2020.20939741627,2020.20956919205,64400000
1172,1179,7.41767453399378e-06,40.741982173184,-73.6642942963525,40.7418386596856,-73.6644941994976,0.070807888418064,0.07080047074353,2020.20939741627,2020.20940483395,64400000
1173,1176,6.20647814799924e-05,40.7435871488009,-73.6609854250272,40.7312861949473,-73.6704046064004,0.07103431130161,0.07097224652013,2020.20956919205,2020.20963125683,64400000
1173,1174,6.20647814799924e-05,40.7435871488009,-73.6609854250272,40.7312861949473,-73.6704046064004,0.07103431130161,0.07097224652013,2020.20956919205,2020.20963125683,64400000
1174,1175,0.02259,40.7312861949473,-73.6704046064004,40.7081118670221,-73.9483250328106,0.09362431130161,0.07103431130161,2020.20963125683,2020.23222125683,64400000
1174,579,0.02260918033,40.7312861949473,-73.6704046064004,40.665418319057,-73.6617600535951,0.09364349163161,0.07103431130161,2020.20963125683,2020.23224043716,64400000
1175,580,1.918032796e-05,40.7081118670221,-73.9483250328106,40.742627106534,-73.9721243199272,0.09364349162957,0.09362431130161,2020.23222125683,2020.23224043716,64400000
1175,581,1.918032796e-05,40.7081118670221,-73.9483250328106,40.7459378811065,-73.6057771820677,0.09364349162957,0.09362431130161,2020.23222125683,2020.23224043716,64400000
1176,1178,0.02259,40.7312861949473,-73.6704046064004,40.7081118670221,-73.9483250328106,0.09362431130161,0.07103431130161,2020.20963125683,2020.23222125683,64400000
1176,1177,0.02259,40.7312861949473,-73.6704046064004,40.7081118670221,-73.9483250328106,0.09362431130161,0.07103431130161,2020.20963125683,2020.23222125683,64400000
1177,582,1.918032796e-05,40.7081118670221,-73.9483250328106,40.7084820387167,-73.9403472211103,0.09364349162957,0.09362431130161,2020.23222125683,2020.23224043716,64400000
1177,583,1.918032796e-05,40.7081118670221,-73.9483250328106,40.7473562518669,-73.1977648399175,0.09364349162957,0.09362431130161,2020.23222125683,2020.23224043716,64400000
1178,585,1.918032796e-05,40.7081118670221,-73.9483250328106,40.7508779479026,-73.6526924798827,0.09364349162957,0.09362431130161,2020.23222125683,2020.23224043716,64400000
1178,584,1.918032796e-05,40.7081118670221,-73.9483250328106,40.8606554027371,-73.1713288961946,0.09364349162957,0.09362431130161,2020.23222125683,2020.23224043716,64400000
1179,1183,0.000226422883499999,40.7418386596856,-73.6644941994976,40.7355288419141,-73.6702871329301,0.071034311301564,0.070807888418064,2020.20940483395,2020.20963125683,64400000
1179,1180,0.000226422883499999,40.7418386596856,-73.6644941994976,40.7355288419141,-73.6702871329301,0.071034311301564,0.070807888418064,2020.20940483395,2020.20963125683,64400000
1180,1182,0.02259,40.7355288419141,-73.6702871329301,40.7081118670221,-73.9483250328106,0.093624311301564,0.071034311301564,2020.20963125683,2020.23222125683,64400000
1180,1181,0.02259,40.7355288419141,-73.6702871329301,40.7081118670221,-73.9483250328106,0.093624311301564,0.071034311301564,2020.20963125683,2020.23222125683,64400000
1181,586,1.918032796e-05,40.7081118670221,-73.9483250328106,40.5947144602907,-73.9357058236911,0.093643491629524,0.093624311301564,2020.23222125683,2020.23224043716,64400000
1181,587,1.918032796e-05,40.7081118670221,-73.9483250328106,40.6782883512615,-73.9641616039469,0.093643491629524,0.093624311301564,2020.23222125683,2020.23224043716,64400000
1182,588,1.918032796e-05,40.7081118670221,-73.9483250328106,40.7030904741673,-73.6774352594794,0.093643491629524,0.093624311301564,2020.23222125683,2020.23224043716,64400000
1182,589,1.918032796e-05,40.7081118670221,-73.9483250328106,40.6197801895252,-74.0207088509375,0.093643491629524,0.093624311301564,2020.23222125683,2020.23224043716,64400000
1183,590,0.02260918033,40.7355288419141,-73.6702871329301,40.6843010580765,-73.5860274848027,0.093643491631564,0.071034311301564,2020.20963125683,2020.23224043716,64400000
1183,591,0.02260918033,40.7355288419141,-73.6702871329301,40.7138584216387,-73.9450519229372,0.093643491631564,0.071034311301564,2020.20963125683,2020.23224043716,64400000
1184,1185,0.02156,40.680601094728,-73.9784848418847,40.7225678252748,-73.6919921060802,0.06431431130163,0.04275431130163,2020.18135125683,2020.20291125683,64400000
1184,1190,0.00172,40.680601094728,-73.9784848418847,40.6894803558231,-73.980037131621,0.04447431130163,0.04275431130163,2020.18135125683,2020.18307125683,64400000
1185,1186,0.00176999999999999,40.7225678252748,-73.6919921060802,40.6190068077969,-74.0301272214409,0.06608431130163,0.06431431130163,2020.20291125683,2020.20468125683,64400000
1185,592,0.00747125683099997,40.7225678252748,-73.6919921060802,40.7226314022786,-73.6888499441659,0.07178556813263,0.06431431130163,2020.20291125683,2020.21038251366,64400000
1186,593,0.03848814208,40.6190068077969,-74.0301272214409,40.7215438533111,-74.0107212261745,0.10457245338163,0.06608431130163,2020.20468125683,2020.24316939891,64400000
1186,1187,0.00176999999999999,40.6190068077969,-74.0301272214409,40.6190068077969,-74.0301272214409,0.06785431130163,0.06608431130163,2020.20468125683,2020.20645125683,64400000
1187,1188,0.00180999999999998,40.6190068077969,-74.0301272214409,40.712548346463,-73.6840542390731,0.06966431130163,0.06785431130163,2020.20645125683,2020.20826125683,64400000
1187,594,0.03671814208,40.6190068077969,-74.0301272214409,40.7453383160075,-73.6057208963717,0.10457245338163,0.06785431130163,2020.20645125683,2020.24316939891,64400000
1188,595,0.03490814208,40.712548346463,-73.6840542390731,40.7473619025229,-73.610259117214,0.10457245338163,0.06966431130163,2020.20826125683,2020.24316939891,64400000
1188,1189,0.00188000000000002,40.712548346463,-73.6840542390731,40.7175563610437,-73.6903732349895,0.07154431130163,0.06966431130163,2020.20826125683,2020.21014125683,64400000
1189,597,0.101334153,40.7175563610437,-73.6903732349895,40.6059050506028,-74.0220360976346,0.17287846430163,0.07154431130163,2020.21014125683,2020.31147540983,64400000
1189,596,0.000241256830700004,40.7175563610437,-73.6903732349895,40.7155684607384,-73.6866592793196,0.07178556813233,0.07154431130163,2020.21014125683,2020.21038251366,64400000
1190,1191,0.00175,40.6894803558231,-73.980037131621,40.677576182226,-73.9404718041798,0.04622431130163,0.04447431130163,2020.18307125683,2020.18482125683,64400000
1190,1219,0.02342,40.6894803558231,-73.980037131621,40.6540357335344,-73.9885508167865,0.06789431130163,0.04447431130163,2020.18307125683,2020.20649125683,64400000
1191,1192,0.015,40.677576182226,-73.9404718041798,40.7097884054015,-73.9705261501565,0.06122431130163,0.04622431130163,2020.18482125683,2020.19982125683,64400000
1191,1200,0.01186,40.677576182226,-73.9404718041798,40.6687846713505,-74.0021375061635,0.05808431130163,0.04622431130163,2020.18482125683,2020.19668125683,64400000
1192,1195,0.00905999999999998,40.7097884054015,-73.9705261501565,40.7355443234326,-73.9579233363284,0.07028431130163,0.06122431130163,2020.19982125683,2020.20888125683,64400000
1192,1193,0.00161785317900001,40.7097884054015,-73.9705261501565,40.7210742095804,-73.9649102575967,0.06284216448063,0.06122431130163,2020.19982125683,2020.20143911001,64400000
1193,1194,0.04718214682,40.7210742095804,-73.9649102575967,40.6472622766422,-74.0145594985422,0.11002431130063,0.06284216448063,2020.20143911001,2020.24862125683,64400000
1193,600,0.04719476977,40.7210742095804,-73.9649102575967,40.7118241769841,-73.9584617719094,0.11003693425063,0.06284216448063,2020.20143911001,2020.24863387978,64400000
1194,599,1.26229509399972e-05,40.6472622766422,-74.0145594985422,40.646831340791,-74.0150392714286,0.11003693425157,0.11002431130063,2020.24862125683,2020.24863387978,64400000
1194,598,1.26229509399972e-05,40.6472622766422,-74.0145594985422,41.0848430673993,-73.9905688941844,0.11003693425157,0.11002431130063,2020.24862125683,2020.24863387978,64400000
1195,1196,0.000620000000000009,40.7355443234326,-73.9579233363284,40.732234584756,-73.9623097544864,0.07090431130163,0.07028431130163,2020.20888125683,2020.20950125683,64400000
1195,1198,0.000620000000000009,40.7355443234326,-73.9579233363284,40.732234584756,-73.9623097544864,0.07090431130163,0.07028431130163,2020.20888125683,2020.20950125683,64400000
1196,1197,0.00048999999999999,40.732234584756,-73.9623097544864,40.6909892507536,-73.9681472943904,0.07139431130163,0.07090431130163,2020.20950125683,2020.20999125683,64400000
1196,603,0.03366814208,40.732234584756,-73.9623097544864,40.8918671142442,-73.8595977191749,0.10457245338163,0.07090431130163,2020.20950125683,2020.24316939891,64400000
1197,601,0.03317814208,40.6909892507536,-73.9681472943904,40.6484592960247,-73.9665650271191,0.10457245338163,0.07139431130163,2020.20999125683,2020.24316939891,64400000
1197,602,0.03317814208,40.6909892507536,-73.9681472943904,40.7629614848886,-73.9869212903634,0.10457245338163,0.07139431130163,2020.20999125683,2020.24316939891,64400000
1198,606,0.03366814208,40.732234584756,-73.9623097544864,40.682684823433,-73.5750293065525,0.10457245338163,0.07090431130163,2020.20950125683,2020.24316939891,64400000
1198,1199,0.00048999999999999,40.732234584756,-73.9623097544864,40.6909892507536,-73.9681472943904,0.07139431130163,0.07090431130163,2020.20950125683,2020.20999125683,64400000
1199,605,0.03317814208,40.6909892507536,-73.9681472943904,40.7288765583391,-73.9959171740711,0.10457245338163,0.07139431130163,2020.20999125683,2020.24316939891,64400000
1199,604,0.03317814208,40.6909892507536,-73.9681472943904,40.7789947891761,-73.9571031790332,0.10457245338163,0.07139431130163,2020.20999125683,2020.24316939891,64400000
1200,1201,0.01237,40.6687846713505,-74.0021375061635,40.7667139825735,-73.9178922315227,0.07045431130163,0.05808431130163,2020.19668125683,2020.20905125683,64400000
1200,1211,0.00175,40.6687846713505,-74.0021375061635,40.677576182226,-73.9404718041798,0.05983431130163,0.05808431130163,2020.19668125683,2020.19843125683,64400000
1201,1202,8.00000000000245e-05,40.7667139825735,-73.9178922315227,40.6755313090845,-73.9483072367739,0.07053431130163,0.07045431130163,2020.20905125683,2020.20913125683,64400000
1201,1206,0.000472714396700019,40.7667139825735,-73.9178922315227,40.7577383705426,-73.9290356278503,0.07092702569833,0.07045431130163,2020.20905125683,2020.20952397123,64400000
1202,1203,1.99999999999922e-05,40.6755313090845,-73.9483072367739,40.7605093239298,-73.8374667059276,0.07055431130163,0.07053431130163,2020.20913125683,2020.20915125683,64400000
1202,607,0.02310918033,40.6755313090845,-73.9483072367739,40.7124989006906,-73.7788014686599,0.09364349163163,0.07053431130163,2020.20913125683,2020.23224043716,64400000
1203,608,0.02308918033,40.7605093239298,-73.8374667059276,40.7592051428059,-73.6014547578683,0.09364349163163,0.07055431130163,2020.20915125683,2020.23224043716,64400000
1203,1204,0.0321,40.7605093239298,-73.8374667059276,40.7013720502642,-73.8724670817279,0.10265431130163,0.07055431130163,2020.20915125683,2020.24125125683,64400000
1204,1205,0.00163532405400001,40.7013720502642,-73.8724670817279,40.6139957499863,-73.9547320591695,0.10428963535563,0.10265431130163,2020.24125125683,2020.24288658088,64400000
1204,609,0.0401695082,40.7013720502642,-73.8724670817279,40.6259814331591,-73.9343347587688,0.14282381950163,0.10265431130163,2020.24125125683,2020.28142076503,64400000
1205,610,0.000282818022999995,40.6139957499863,-73.9547320591695,40.6070066372221,-73.9557923072449,0.10457245337863,0.10428963535563,2020.24288658088,2020.24316939891,64400000
1205,611,0.000282818022999995,40.6139957499863,-73.9547320591695,40.7183470731248,-73.7716401273386,0.10457245337863,0.10428963535563,2020.24288658088,2020.24316939891,64400000
1206,1207,0.0383372856,40.7577383705426,-73.9290356278503,40.8287440833695,-73.8073638914446,0.10926431129833,0.07092702569833,2020.20952397123,2020.24786125683,64400000
1206,1210,0.000797285603300002,40.7577383705426,-73.9290356278503,40.7092638852852,-73.9444315753932,0.07172431130163,0.07092702569833,2020.20952397123,2020.21032125683,64400000
1207,1209,0.000399999999999998,40.8287440833695,-73.8073638914446,40.8228954065552,-73.8079865397009,0.10966431129833,0.10926431129833,2020.24786125683,2020.24826125683,64400000
1207,1208,0.000399999999999998,40.8287440833695,-73.8073638914446,40.8228954065552,-73.8079865397009,0.10966431129833,0.10926431129833,2020.24786125683,2020.24826125683,64400000
1208,612,0.03862398907,40.8228954065552,-73.8079865397009,40.7355800592346,-73.6978962832798,0.14828830036833,0.10966431129833,2020.24826125683,2020.2868852459,64400000
1208,613,0.03862398907,40.8228954065552,-73.8079865397009,40.7852812644379,-73.927225857349,0.14828830036833,0.10966431129833,2020.24826125683,2020.2868852459,64400000
1209,614,0.03862398907,40.8228954065552,-73.8079865397009,40.5930372018341,-73.9618404854155,0.14828830036833,0.10966431129833,2020.24826125683,2020.2868852459,64400000
1209,615,0.03862398907,40.8228954065552,-73.8079865397009,40.878683591892,-73.1031605798828,0.14828830036833,0.10966431129833,2020.24826125683,2020.2868852459,64400000
1210,616,0.03831262295,40.7092638852852,-73.9444315753932,40.6653817777259,-73.9264758790228,0.11003693425163,0.07172431130163,2020.21032125683,2020.24863387978,64400000
1210,617,0.03831262295,40.7092638852852,-73.9444315753932,40.7255477471131,-73.8960761132324,0.11003693425163,0.07172431130163,2020.21032125683,2020.24863387978,64400000
1211,1213,0.00988999999999998,40.677576182226,-73.9404718041798,40.6766569746461,-74.0079398355313,0.06972431130163,0.05983431130163,2020.19843125683,2020.20832125683,64400000
1211,1212,0.00146598771299999,40.677576182226,-73.9404718041798,40.7026944241338,-74.0099041637964,0.06130029901463,0.05983431130163,2020.19843125683,2020.19989724454,64400000
1212,618,0.00228854780700002,40.7026944241338,-74.0099041637964,40.7441685809208,-73.9797389130969,0.06358884682163,0.06130029901463,2020.19989724454,2020.20218579235,64400000
1212,619,0.04873663524,40.7026944241338,-74.0099041637964,40.6399725452656,-74.0166689205824,0.11003693425463,0.06130029901463,2020.19989724454,2020.24863387978,64400000
1213,1214,0.00156000000000001,40.6766569746461,-74.0079398355313,40.6716815362256,-74.0045975218044,0.07128431130163,0.06972431130163,2020.20832125683,2020.20988125683,64400000
1213,1215,0.02572,40.6766569746461,-74.0079398355313,40.9241572810697,-73.8681537079586,0.09544431130163,0.06972431130163,2020.20832125683,2020.23404125683,64400000
1214,621,0.05787830601,40.6716815362256,-74.0045975218044,40.7292584972648,-73.983377992749,0.12916261731163,0.07128431130163,2020.20988125683,2020.26775956284,64400000
1214,620,0.05787830601,40.6716815362256,-74.0045975218044,40.6290245473757,-74.012788839086,0.12916261731163,0.07128431130163,2020.20988125683,2020.26775956284,64400000
1215,1216,0.01210474492,40.9241572810697,-73.8681537079586,40.7725033713273,-73.592404218444,0.10754905622163,0.09544431130163,2020.23404125683,2020.24614600175,64400000
1215,622,0.01732486339,40.9241572810697,-73.8681537079586,40.9191166631354,-73.8839843385607,0.11276917469163,0.09544431130163,2020.23404125683,2020.25136612022,64400000
1216,1218,0.000395255080199997,40.7725033713273,-73.592404218444,40.7733965689208,-73.5914781580834,0.10794431130183,0.10754905622163,2020.24614600175,2020.24654125683,64400000
1216,1217,0.00148525508,40.7725033713273,-73.592404218444,40.7171240853708,-73.2124323599174,0.10903431130163,0.10754905622163,2020.24614600175,2020.24763125683,64400000
1217,623,0.01466382514,40.7171240853708,-73.2124323599174,40.8869053101137,-73.004077945798,0.12369813644163,0.10903431130163,2020.24763125683,2020.26229508197,64400000
1217,624,0.003734863388,40.7171240853708,-73.2124323599174,40.7289956540844,-73.2026536856792,0.11276917468963,0.10903431130163,2020.24763125683,2020.25136612022,64400000
1218,625,0.002092622951,40.7733965689208,-73.5914781580834,40.7123267343992,-73.5835970400915,0.11003693425283,0.10794431130183,2020.24654125683,2020.24863387978,64400000
1218,626,0.002092622951,40.7733965689208,-73.5914781580834,40.7623065812967,-73.5966192362241,0.11003693425283,0.10794431130183,2020.24654125683,2020.24863387978,64400000
1219,1220,0.00184000000000001,40.6540357335344,-73.9885508167865,40.7481083959196,-73.9518465448023,0.06973431130163,0.06789431130163,2020.20649125683,2020.20833125683,64400000
1219,1239,0.00183240009900001,40.6540357335344,-73.9885508167865,40.6429454810798,-73.9985721605566,0.06972671140063,0.06789431130163,2020.20649125683,2020.20832365693,64400000
1220,1221,8.5542293359997e-05,40.7481083959196,-73.9518465448023,40.6849985645155,-73.9826011916172,0.06981985359499,0.06973431130163,2020.20833125683,2020.20841679912,64400000
1220,1231,0.000655521437399997,40.7481083959196,-73.9518465448023,40.6794066548355,-73.9843136327921,0.07038983273903,0.06973431130163,2020.20833125683,2020.20898677827,64400000
1221,1223,0.000160478964700006,40.6849985645155,-73.9826011916172,40.6813048982887,-73.9866103493012,0.06998033255969,0.06981985359499,2020.20841679912,2020.20857727809,64400000
1221,1222,2.01816014900047e-05,40.6849985645155,-73.9826011916172,40.6851328980745,-73.9825191490591,0.06984003519648,0.06981985359499,2020.20841679912,2020.20843698072,64400000
1222,628,0.00741001381,40.6851328980745,-73.9825191490591,40.7462679992842,-73.9839421934153,0.07725004900648,0.06984003519648,2020.20843698072,2020.21584699453,64400000
1222,627,0.04292913949,40.6851328980745,-73.9825191490591,40.6610477929684,-73.9643681584525,0.11276917468648,0.06984003519648,2020.20843698072,2020.25136612021,64400000
1223,1226,0.00104438149899999,40.6813048982887,-73.9866103493012,40.674421227676,-73.991455318412,0.07102471405869,0.06998033255969,2020.20857727809,2020.20962165959,64400000
1223,1224,0.000793978741900014,40.6813048982887,-73.9866103493012,40.669101106017,-73.9927539320466,0.07077431130159,0.06998033255969,2020.20857727809,2020.20937125683,64400000
1224,629,0.08024622951,40.669101106017,-73.9927539320466,40.6018308784703,-74.0048131276813,0.15102054081159,0.07077431130159,2020.20937125683,2020.28961748634,64400000
1224,1225,0.0384,40.669101106017,-73.9927539320466,40.6878146053677,-73.9784188274963,0.10917431130159,0.07077431130159,2020.20937125683,2020.24777125683,64400000
1225,631,0.04184622951,40.6878146053677,-73.9784188274963,40.6935057989412,-73.963047407813,0.15102054081159,0.10917431130159,2020.24777125683,2020.28961748634,64400000
1225,630,0.05823967213,40.6878146053677,-73.9784188274963,40.7094059594832,-73.9963295574843,0.16741398343159,0.10917431130159,2020.24777125683,2020.30601092896,64400000
1226,1228,0.000339597243300016,40.674421227676,-73.991455318412,40.6682874742246,-73.9940097378731,0.07136431130199,0.07102471405869,2020.20962165959,2020.20996125683,64400000
1226,1227,0.03622959724,40.674421227676,-73.991455318412,40.6916264034209,-73.9914648911503,0.10725431129869,0.07102471405869,2020.20962165959,2020.24585125683,64400000
1227,633,0.02190830601,40.6916264034209,-73.9914648911503,40.6363270115,-74.0305868268555,0.12916261730869,0.10725431129869,2020.24585125683,2020.26775956284,64400000
1227,632,0.0137115847,40.6916264034209,-73.9914648911503,40.6065758006932,-74.0204829341206,0.12096589599869,0.10725431129869,2020.24585125683,2020.25956284153,64400000
1228,634,0.09058519126,40.6682874742246,-73.9940097378731,40.6798998050019,-73.8487577777653,0.16194950256199,0.07136431130199,2020.20996125683,2020.30054644809,64400000
1228,1229,0.03781,40.6682874742246,-73.9940097378731,40.6975967893742,-73.7733753611631,0.10917431130199,0.07136431130199,2020.20996125683,2020.24777125683,64400000
1229,635,0.05823967213,40.6975967893742,-73.7733753611631,40.7917060288946,-73.7347841783239,0.16741398343199,0.10917431130199,2020.24777125683,2020.30601092896,64400000
1229,1230,0.000689999999999996,40.6975967893742,-73.7733753611631,40.6865518203731,-74.0139044795462,0.10986431130199,0.10917431130199,2020.24777125683,2020.24846125683,64400000
1230,636,0.05481743169,40.6865518203731,-74.0139044795462,40.6995350230229,-73.4800598836953,0.16468174299199,0.10986431130199,2020.24846125683,2020.30327868852,64400000
1230,637,0.05481743169,40.6865518203731,-74.0139044795462,40.723157636455,-73.7561637961299,0.16468174299199,0.10986431130199,2020.24846125683,2020.30327868852,64400000
1231,1232,3.41513831799978e-05,40.6794066548355,-73.9843136327921,40.6830478123385,-73.981870102123,0.07042398412221,0.07038983273903,2020.20898677827,2020.20902092965,64400000
1231,1237,0.000315375966200016,40.6794066548355,-73.9843136327921,40.6493964457328,-74.0028378340973,0.07070520870523,0.07038983273903,2020.20898677827,2020.20930215423,64400000
1232,1236,0.000370327179399998,40.6830478123385,-73.981870102123,40.6834080805574,-73.9826659618289,0.07079431130161,0.07042398412221,2020.20902092965,2020.20939125683,64400000
1232,1233,0.03916800227,40.6830478123385,-73.981870102123,40.6651060630544,-73.919343458851,0.10959198639221,0.07042398412221,2020.20902092965,2020.24818893192,64400000
1233,1234,0.000162324911900005,40.6651060630544,-73.919343458851,40.6640181875515,-73.9206943778901,0.10975431130411,0.10959198639221,2020.24818893192,2020.24835125683,64400000
1233,1235,0.000162324911900005,40.6651060630544,-73.919343458851,40.6640181875515,-73.9206943778901,0.10975431130411,0.10959198639221,2020.24818893192,2020.24835125683,64400000
1234,638,0.05219519126,40.6640181875515,-73.9206943778901,40.754292369472,-73.3952974121468,0.16194950256411,0.10975431130411,2020.24835125683,2020.30054644809,64400000
1234,639,0.05219519126,40.6640181875515,-73.9206943778901,40.6427407047125,-73.941370427049,0.16194950256411,0.10975431130411,2020.24835125683,2020.30054644809,64400000
1235,641,0.05219519126,40.6640181875515,-73.9206943778901,40.7602422095494,-73.9217142194898,0.16194950256411,0.10975431130411,2020.24835125683,2020.30054644809,64400000
1235,640,0.05219519126,40.6640181875515,-73.9206943778901,40.6685054548865,-73.8290085446559,0.16194950256411,0.10975431130411,2020.24835125683,2020.30054644809,64400000
1236,643,0.1266743169,40.6834080805574,-73.9826659618289,40.7274250650312,-73.9900361789026,0.19746862820161,0.07079431130161,2020.20939125683,2020.33606557373,64400000
1236,642,0.04470710383,40.6834080805574,-73.9826659618289,40.812422822372,-73.9652792975437,0.11550141513161,0.07079431130161,2020.20939125683,2020.25409836066,64400000
1237,1238,0.00103910259599999,40.6493964457328,-74.0028378340973,40.6490984164952,-74.0010975412532,0.07174431130123,0.07070520870523,2020.20930215423,2020.21034125683,64400000
1237,646,0.02020604249,40.6493964457328,-74.0028378340973,40.7153076326232,-73.5868150846349,0.09091125119523,0.07070520870523,2020.20930215423,2020.22950819672,64400000
1238,645,0.04102486339,40.6490984164952,-74.0010975412532,40.8501959648434,-73.9046874548666,0.11276917469123,0.07174431130123,2020.21034125683,2020.25136612022,64400000
1238,644,0.04375710383,40.6490984164952,-74.0010975412532,40.6081078999332,-73.9834686626581,0.11550141513123,0.07174431130123,2020.21034125683,2020.25409836066,64400000
1239,1240,0.000116200783800008,40.6429454810798,-73.9985721605566,40.8788183399922,-73.8680171928626,0.06984291218443,0.06972671140063,2020.20832365693,2020.20843985771,64400000
1239,1247,0.000537599900800018,40.6429454810798,-73.9985721605566,40.6441729879422,-73.9967588732418,0.07026431130143,0.06972671140063,2020.20832365693,2020.20886125683,64400000
1240,1244,3.44059128799812e-05,40.8788183399922,-73.8680171928626,40.8746142738853,-73.8687971150883,0.06987731809731,0.06984291218443,2020.20843985771,2020.20847426362,64400000
1240,1241,0.000511399116999989,40.8788183399922,-73.8680171928626,40.8800832646256,-73.8668181807068,0.07035431130143,0.06984291218443,2020.20843985771,2020.20895125683,64400000
1241,1243,0.000759999999999983,40.8800832646256,-73.8668181807068,40.7308069620097,-73.6162173255599,0.07111431130143,0.07035431130143,2020.20895125683,2020.20971125683,64400000
1241,1242,0.000759999999999983,40.8800832646256,-73.8668181807068,40.7308069620097,-73.6162173255599,0.07111431130143,0.07035431130143,2020.20895125683,2020.20971125683,64400000
1242,648,0.02252918033,40.7308069620097,-73.6162173255599,40.7356350036875,-73.6688105341229,0.09364349163143,0.07111431130143,2020.20971125683,2020.23224043716,64400000
1242,647,0.02252918033,40.7308069620097,-73.6162173255599,40.7624006951554,-73.5444363045227,0.09364349163143,0.07111431130143,2020.20971125683,2020.23224043716,64400000
1243,649,0.02252918033,40.7308069620097,-73.6162173255599,40.6556212379212,-73.5785156319684,0.09364349163143,0.07111431130143,2020.20971125683,2020.23224043716,64400000
1243,650,0.02252918033,40.7308069620097,-73.6162173255599,40.8743030412893,-73.8244020667962,0.09364349163143,0.07111431130143,2020.20971125683,2020.23224043716,64400000
1244,1246,0.000101650095400002,40.8746142738853,-73.8687971150883,40.8800488091931,-73.8632924658928,0.06997896819271,0.06987731809731,2020.20847426362,2020.20857591372,64400000
1244,1245,0.000786993204100001,40.8746142738853,-73.8687971150883,40.8865320306419,-73.8601393971873,0.07066431130141,0.06987731809731,2020.20847426362,2020.20926125683,64400000
1245,652,0.04210486339,40.8865320306419,-73.8601393971873,40.8597367133706,-73.886018871727,0.11276917469141,0.07066431130141,2020.20926125683,2020.25136612022,64400000
1245,651,0.06396278689,40.8865320306419,-73.8601393971873,40.7504215094934,-73.6308358065476,0.13462709819141,0.07066431130141,2020.20926125683,2020.27322404372,64400000
1246,653,0.04005796606,40.8800488091931,-73.8632924658928,40.8299470562498,-73.9078920040658,0.11003693425271,0.06997896819271,2020.20857591372,2020.24863387978,64400000
1246,654,0.04005796606,40.8800488091931,-73.8632924658928,40.8083190148655,-73.2533573366597,0.11003693425271,0.06997896819271,2020.20857591372,2020.24863387978,64400000
1247,1248,0.000113575621799977,40.6441729879422,-73.9967588732418,40.6377944927516,-74.0017970188932,0.07037788692323,0.07026431130143,2020.20886125683,2020.20897483245,64400000
1247,1251,5.29782850700045e-05,40.6441729879422,-73.9967588732418,40.6452846240545,-73.9961593743629,0.0703172895865,0.07026431130143,2020.20886125683,2020.20891423511,64400000
1248,655,0.05878473039,40.6377944927516,-74.0017970188932,40.6268056940713,-74.010548771725,0.12916261731323,0.07037788692323,2020.20897483245,2020.26775956284,64400000
1248,1249,0.000336424378200029,40.6377944927516,-74.0017970188932,40.6339066138977,-74.0091667028038,0.07071431130143,0.07037788692323,2020.20897483245,2020.20931125683,64400000
1249,656,0.04205486339,40.6339066138977,-74.0091667028038,40.8419164991737,-73.902066652187,0.11276917469143,0.07071431130143,2020.20931125683,2020.25136612022,64400000
1249,1250,0.03789,40.6339066138977,-74.0091667028038,40.6223641546712,-74.0159908345837,0.10860431130143,0.07071431130143,2020.20931125683,2020.24720125683,64400000
1250,657,0.02055830601,40.6223641546712,-74.0159908345837,40.6312749314594,-74.0271153536648,0.12916261731143,0.10860431130143,2020.24720125683,2020.26775956284,64400000
1250,658,0.004164863388,40.6223641546712,-74.0159908345837,40.6061816999522,-74.0305640225372,0.11276917468943,0.10860431130143,2020.24720125683,2020.25136612022,64400000
1251,1252,3.32570819799871e-05,40.6452846240545,-73.9961593743629,40.6461554551613,-73.9953579207761,0.07035054666848,0.0703172895865,2020.20891423511,2020.2089474922,64400000
1251,659,0.03971964467,40.6452846240545,-73.9961593743629,40.821853079012,-73.8728960823823,0.1100369342565,0.0703172895865,2020.20891423511,2020.24863387978,64400000
1252,1253,0.000903764632899984,40.6461554551613,-73.9953579207761,40.5573221490975,-74.0045359819073,0.07125431130138,0.07035054666848,2020.2089474922,2020.20985125683,64400000
1252,660,0.04515086846,40.6461554551613,-73.9953579207761,40.6365611155048,-74.009202803848,0.11550141512848,0.07035054666848,2020.2089474922,2020.25409836066,64400000
1253,1256,0.000190000000000023,40.5573221490975,-74.0045359819073,40.5576988710837,-74.0041965533672,0.07144431130138,0.07125431130138,2020.20985125683,2020.21004125683,64400000
1253,1254,0.03306,40.5573221490975,-74.0045359819073,40.5339824989092,-73.9956023586601,0.10431431130138,0.07125431130138,2020.20985125683,2020.24291125683,64400000
1254,663,0.04124174863,40.5339824989092,-73.9956023586601,40.719532267343,-73.5220657955341,0.14555605993138,0.10431431130138,2020.24291125683,2020.28415300546,64400000
1254,1255,0.00275,40.5339824989092,-73.9956023586601,40.6063139707918,-73.913316695091,0.10706431130138,0.10431431130138,2020.24291125683,2020.24566125683,64400000
1255,661,0.08220759563,40.6063139707918,-73.913316695091,40.6061823401632,-73.9115611177323,0.18927190693138,0.10706431130138,2020.24566125683,2020.32786885246,64400000
1255,662,0.1040655191,40.6063139707918,-73.913316695091,40.6208501173686,-73.9776428942691,0.21112983040138,0.10706431130138,2020.24566125683,2020.34972677593,64400000
1256,1259,0.02488485669,40.5576988710837,-74.0041965533672,40.6255421847128,-73.9386662516311,0.09632916799138,0.07144431130138,2020.21004125683,2020.23492611352,64400000
1256,1257,0.00228999999999999,40.5576988710837,-74.0041965533672,40.660271981552,-73.7660845796901,0.07373431130138,0.07144431130138,2020.21004125683,2020.21233125683,64400000
1257,1258,0.02238719215,40.660271981552,-73.7660845796901,40.6682134326418,-73.7771455566403,0.09612150345138,0.07373431130138,2020.21233125683,2020.23471844898,64400000
1257,664,0.02264142077,40.660271981552,-73.7660845796901,40.7404106751864,-73.6645779547722,0.09637573207138,0.07373431130138,2020.21233125683,2020.2349726776,64400000
1258,666,0.000254228613700003,40.6682134326418,-73.7771455566403,40.6688046807674,-73.7778079124982,0.09637573206508,0.09612150345138,2020.23471844898,2020.23497267759,64400000
1258,665,0.000254228613700003,40.6682134326418,-73.7771455566403,40.6818526325198,-73.8645621797092,0.09637573206508,0.09612150345138,2020.23471844898,2020.23497267759,64400000
1259,667,0.01370776626,40.6255421847128,-73.9386662516311,40.7656363422313,-73.8930705278426,0.11003693425138,0.09632916799138,2020.23492611352,2020.24863387978,64400000
1259,668,4.65640780799997e-05,40.6255421847128,-73.9386662516311,40.6266708494258,-73.9359615499758,0.09637573206946,0.09632916799138,2020.23492611352,2020.2349726776,64400000
1260,1261,0.000366441983800009,40.70782884944,-73.9225624017302,40.6646714142685,-73.9260125236169,0.00246109647333001,0.00209465448953,2020.14069160002,2020.141058042,64400000
1260,1268,0.000257855652999989,40.70782884944,-73.9225624017302,40.6773881474309,-73.9579892937992,0.00235251014252999,0.00209465448953,2020.14069160002,2020.14094945567,64400000
1261,1267,0.000493214828999999,40.6646714142685,-73.9260125236169,40.6572578087676,-73.9307802361176,0.00295431130233001,0.00246109647333001,2020.141058042,2020.14155125683,64400000
1261,1262,0.04935350401,40.6646714142685,-73.9260125236169,40.5703660624595,-73.9640875734339,0.05181460048333,0.00246109647333001,2020.141058042,2020.19041154601,64400000
1262,1263,0.000789710814100009,40.5703660624595,-73.9640875734339,40.5751429334493,-73.9595234567351,0.05260431129743,0.05181460048333,2020.19041154601,2020.19120125682,64400000
1262,1264,0.000426689832199983,40.5703660624595,-73.9640875734339,40.5698331677487,-73.9656093861869,0.05224129031553,0.05181460048333,2020.19041154601,2020.19083823584,64400000
1263,670,0.04103918033,40.5751429334493,-73.9595234567351,40.7072313817539,-73.8251349169622,0.09364349162743,0.05260431129743,2020.19120125682,2020.23224043715,64400000
1263,669,0.04103918033,40.5751429334493,-73.9595234567351,40.7062363392504,-74.0065911505287,0.09364349162743,0.05260431129743,2020.19120125682,2020.23224043715,64400000
1264,1265,0.01526302098,40.5698331677487,-73.9656093861869,40.2018667514404,-74.3745288934987,0.06750431129553,0.05224129031553,2020.19083823584,2020.20610125682,64400000
1264,671,0.01954427781,40.5698331677487,-73.9656093861869,40.7436087845006,-73.6481238554767,0.07178556812553,0.05224129031553,2020.19083823584,2020.21038251365,64400000
1265,672,0.0753195082,40.2018667514404,-74.3745288934987,40.5891678406772,-74.1469570450871,0.14282381949553,0.06750431129553,2020.20610125682,2020.28142076502,64400000
1265,1266,0.03705,40.2018667514404,-74.3745288934987,40.5373462613302,-74.1725093439659,0.10455431129553,0.06750431129553,2020.20610125682,2020.24315125682,64400000
1266,673,1.81420766900003e-05,40.5373462613302,-74.1725093439659,40.7779836124027,-73.9554655121561,0.10457245337222,0.10455431129553,2020.24315125682,2020.2431693989,64400000
1266,674,1.81420766900003e-05,40.5373462613302,-74.1725093439659,40.5370762301587,-74.1726486956308,0.10457245337222,0.10455431129553,2020.24315125682,2020.2431693989,64400000
1267,676,0.107082623,40.6572578087676,-73.9307802361176,40.8476182176582,-73.9301513659986,0.11003693430233,0.00295431130233001,2020.14155125683,2020.24863387983,64400000
1267,675,0.1125471038,40.6572578087676,-73.9307802361176,40.7556078932489,-73.0147622238072,0.11550141510233,0.00295431130233001,2020.14155125683,2020.25409836063,64400000
1268,1269,0.000304411240200003,40.6773881474309,-73.9579892937992,40.6752136195731,-73.9617757486228,0.00265692138272999,0.00235251014252999,2020.14094945567,2020.14125386691,64400000
1268,677,0.06943305799,40.6773881474309,-73.9579892937992,40.7499442186665,-73.7836788835903,0.07178556813253,0.00235251014252999,2020.14094945567,2020.21038251366,64400000
1269,1271,0.03320647006,40.6752136195731,-73.9617757486228,40.7207291282586,-73.9722512326766,0.03586339144273,0.00265692138272999,2020.14125386691,2020.17446033697,64400000
1269,1270,0.06364738992,40.6752136195731,-73.9617757486228,40.6725768252772,-73.967639465008,0.06630431130273,0.00265692138272999,2020.14125386691,2020.20490125683,64400000
1270,678,0.05739382514,40.6725768252772,-73.967639465008,40.6227249190847,-74.0277025961818,0.12369813644273,0.06630431130273,2020.20490125683,2020.26229508197,64400000
1270,679,0.04100038251,40.6725768252772,-73.967639465008,40.6777061061761,-73.9785171732162,0.10730469381273,0.06630431130273,2020.20490125683,2020.24590163934,64400000
1271,1272,0.02774091986,40.7207291282586,-73.9722512326766,40.7421800129576,-73.9646655754386,0.06360431130273,0.03586339144273,2020.17446033697,2020.20220125683,64400000
1271,1288,0.000285192622100028,40.7207291282586,-73.9722512326766,40.7168359004982,-73.9704369468096,0.03614858406483,0.03586339144273,2020.17446033697,2020.17474552959,64400000
1272,1273,0.00675000000000001,40.7421800129576,-73.9646655754386,40.7100292173426,-73.9606039714349,0.07035431130273,0.06360431130273,2020.20220125683,2020.20895125683,64400000
1272,1275,0.00176000000000001,40.7421800129576,-73.9646655754386,40.7419608930214,-73.9184366091315,0.06536431130273,0.06360431130273,2020.20220125683,2020.20396125683,64400000
1273,682,0.06427278689,40.7100292173426,-73.9606039714349,41.1011216901031,-74.0076406733512,0.13462709819273,0.07035431130273,2020.20895125683,2020.27322404372,64400000
1273,1274,0.000769999999999993,40.7100292173426,-73.9606039714349,40.7622881275179,-73.9528128025975,0.07112431130273,0.07035431130273,2020.20895125683,2020.20972125683,64400000
1274,680,0.02525142077,40.7622881275179,-73.9528128025975,40.7475976717573,-73.9694062838136,0.09637573207273,0.07112431130273,2020.20972125683,2020.2349726776,64400000
1274,681,0.02525142077,40.7622881275179,-73.9528128025975,40.6970499505073,-73.6966838828894,0.09637573207273,0.07112431130273,2020.20972125683,2020.2349726776,64400000
1275,1279,0.00175999999999998,40.7419608930214,-73.9184366091315,40.7493620606325,-73.9848638603327,0.06712431130273,0.06536431130273,2020.20396125683,2020.20572125683,64400000
1275,1276,0.00507999999999997,40.7419608930214,-73.9184366091315,40.7487226575711,-73.9215426551832,0.07044431130273,0.06536431130273,2020.20396125683,2020.20904125683,64400000
1276,1277,0.00126999999999999,40.7487226575711,-73.9215426551832,40.7499071327642,-73.9231285559608,0.07171431130273,0.07044431130273,2020.20904125683,2020.21031125683,64400000
1276,1278,0.000780000000000003,40.7487226575711,-73.9215426551832,40.7522210332918,-73.9180121645319,0.07122431130273,0.07044431130273,2020.20904125683,2020.20982125683,64400000
1277,683,0.04378710383,40.7499071327642,-73.9231285559608,40.7533086534691,-73.910799315166,0.11550141513273,0.07171431130273,2020.21031125683,2020.25409836066,64400000
1277,684,0.04105486339,40.7499071327642,-73.9231285559608,40.8518519213743,-73.9356934233588,0.11276917469273,0.07171431130273,2020.21031125683,2020.25136612022,64400000
1278,686,0.0715995082,40.7522210332918,-73.9180121645319,40.8349009397891,-73.8696575822929,0.14282381950273,0.07122431130273,2020.20982125683,2020.28142076503,64400000
1278,685,0.03881262295,40.7522210332918,-73.9180121645319,40.7292028346686,-73.4535131699873,0.11003693425273,0.07122431130273,2020.20982125683,2020.24863387978,64400000
1279,1280,0.00192000000000001,40.7493620606325,-73.9848638603327,40.61262544644,-73.9440492345776,0.06904431130273,0.06712431130273,2020.20572125683,2020.20764125683,64400000
1279,1281,0.00273000000000001,40.7493620606325,-73.9848638603327,40.5817433449833,-73.9049040630503,0.06985431130273,0.06712431130273,2020.20572125683,2020.20845125683,64400000
1280,688,9.01639359598971e-06,40.61262544644,-73.9440492345776,40.7089801120876,-74.0001597853612,0.069053327696326,0.06904431130273,2020.20764125683,2020.20765027322,64400000
1280,687,9.01639359598971e-06,40.61262544644,-73.9440492345776,40.7073180981561,-73.6049579234869,0.069053327696326,0.06904431130273,2020.20764125683,2020.20765027322,64400000
1281,1283,0.02448,40.5817433449833,-73.9049040630503,40.682350683796,-73.7630528354416,0.09433431130273,0.06985431130273,2020.20845125683,2020.23293125683,64400000
1281,1282,0.000429999999999986,40.5817433449833,-73.9049040630503,40.5640072975507,-73.9082856536122,0.07028431130273,0.06985431130273,2020.20845125683,2020.20888125683,64400000
1282,689,0.03428814208,40.5640072975507,-73.9082856536122,40.5914803804265,-73.9391722840999,0.10457245338273,0.07028431130273,2020.20888125683,2020.24316939891,64400000
1282,690,0.001501256831,40.5640072975507,-73.9082856536122,40.861592470062,-73.9039698337492,0.07178556813373,0.07028431130273,2020.20888125683,2020.21038251366,64400000
1283,1284,0.00201999999999999,40.682350683796,-73.7630528354416,40.7441167939443,-73.9755550871404,0.09635431130273,0.09433431130273,2020.23293125683,2020.23495125683,64400000
1283,1285,0.01002,40.682350683796,-73.7630528354416,40.6911834111244,-73.763200025582,0.10435431130273,0.09433431130273,2020.23293125683,2020.24295125683,64400000
1284,692,0.008218142077,40.7441167939443,-73.9755550871404,40.62754202342,-73.6142440061316,0.10457245337973,0.09635431130273,2020.23495125683,2020.24316939891,64400000
1284,691,2.14207650799936e-05,40.7441167939443,-73.9755550871404,40.6810491288933,-73.762050467689,0.09637573206781,0.09635431130273,2020.23495125683,2020.2349726776,64400000
1285,1286,0.00229,40.6911834111244,-73.763200025582,40.7153666750739,-73.6272272107587,0.10664431130273,0.10435431130273,2020.24295125683,2020.24524125683,64400000
1285,1287,0.00260000000000001,40.6911834111244,-73.763200025582,40.678090165731,-73.8022794952678,0.10695431130273,0.10435431130273,2020.24295125683,2020.24555125683,64400000
1286,694,0.000660382513800004,40.7153666750739,-73.6272272107587,40.7477077119598,-73.7231794427818,0.10730469381653,0.10664431130273,2020.24524125683,2020.24590163934,64400000
1286,693,0.003392622951,40.7153666750739,-73.6272272107587,40.7218480712949,-73.6071917878251,0.11003693425373,0.10664431130273,2020.24524125683,2020.24863387978,64400000
1287,695,0.008547103825,40.678090165731,-73.8022794952678,40.6090699278379,-73.9974431427721,0.11550141512773,0.10695431130273,2020.24555125683,2020.25409836066,64400000
1287,696,0.10964,40.678090165731,-73.8022794952678,40.7366827861834,-73.8801627300032,0.21659431130273,0.10695431130273,2020.24555125683,2020.35519125683,64400000
1288,699,0.03563698407,40.7168359004982,-73.9704369468096,40.7475864907637,-73.9715309611186,0.07178556813483,0.03614858406483,2020.17474552959,2020.21038251366,64400000
1288,1289,0.000105727235899994,40.7168359004982,-73.9704369468096,40.6743663305031,-73.9998181122939,0.03625431130073,0.03614858406483,2020.17474552959,2020.17485125683,64400000
1289,697,0.0409957377,40.6743663305031,-73.9998181122939,40.6832144193083,-73.7406901212571,0.07725004900073,0.03625431130073,2020.17485125683,2020.21584699453,64400000
1289,698,0.05465693989,40.6743663305031,-73.9998181122939,40.6420447326703,-74.0180385789775,0.09091125119073,0.03625431130073,2020.17485125683,2020.22950819672,64400000
1290,1291,0.000345255004100015,40.6883681085026,-73.941045359026,40.6872985876645,-73.941594230967,0.00244300559060001,0.0020977505865,2020.14069469611,2020.14103995112,64400000
1290,700,0.06968781755,40.6883681085026,-73.941045359026,40.7169856494059,-73.9271704369447,0.0717855681365,0.0020977505865,2020.14069469611,2020.21038251366,64400000
1291,1293,0.000316613549799977,40.6872985876645,-73.941594230967,40.6853981019144,-73.9432849313808,0.00275961914039999,0.00244300559060001,2020.14103995112,2020.14135656467,64400000
1291,1292,0.000322404724699993,40.6872985876645,-73.941594230967,40.6939259256313,-73.9382719729778,0.0027654103153,0.00244300559060001,2020.14103995112,2020.14136235584,64400000
1292,701,0.1018070431,40.6939259256313,-73.9382719729778,40.5732697539796,-74.0049679740401,0.1045724534153,0.0027654103153,2020.14136235584,2020.24316939894,64400000
1292,702,0.07448463869,40.6939259256313,-73.9382719729778,40.7557139854231,-73.9710660715269,0.0772500490053,0.0027654103153,2020.14136235584,2020.21584699453,64400000
1293,706,0.1182062769,40.6853981019144,-73.9432849313808,40.6223228014726,-74.0349354558214,0.1209658960404,0.00275961914039999,2020.14135656467,2020.25956284157,64400000
1293,1294,0.000159487889500015,40.6853981019144,-73.9432849313808,40.6476843246675,-73.96158753776,0.0029191070299,0.00275961914039999,2020.14135656467,2020.14151605256,64400000
1294,705,0.0688664611,40.6476843246675,-73.96158753776,40.7053329849345,-73.9808793873339,0.0717855681299,0.0029191070299,2020.14151605256,2020.21038251366,64400000
1294,1295,3.52042719599932e-05,40.6476843246675,-73.96158753776,40.6290119619042,-73.9693871361824,0.00295431130186,0.0029191070299,2020.14151605256,2020.14155125683,64400000
1295,703,0.06883125683,40.6290119619042,-73.9693871361824,40.8762876680981,-73.9026105215071,0.07178556813186,0.00295431130186,2020.14155125683,2020.21038251366,64400000
1295,704,0.1016181421,40.6290119619042,-73.9693871361824,40.6125125282844,-73.9740783928094,0.10457245340186,0.00295431130186,2020.14155125683,2020.24316939893,64400000
1296,707,0.06666742814,40.7175578542971,-73.9078291628317,40.694006815582,-73.6309721922565,0.0690533276954,0.0023858995554,2020.14098284508,2020.20765027322,64400000
1296,1297,0.00017786333719999,40.7175578542971,-73.9078291628317,40.7102309920455,-73.9110641875579,0.00256376289259999,0.0023858995554,2020.14098284508,2020.14116070842,64400000
1297,1298,0.000117993864899996,40.7102309920455,-73.9110641875579,40.6966028104362,-73.9302063792408,0.00268175675749999,0.00256376289259999,2020.14116070842,2020.14127870228,64400000
1297,1299,0.06295534128,40.7102309920455,-73.9110641875579,40.7455022717499,-73.9507368095235,0.0655191041726,0.00256376289259999,2020.14116070842,2020.2041160497,64400000
1298,709,0.1100874179,40.6966028104362,-73.9302063792408,40.7339461150571,-73.3272145009412,0.1127691746575,0.00268175675749999,2020.14127870228,2020.25136612018,64400000
1298,708,0.06910381138,40.6966028104362,-73.9302063792408,40.5835361354102,-74.1897432923967,0.0717855681375,0.00268175675749999,2020.14127870228,2020.21038251366,64400000
1299,712,0.04998231096,40.7455022717499,-73.9507368095235,40.7541399264678,-73.9121840364997,0.1155014151326,0.0655191041726,2020.2041160497,2020.25409836066,64400000
1299,1300,0.000355207131000013,40.7455022717499,-73.9507368095235,40.7488037484028,-73.9517602132457,0.0658743113036,0.0655191041726,2020.2041160497,2020.20447125683,64400000
1300,710,0.0113757377,40.7488037484028,-73.9517602132457,40.7590112384593,-73.9950103325347,0.0772500490036,0.0658743113036,2020.20447125683,2020.21584699453,64400000
1300,711,0.03869814208,40.7488037484028,-73.9517602132457,40.7323412371713,-73.9765548106413,0.1045724533836,0.0658743113036,2020.20447125683,2020.24316939891,64400000
1301,1302,0.000723639696599998,40.7587582337351,-73.8974264429843,40.7614039521636,-73.891675330832,0.002954311302,0.0022306716054,2020.14082761713,2020.14155125683,64400000
1301,1303,0.000141765052499992,40.7587582337351,-73.8974264429843,40.7535733131112,-73.8996364518285,0.00237243665789999,0.0022306716054,2020.14082761713,2020.14096938219,64400000
1302,713,0.0742957377,40.7614039521636,-73.891675330832,40.760068106303,-73.5448233558518,0.077250049002,0.002954311302,2020.14155125683,2020.21584699453,64400000
1302,714,0.0742957377,40.7614039521636,-73.891675330832,40.6554703791528,-73.952488603372,0.077250049002,0.002954311302,2020.14155125683,2020.21584699453,64400000
1303,1305,0.000480027559700003,40.7535733131112,-73.8996364518285,40.7541575653754,-73.8784609294086,0.00285246421759999,0.00237243665789999,2020.14096938219,2020.14144940974,64400000
1303,1304,0.05717187464,40.7535733131112,-73.8996364518285,40.7893635060641,-73.9182578051684,0.0595443112979,0.00237243665789999,2020.14096938219,2020.19814125683,64400000
1304,715,0.04502814208,40.7893635060641,-73.9182578051684,40.8771773797914,-73.8691373798826,0.1045724533779,0.0595443112979,2020.19814125683,2020.24316939891,64400000
1304,716,0.04502814208,40.7893635060641,-73.9182578051684,40.7962734129865,-73.9415466687136,0.1045724533779,0.0595443112979,2020.19814125683,2020.24316939891,64400000
1305,1306,0.06601184708,40.7541575653754,-73.8784609294086,40.7211233330861,-73.9063147998661,0.0688643112976,0.00285246421759999,2020.14144940974,2020.20746125682,64400000
1305,717,0.1017199892,40.7541575653754,-73.8784609294086,40.7090990230733,-73.9544816120308,0.1045724534176,0.00285246421759999,2020.14144940974,2020.24316939894,64400000
1306,718,0.02751142077,40.7211233330861,-73.9063147998661,40.6909318207711,-73.8196724602627,0.0963757320676,0.0688643112976,2020.20746125682,2020.23497267759,64400000
1306,1307,0.001686954544,40.7211233330861,-73.9063147998661,40.8152860885879,-73.9140002503758,0.0705512658416,0.0688643112976,2020.20746125682,2020.20914821137,64400000
1307,719,0.001234302287,40.8152860885879,-73.9140002503758,40.8181614505972,-73.9122826088561,0.0717855681286,0.0705512658416,2020.20914821137,2020.21038251366,64400000
1307,1308,0.000253045456499984,40.8152860885879,-73.9140002503758,40.8147836835006,-73.9145053506062,0.0708043112981,0.0705512658416,2020.20914821137,2020.20940125683,64400000
1308,1311,0.000650000000000012,40.8147836835006,-73.9145053506062,40.7900937388593,-73.9287033808193,0.0714543112981,0.0708043112981,2020.20940125683,2020.21005125683,64400000
1308,1309,0.0370834728,40.8147836835006,-73.9145053506062,40.8958703626162,-73.8187905771559,0.1078877840981,0.0708043112981,2020.20940125683,2020.24648472963,64400000
1309,720,0.05952619933,40.8958703626162,-73.8187905771559,40.7453099504954,-73.9797223163275,0.1674139834281,0.1078877840981,2020.24648472963,2020.30601092896,64400000
1309,1310,0.000276527202900001,40.8958703626162,-73.8187905771559,40.9011587269,-73.8106795914067,0.108164311301,0.1078877840981,2020.24648472963,2020.24676125683,64400000
1310,722,0.05378519126,40.9011587269,-73.8106795914067,40.7625124536136,-73.8181364491275,0.161949502561,0.108164311301,2020.24676125683,2020.30054644809,64400000
1310,721,0.06198191257,40.9011587269,-73.8106795914067,40.7463869049859,-73.5346842749046,0.170146223871,0.108164311301,2020.24676125683,2020.3087431694,64400000
1311,1312,0.03694,40.7900937388593,-73.9287033808193,40.8320975248793,-73.9219258521277,0.1083943112981,0.0714543112981,2020.21005125683,2020.24699125683,64400000
1311,1313,0.02294,40.7900937388593,-73.9287033808193,40.6618426167167,-73.9882116234305,0.0943943112981,0.0714543112981,2020.21005125683,2020.23299125683,64400000
1312,723,0.004374863388,40.8320975248793,-73.9219258521277,40.8316369096351,-73.9180837614849,0.1127691746861,0.1083943112981,2020.24699125683,2020.25136612021,64400000
1312,724,0.08907431694,40.8320975248793,-73.9219258521277,40.7335534857999,-73.9756898436462,0.1974686282381,0.1083943112981,2020.24699125683,2020.33606557377,64400000
1313,1314,0.01425,40.6618426167167,-73.9882116234305,40.7229703777298,-73.9016323732924,0.1086443112981,0.0943943112981,2020.23299125683,2020.24724125683,64400000
1313,1315,0.00197,40.6618426167167,-73.9882116234305,40.6919653116162,-73.6233087735556,0.0963643112981,0.0943943112981,2020.23299125683,2020.23496125683,64400000
1314,725,0.01505382514,40.7229703777298,-73.9016323732924,40.574682997644,-74.1184937420763,0.1236981364381,0.1086443112981,2020.24724125683,2020.26229508197,64400000
1314,726,0.006857103825,40.7229703777298,-73.9016323732924,40.7303701647368,-73.8866333601109,0.1155014151231,0.1086443112981,2020.24724125683,2020.25409836065,64400000
1315,727,1.14207650799975e-05,40.6919653116162,-73.6233087735556,40.6901099905062,-73.6252514142408,0.09637573206318,0.0963643112981,2020.23496125683,2020.23497267759,64400000
1315,1316,0.01102,40.6919653116162,-73.6233087735556,40.5984169281056,-74.0138513372882,0.1073843112981,0.0963643112981,2020.23496125683,2020.24598125683,64400000
1316,1317,0.00176,40.5984169281056,-74.0138513372882,40.8178450162704,-73.2896882947622,0.1091443112981,0.1073843112981,2020.24598125683,2020.24774125683,64400000
1316,728,0.005384863388,40.5984169281056,-74.0138513372882,40.61374825758,-73.9830117090132,0.1127691746861,0.1073843112981,2020.24598125683,2020.25136612021,64400000
1317,730,0.003624863388,40.8178450162704,-73.2896882947622,40.8026048319007,-73.9691946324256,0.1127691746861,0.1091443112981,2020.24774125683,2020.25136612021,64400000
1317,729,0.000892622950899993,40.8178450162704,-73.2896882947622,40.6305063932442,-73.9879580312513,0.110036934249,0.1091443112981,2020.24774125683,2020.24863387978,64400000
1321,1320,0.01240528543,40.9687054276727,-73.7893224839543,40.9156819440515,-73.8394503758087,0.01240528543,0,2020.20890618998,2020.22131147541,64400000
1321,1322,0.000275066850000005,40.9687054276727,-73.7893224839543,40.885941821432,-73.857159813886,0.000275066850000005,0,2020.20890618998,2020.20918125683,64400000
1322,1318,0.09682967213,40.885941821432,-73.857159813886,40.6963780877661,-73.6361618819425,0.09710473898,0.000275066850000005,2020.20918125683,2020.30601092896,64400000
1322,1319,0.03398814208,40.885941821432,-73.857159813886,40.6700782328595,-73.4470223064879,0.03426320893,0.000275066850000005,2020.20918125683,2020.24316939891,64400000
1327,1328,0.000202659493899998,40.5890446617563,-74.1742153942185,40.5781257455298,-74.1700541304999,0.000202659493899998,0,2020.24800859734,2020.24821125683,64400000
1327,1329,0.000442659493900002,40.5890446617563,-74.1742153942185,40.5899083414416,-74.1755873151283,0.000442659493900002,0,2020.24800859734,2020.24845125683,64400000
1328,1323,0.03594174863,40.5781257455298,-74.1700541304999,40.8796849032125,-73.8686061723599,0.0361444081239,0.000202659493899998,2020.24821125683,2020.28415300546,64400000
1328,1324,0.01408382514,40.5781257455298,-74.1700541304999,40.648271636132,-73.6528997247975,0.0142864846339,0.000202659493899998,2020.24821125683,2020.26229508197,64400000
1329,1325,0.05482743169,40.5899083414416,-74.1755873151283,40.595041887509,-74.1145822862341,0.0552700911839,0.000442659493900002,2020.24845125683,2020.30327868852,64400000
1329,1326,0.01384382514,40.5899083414416,-74.1755873151283,40.6156313242049,-74.0399898141532,0.0142864846339,0.000442659493900002,2020.24845125683,2020.26229508197,64400000
1333,1332,0.09150948752,40.8369979938371,-73.8762337296562,40.6299116448961,-73.9946714265132,0.09150948752,0,2020.20903696057,2020.30054644809,64400000
1333,1334,0.000294296266699995,40.8369979938371,-73.8762337296562,40.8500332478196,-73.7654257172948,0.000294296266699995,0,2020.20903696057,2020.20933125684,64400000
1334,1330,0.0502315847,40.8500332478196,-73.7654257172948,40.6179092138805,-74.0076712538376,0.0505258809667,0.000294296266699995,2020.20933125684,2020.25956284154,64400000
1334,1331,0.05296382514,40.8500332478196,-73.7654257172948,40.6039870384999,-73.9732711599309,0.0532581214067,0.000294296266699995,2020.20933125684,2020.26229508198,64400000
1353,1354,7.73058536499976e-05,40.6653069697018,-73.9442117009159,40.6103042325382,-74.083785442665,7.73058536499976e-05,0,2020.20818571385,2020.20826301971,64400000
1353,1361,0.000872420773600002,40.6653069697018,-73.9442117009159,40.6806709174696,-73.9164287954216,0.000872420773600002,0,2020.20818571385,2020.20905813463,64400000
1354,1358,0.000253706513200003,40.6103042325382,-74.083785442665,40.5928219747993,-74.0678617272007,0.00033101236685,7.73058536499976e-05,2020.20826301971,2020.20851672622,64400000
1354,1355,0.000998237124100007,40.6103042325382,-74.083785442665,40.6787093786514,-73.8277601493939,0.00107554297775,7.73058536499976e-05,2020.20826301971,2020.20926125683,64400000
1355,1356,0.000129999999999991,40.6787093786514,-73.8277601493939,40.7004086613083,-73.8056695265518,0.00120554297775,0.00107554297775,2020.20926125683,2020.20939125683,64400000
1355,1357,0.000129999999999991,40.6787093786514,-73.8277601493939,40.7004086613083,-73.8056695265518,0.00120554297775,0.00107554297775,2020.20926125683,2020.20939125683,64400000
1356,1335,0.03924262295,40.7004086613083,-73.8056695265518,40.7108832233265,-73.7255450467493,0.04044816592775,0.00120554297775,2020.20939125683,2020.24863387978,64400000
1356,1336,0.03924262295,40.7004086613083,-73.8056695265518,40.7737904022049,-73.7863916261257,0.04044816592775,0.00120554297775,2020.20939125683,2020.24863387978,64400000
1357,1337,0.03924262295,40.7004086613083,-73.8056695265518,40.7502392576747,-73.9832474133666,0.04044816592775,0.00120554297775,2020.20939125683,2020.24863387978,64400000
1357,1338,0.03924262295,40.7004086613083,-73.8056695265518,40.7129581129824,-73.8229508576873,0.04044816592775,0.00120554297775,2020.20939125683,2020.24863387978,64400000
1358,1360,0.000514530611,40.5928219747993,-74.0678617272007,40.5473041298784,-74.1156803126386,0.00084554297785,0.00033101236685,2020.20851672622,2020.20903125683,64400000
1358,1359,0.000344530610999996,40.5928219747993,-74.0678617272007,40.6901230521065,-73.9827660229339,0.000675542977849997,0.00033101236685,2020.20851672622,2020.20886125683,64400000
1359,1339,0.06436278689,40.6901230521065,-73.9827660229339,40.7945013460378,-73.9737583223282,0.06503832986785,0.000675542977849997,2020.20886125683,2020.27322404372,64400000
1359,1340,0.06163054645,40.6901230521065,-73.9827660229339,40.6577802636455,-73.9577119509295,0.06230608942785,0.000675542977849997,2020.20886125683,2020.27049180328,64400000
1360,1341,0.04506710383,40.5473041298784,-74.1156803126386,40.6420288589414,-73.9717592789843,0.04591264680785,0.00084554297785,2020.20903125683,2020.25409836066,64400000
1360,1342,0.06146054645,40.5473041298784,-74.1156803126386,40.7378427162775,-74.0002296935237,0.06230608942785,0.00084554297785,2020.20903125683,2020.27049180328,64400000
1361,1362,0.000362168564600002,40.6806709174696,-73.9164287954216,40.7012874929261,-73.9285433316234,0.0012345893382,0.000872420773600002,2020.20905813463,2020.20942030319,64400000
1361,1364,6.64634036700029e-05,40.6806709174696,-73.9164287954216,40.6796910438743,-73.9187029388613,0.000938884177270005,0.000872420773600002,2020.20905813463,2020.20912459803,64400000
1362,1345,0.05014253834,40.7012874929261,-73.9285433316234,40.6348223497885,-73.9911256644883,0.0513771276782,0.0012345893382,2020.20942030319,2020.25956284153,64400000
1362,1363,0.03309095364,40.7012874929261,-73.9285433316234,40.6729997085921,-73.8136909564371,0.0343255429782,0.0012345893382,2020.20942030319,2020.24251125683,64400000
1363,1343,0.02524830601,40.6729997085921,-73.8136909564371,40.6713948602735,-73.9612063634452,0.0595738489882,0.0343255429782,2020.24251125683,2020.26775956284,64400000
1363,1344,0.000658142076700001,40.6729997085921,-73.8136909564371,40.7123486100772,-73.7322752991004,0.0349836850549,0.0343255429782,2020.24251125683,2020.24316939891,64400000
1364,1366,0.000386658800600001,40.6796910438743,-73.9187029388613,40.6861575072978,-73.9051389863078,0.00132554297787001,0.000938884177270005,2020.20912459803,2020.20951125683,64400000
1364,1365,0.000386658800600001,40.6796910438743,-73.9187029388613,40.6861575072978,-73.9051389863078,0.00132554297787001,0.000938884177270005,2020.20912459803,2020.20951125683,64400000
1365,1347,0.0500515847,40.6861575072978,-73.9051389863078,40.6647570183529,-73.9991512515817,0.05137712767787,0.00132554297787001,2020.20951125683,2020.25956284153,64400000
1365,1346,0.05824830601,40.6861575072978,-73.9051389863078,40.5911422974556,-73.9889523431863,0.05957384898787,0.00132554297787001,2020.20951125683,2020.26775956284,64400000
1366,1367,0.0328944266,40.6861575072978,-73.9051389863078,40.6428414070753,-74.0205027608478,0.03421996957787,0.00132554297787001,2020.20951125683,2020.24240568343,64400000
1366,1368,0.0222,40.6861575072978,-73.9051389863078,40.9311236839619,-73.5518214324359,0.02352554297787,0.00132554297787001,2020.20951125683,2020.23171125683,64400000
1367,1348,0.05814076466,40.6428414070753,-74.0205027608478,40.6137197413055,-74.0369996537442,0.09236073423787,0.03421996957787,2020.24240568343,2020.30054644809,64400000
1367,1349,0.0171571581,40.6428414070753,-74.0205027608478,40.6447565274228,-74.0129525219872,0.05137712767787,0.03421996957787,2020.24240568343,2020.25956284153,64400000
1368,1369,0.0154,40.9311236839619,-73.5518214324359,40.9324380287077,-73.5025595477423,0.03892554297787,0.02352554297787,2020.23171125683,2020.24711125683,64400000
1368,1350,0.01145814208,40.9311236839619,-73.5518214324359,40.7359791167058,-73.8570876252673,0.03498368505787,0.02352554297787,2020.23171125683,2020.24316939891,64400000
1369,1351,0.001522622951,40.9324380287077,-73.5025595477423,40.7529502063365,-73.6008522268995,0.04044816592887,0.03892554297787,2020.24711125683,2020.24863387978,64400000
1369,1352,0.02064830601,40.9324380287077,-73.5025595477423,40.6206487254172,-74.0311133201245,0.05957384898787,0.03892554297787,2020.24711125683,2020.26775956284,64400000
1376,1370,0.04306278689,40.6280210940144,-73.9557887083064,40.6361391410065,-74.0146210904574,0.04306278689,0,2020.23016125683,2020.27322404372,64400000
1376,1377,0.00207,40.6280210940144,-73.9557887083064,40.6400784047886,-73.9603488278105,0.00207,0,2020.23016125683,2020.23223125683,64400000
1377,1371,9.18032795799856e-06,40.6400784047886,-73.9603488278105,40.6317837319405,-73.9871653501231,0.002079180327958,0.00207,2020.23223125683,2020.23224043716,64400000
1377,1378,0.00904,40.6400784047886,-73.9603488278105,40.5355500840136,-74.0915611652404,0.01111,0.00207,2020.23223125683,2020.24127125683,64400000
1378,1379,0.00189,40.5355500840136,-74.0915611652404,40.5100730068639,-74.118572142215,0.013,0.01111,2020.24127125683,2020.24316125683,64400000
1378,1372,0.02648830601,40.5355500840136,-74.0915611652404,40.6511226408788,-74.0120169921152,0.03759830601,0.01111,2020.24127125683,2020.26775956284,64400000
1379,1380,0.00269,40.5100730068639,-74.118572142215,40.6305207859488,-74.0253670834908,0.01569,0.013,2020.24316125683,2020.24585125683,64400000
1379,1373,8.14207669000075e-06,40.5100730068639,-74.118572142215,40.6261940302593,-74.0196224076198,0.01300814207669,0.013,2020.24316125683,2020.24316939891,64400000
1380,1374,0.0137115847,40.6305207859488,-74.0253670834908,40.6487511928169,-74.0161086182997,0.0294015847,0.01569,2020.24585125683,2020.25956284153,64400000
1380,1375,0.0137115847,40.6305207859488,-74.0253670834908,40.585549043193,-73.9954752896733,0.0294015847,0.01569,2020.24585125683,2020.25956284153,64400000
1389,1390,0.00192,40.5399610740523,-74.1453719526304,40.6931611689431,-73.996169198979,0.00192,0,2020.20846125683,2020.21038125683,64400000
1389,1391,0.000919999999999997,40.5399610740523,-74.1453719526304,40.610462555291,-74.0620642566043,0.000919999999999997,0,2020.20846125683,2020.20938125683,64400000
1390,1381,1.25683072200317e-06,40.6931611689431,-73.996169198979,40.7496762032903,-73.7730454119567,0.001921256830722,0.00192,2020.21038125683,2020.21038251366,64400000
1390,1382,1.25683072200317e-06,40.6931611689431,-73.996169198979,40.6965454556227,-73.9920681089409,0.001921256830722,0.00192,2020.21038125683,2020.21038251366,64400000
1391,1392,0.03378,40.610462555291,-74.0620642566043,40.6982018959616,-73.7553890083062,0.0347,0.000919999999999997,2020.20938125683,2020.24316125683,64400000
1391,1393,0.000900000000000005,40.610462555291,-74.0620642566043,40.7175777340019,-74.1291459242002,0.00182,0.000919999999999997,2020.20938125683,2020.21028125683,64400000
1392,1383,8.14207668999728e-06,40.6982018959616,-73.7553890083062,40.7416356211447,-73.7249178505861,0.03470814207669,0.0347,2020.24316125683,2020.24316939891,64400000
1392,1384,0.01913382514,40.6982018959616,-73.7553890083062,40.7393874457716,-73.3533840679926,0.05383382514,0.0347,2020.24316125683,2020.26229508197,64400000
1393,1385,0.04108486339,40.7175777340019,-74.1291459242002,40.76532942508,-73.9243203032477,0.04290486339,0.00182,2020.21028125683,2020.25136612022,64400000
1393,1394,0.02901,40.7175777340019,-74.1291459242002,40.6481092153995,-74.0368871570761,0.03083,0.00182,2020.21028125683,2020.23929125683,64400000
1394,1386,0.003878142077,40.6481092153995,-74.0368871570761,40.7065358471753,-74.0108437444305,0.034708142077,0.03083,2020.23929125683,2020.24316939891,64400000
1394,1395,0.00196,40.6481092153995,-74.0368871570761,40.6374487184047,-74.0134756059964,0.03279,0.03083,2020.23929125683,2020.24125125683,64400000
1395,1387,0.02104382514,40.6374487184047,-74.0134756059964,40.6377077166428,-73.8975276231658,0.05383382514,0.03279,2020.24125125683,2020.26229508197,64400000
1395,1388,0.001918142077,40.6374487184047,-74.0134756059964,40.6986695864612,-73.9754097518893,0.034708142077,0.03279,2020.24125125683,2020.24316939891,64400000
1399,1398,0.04950262295,40.8534635342977,-73.8225338551116,40.6468341453894,-73.9198116136505,0.04950262295,0,2020.19913125683,2020.24863387978,64400000
1399,1400,0.01057,40.8534635342977,-73.8225338551116,40.7698819231922,-73.7057082268023,0.01057,0,2020.19913125683,2020.20970125683,64400000
1400,1396,0.03893262295,40.7698819231922,-73.7057082268023,40.8773561357601,-73.8889272479387,0.04950262295,0.01057,2020.20970125683,2020.24863387978,64400000
1400,1397,0.0717195082,40.7698819231922,-73.7057082268023,40.7592266146053,-73.8717029545519,0.0822895082,0.01057,2020.20970125683,2020.28142076503,64400000
1404,1401,0.03408243956,40.568756375843,-74.2373957952902,42.4519070343701,-74.2612295999261,0.03408243956,0,2020.20635471891,2020.24043715847,64400000
1404,1405,0.00402653792,40.568756375843,-74.2373957952902,40.77335910987,-73.9463022689499,0.00402653792,0,2020.20635471891,2020.21038125683,64400000
1405,1402,1.2568307219997e-06,40.77335910987,-73.9463022689499,40.7749790896881,-73.9462976477931,0.004027794750722,0.00402653792,2020.21038125683,2020.21038251366,64400000
1405,1403,1.2568307219997e-06,40.77335910987,-73.9463022689499,40.6156225968122,-74.0367935917946,0.004027794750722,0.00402653792,2020.21038125683,2020.21038251366,64400000
1410,1406,0.03936587347,40.9473273997585,-73.9162443265743,40.7438619164864,-74.0053393763423,0.03936587347,0,2020.20926800631,2020.24863387978,64400000
1410,1411,6.32505180999943e-05,40.9473273997585,-73.9162443265743,40.963401502034,-73.907604925996,6.32505180999943e-05,0,2020.20926800631,2020.20933125683,64400000
1411,1407,0.04476710383,40.963401502034,-73.907604925996,40.766855774873,-73.8943709968106,0.0448303543481,6.32505180999943e-05,2020.20933125683,2020.25409836066,64400000
1411,1412,0.03381,40.963401502034,-73.907604925996,41.2003429210887,-73.6586530848568,0.0338732505181,6.32505180999943e-05,2020.20933125683,2020.24314125683,64400000
1412,1408,0.002760382514,41.2003429210887,-73.6586530848568,40.7374051436276,-73.7754230232673,0.0366336330321,0.0338732505181,2020.24314125683,2020.24590163934,64400000
1412,1409,0.04374398907,41.2003429210887,-73.6586530848568,40.8721365568143,-73.9279715898073,0.0776172395881,0.0338732505181,2020.24314125683,2020.2868852459,64400000
1418,1413,4.95047334500009e-05,40.6960237938377,-73.8900322966812,40.7279848344095,-73.8559587356843,4.95047334500009e-05,0,2020.22945869199,2020.22950819672,64400000
1418,1419,0.009052564843,40.6960237938377,-73.8900322966812,40.8272876393703,-73.7553574106053,0.009052564843,0,2020.22945869199,2020.23851125683,64400000
1419,1414,0.03744502732,40.8272876393703,-73.7553574106053,40.707432682262,-73.7941303833606,0.046497592163,0.009052564843,2020.23851125683,2020.27595628415,64400000
1419,1420,0.001773942179,40.8272876393703,-73.7553574106053,40.8461859283226,-73.7413528937804,0.010826507022,0.009052564843,2020.23851125683,2020.24028519901,64400000
1420,1415,0.000151959461000002,40.8461859283226,-73.7413528937804,40.5250628518072,-74.2287800065583,0.010978466483,0.010826507022,2020.24028519901,2020.24043715847,64400000
1420,1421,0.002587321933,40.8461859283226,-73.7413528937804,40.9154212445879,-73.7410199495864,0.013413828955,0.010826507022,2020.24028519901,2020.24287252094,64400000
1421,1416,0.000296877965200004,40.9154212445879,-73.7410199495864,40.7422585778641,-73.6748065362077,0.0137107069202,0.013413828955,2020.24287252094,2020.24316939891,64400000
1421,1417,0.0248870419,40.9154212445879,-73.7410199495864,40.6298192938593,-74.0151415224051,0.038300870855,0.013413828955,2020.24287252094,2020.26775956284,64400000
1425,1422,0.002131256831,40.9150316555014,-73.4290836483265,40.7364601935294,-74.003111311229,0.002131256831,0,2020.20825125683,2020.21038251366,64400000
1425,1426,0.0011,40.9150316555014,-73.4290836483265,41.0268688936253,-73.1724863321859,0.0011,0,2020.20825125683,2020.20935125683,64400000
1426,1423,0.09665967213,41.0268688936253,-73.1724863321859,40.6991523363427,-73.6317017695909,0.09775967213,0.0011,2020.20935125683,2020.30601092896,64400000
1426,1424,0.03381814208,41.0268688936253,-73.1724863321859,40.7569274695772,-73.6137289874003,0.03491814208,0.0011,2020.20935125683,2020.24316939891,64400000
