node1,node2,length,startLat,startLon,endLat,endLon,endNodeL,startNodeL,startYear,endYear,treeID,tipLabel
111,134,0.00162902326903477,40.7087278074852,-73.9038373883852,40.7050491822295,-73.9048165038798,0.00162902326903477,0,2020.14262485933,2020.1442538826,996400000,NA
111,112,0.00675478381089242,40.7087278074852,-73.9038373883852,40.6918950460547,-73.9254040789147,0.00675478381089242,0,2020.14262485933,2020.14937964314,996400000,NA
112,113,0.00162528584622659,40.6918950460547,-73.9254040789147,40.7009236058797,-73.9002782266873,0.00838006965711902,0.00675478381089242,2020.14937964314,2020.15100492899,996400000,NA
112,123,0.00106012652452772,40.6918950460547,-73.9254040789147,40.6813541855375,-73.9394420527048,0.00781491033542014,0.00675478381089242,2020.14937964314,2020.15043976966,996400000,NA
113,114,0.00786380860910629,40.7009236058797,-73.9002782266873,40.7150707456387,-73.8954150100788,0.0162438782662253,0.00838006965711902,2020.15100492899,2020.1588687376,996400000,NA
113,119,0.000722437431790457,40.7009236058797,-73.9002782266873,40.6938814932146,-73.8952958346116,0.00910250708890947,0.00838006965711902,2020.15100492899,2020.15172736642,996400000,NA
114,117,0.00157958802322195,40.7150707456387,-73.8954150100788,40.7045826896353,-73.8979934059373,0.0178234662894473,0.0162438782662253,2020.1588687376,2020.16044832562,996400000,NA
114,115,0.000355776649011014,40.7150707456387,-73.8954150100788,40.7138652583501,-73.8962428350407,0.0165996549152363,0.0162438782662253,2020.1588687376,2020.15922451424,996400000,NA
115,1,0.0702836824761986,40.7138652583501,-73.8962428350407,40.7377512422397,-73.8996909571257,0.0868833373914349,0.0165996549152363,2020.15922451424,2020.22950819672,996400000,hCoV-19/USA/NY-NYUMC786/2020
115,116,0.0214849103339206,40.7138652583501,-73.8962428350407,40.7551479946126,-73.8590683239072,0.0380845652491569,0.0165996549152363,2020.15922451424,2020.18070942458,996400000,NA
116,2,0.0296730890823949,40.7551479946126,-73.8590683239072,40.7882338398297,-73.7974970231813,0.0677576543315518,0.0380845652491569,2020.18070942458,2020.21038251366,996400000,hCoV-19/USA/NY-NYUMC80/2020
116,3,0.0679244552023886,40.7551479946126,-73.8590683239072,40.821853079012,-73.8728960823823,0.106009020451545,0.0380845652491569,2020.18070942458,2020.24863387978,996400000,hCoV-19/USA/NY-NYUMC161/2020
117,4,0.0472019476020225,40.7045826896353,-73.8979934059373,40.7785762122093,-73.8201928720758,0.0650254138914697,0.0178234662894473,2020.16044832562,2020.20765027322,996400000,hCoV-19/USA/NY-NYUMC28/2020
117,118,0.017680272674504,40.7045826896353,-73.8979934059373,40.7064750878408,-73.8876371765839,0.0355037389639512,0.0178234662894473,2020.16044832562,2020.17812859829,996400000,NA
118,6,0.0322539153676005,40.7064750878408,-73.8876371765839,40.7743593408759,-73.8995054090954,0.0677576543315518,0.0355037389639512,2020.17812859829,2020.21038251366,996400000,hCoV-19/USA/NY-NYUMC72/2020
118,5,0.171598177667629,40.7064750878408,-73.8876371765839,40.8185649072773,-73.8731335848325,0.20710191663158,0.0355037389639512,2020.17812859829,2020.34972677596,996400000,hCoV-19/USA/NY-NYUMC914/2020
119,11,0.113299955982664,40.6938814932146,-73.8952958346116,40.6094614079401,-73.9966250620818,0.122402463071574,0.00910250708890947,2020.15172736642,2020.2650273224,996400000,hCoV-19/USA/NY-NYUMC352/2020
119,120,0.0079931046272971,40.6938814932146,-73.8952958346116,40.6951210267968,-73.9087021981659,0.0170956117162066,0.00910250708890947,2020.15172736642,2020.15972047105,996400000,NA
120,10,0.0588587639253594,40.6951210267968,-73.9087021981659,40.6110011019325,-73.7478724655276,0.075954375641566,0.0170956117162066,2020.15972047105,2020.21857923497,996400000,hCoV-19/USA/NY-NYUMC721/2020
120,121,0.00140694231398777,40.6951210267968,-73.9087021981659,40.6992803883604,-73.9012997128555,0.0185025540301944,0.0170956117162066,2020.15972047105,2020.16112741336,996400000,NA
121,7,0.0820419855511915,40.6992803883604,-73.9012997128555,40.7183470731248,-73.7716401273386,0.100544539581386,0.0185025540301944,2020.16112741336,2020.24316939891,996400000,hCoV-19/USA/NY-NYUMC583/2020
121,122,0.00266168223993973,40.6992803883604,-73.9012997128555,40.6893124567563,-73.8958124693887,0.0211642362701341,0.0185025540301944,2020.16112741336,2020.1637890956,996400000,NA
122,8,0.090309265061348,40.6893124567563,-73.8958124693887,40.6090699278379,-73.9974431427721,0.111473501331482,0.0211642362701341,2020.1637890956,2020.25409836066,996400000,hCoV-19/USA/NY-NYUMC248/2020
122,9,0.0711835820012375,40.6893124567563,-73.8958124693887,40.8479430292651,-73.9198629133241,0.0923478182713716,0.0211642362701341,2020.1637890956,2020.2349726776,996400000,hCoV-19/USA/NY-NYUMC792/2020
123,126,0.00345683719977527,40.6813541855375,-73.9394420527048,40.6711308457513,-73.9570226922854,0.0112717475351954,0.00781491033542014,2020.15043976966,2020.15389660686,996400000,NA
123,124,0.000315636550156762,40.6813541855375,-73.9394420527048,40.6738536880328,-73.9413551893971,0.00813054688557691,0.00781491033542014,2020.15043976966,2020.15075540621,996400000,NA
124,14,0.0650915883259115,40.6738536880328,-73.9413551893971,40.6554703791528,-73.952488603372,0.0732221352114884,0.00813054688557691,2020.15075540621,2020.21584699454,996400000,hCoV-19/USA/NY-NYUMC764/2020
124,125,0.0211486717903192,40.6738536880328,-73.9413551893971,40.7025146819453,-73.9773358383355,0.0292792186758961,0.00813054688557691,2020.15075540621,2020.171904078,996400000,NA
125,12,0.0712653209054897,40.7025146819453,-73.9773358383355,40.7215438533111,-74.0107212261745,0.100544539581386,0.0292792186758961,2020.171904078,2020.24316939891,996400000,hCoV-19/USA/NY-NYUMC562/2020
125,13,0.082194282655586,40.7025146819453,-73.9773358383355,40.5755737779487,-73.9729160623158,0.111473501331482,0.0292792186758961,2020.171904078,2020.25409836066,996400000,hCoV-19/USA/NY-NYUMC890/2020
126,127,0.00240026662982196,40.6711308457513,-73.9570226922854,40.6796593426026,-73.9320643155041,0.0136720141650174,0.0112717475351954,2020.15389660686,2020.15629687349,996400000,NA
126,131,0.0111319808115165,40.6711308457513,-73.9570226922854,40.671453577712,-73.9722247610809,0.0224037283467119,0.0112717475351954,2020.15389660686,2020.16502858768,996400000,NA
127,128,0.00988287354421516,40.6796593426026,-73.9320643155041,40.7026057220969,-73.9334625401899,0.0235548877092325,0.0136720141650174,2020.15629687349,2020.16617974704,996400000,NA
127,130,0.0694080930023198,40.6796593426026,-73.9320643155041,40.7258829330716,-73.843063359805,0.0830801071673371,0.0136720141650174,2020.15629687349,2020.2257049665,996400000,NA
128,17,0.0851863731821676,40.7026057220969,-73.9334625401899,40.7372474897535,-73.8360832900241,0.1087412608914,0.0235548877092325,2020.16617974704,2020.25136612022,996400000,hCoV-19/USA/NY-NYUMC647/2020
128,129,0.0166667682222489,40.7026057220969,-73.9334625401899,40.7161738582061,-73.9243477251974,0.0402216559314814,0.0235548877092325,2020.16617974704,2020.18284651526,996400000,NA
129,16,0.0739840858300783,40.7161738582061,-73.9243477251974,40.654418851859,-73.898067873387,0.11420574176156,0.0402216559314814,2020.18284651526,2020.25683060109,996400000,hCoV-19/USA/NY-NYUMC293/2020
129,15,0.0603228836499044,40.7161738582061,-73.9243477251974,40.5935968086758,-73.9473715921304,0.100544539581386,0.0402216559314814,2020.18284651526,2020.24316939891,996400000,hCoV-19/USA/NY-NYUMC588/2020
130,19,0.00653547066417981,40.7258829330716,-73.843063359805,40.7072313817539,-73.8251349169622,0.0896155778315169,0.0830801071673371,2020.2257049665,2020.23224043716,996400000,hCoV-19/USA/NY-NYUMC743/2020
130,18,0.028393394164145,40.7258829330716,-73.843063359805,40.7378252930322,-73.8600873228515,0.111473501331482,0.0830801071673371,2020.2257049665,2020.25409836066,996400000,hCoV-19/USA/NY-NYUMC590/2020
131,132,0.00564447297090825,40.671453577712,-73.9722247610809,40.6898606235046,-73.970802523887,0.0280482013176202,0.0224037283467119,2020.16502858768,2020.17067306065,996400000,NA
131,133,0.00297263117194904,40.671453577712,-73.9722247610809,40.6662936989895,-73.9643736701791,0.025376359518661,0.0224037283467119,2020.16502858768,2020.16800121885,996400000,NA
132,21,0.0451739338938683,40.6898606235046,-73.970802523887,40.6134927676058,-73.9495550631658,0.0732221352114884,0.0280482013176202,2020.17067306065,2020.21584699454,996400000,hCoV-19/USA/NY-NYUMC753/2020
132,20,0.0588351360738147,40.6898606235046,-73.970802523887,40.6342033311516,-73.996959150955,0.0868833373914349,0.0280482013176202,2020.17067306065,2020.22950819672,996400000,hCoV-19/USA/NY-NYUMC790/2020
133,22,0.0396490543728088,40.6662936989895,-73.9643736701791,40.7302798560701,-74.0029744895201,0.0650254138914697,0.025376359518661,2020.16800121885,2020.20765027322,996400000,hCoV-19/USA/NY-NYUMC27/2020
133,23,0.061506977872774,40.6662936989895,-73.9643736701791,40.6469987444172,-74.0188466019032,0.0868833373914349,0.025376359518661,2020.16800121885,2020.22950819672,996400000,hCoV-19/USA/NY-NYUMC785/2020
134,135,0.00513558801561176,40.7050491822295,-73.9048165038798,40.7111939541864,-73.89596631323,0.00676461128464653,0.00162902326903477,2020.1442538826,2020.14938947061,996400000,NA
134,179,0.00448267044250861,40.7050491822295,-73.9048165038798,40.716014311225,-73.9089534479553,0.00611169371154338,0.00162902326903477,2020.1442538826,2020.14873655304,996400000,NA
135,136,0.000384078871449561,40.7111939541864,-73.89596631323,40.7157601395012,-73.8980017583517,0.00714869015609609,0.00676461128464653,2020.14938947061,2020.14977354949,996400000,NA
135,165,0.00371460181406891,40.7111939541864,-73.89596631323,40.7209661312995,-73.917231901326,0.0104792130987154,0.00676461128464653,2020.14938947061,2020.15310407243,996400000,NA
136,24,0.104324811175386,40.7157601395012,-73.8980017583517,40.7920909037073,-73.9514547749646,0.111473501331482,0.00714869015609609,2020.14977354949,2020.25409836066,996400000,hCoV-19/USA/NY-NYUMC599/2020
136,137,0.000560823117087217,40.7157601395012,-73.8980017583517,40.7131478977538,-73.8988714667309,0.00770951327318331,0.00714869015609609,2020.14977354949,2020.1503343726,996400000,NA
137,158,0.000614581203426001,40.7131478977538,-73.8988714667309,40.7131478505241,-73.8974142440598,0.00832409447660931,0.00770951327318331,2020.1503343726,2020.15094895381,996400000,NA
137,138,0.000257266133119577,40.7131478977538,-73.8988714667309,40.714239383348,-73.8949036357283,0.00796677940630289,0.00770951327318331,2020.1503343726,2020.15059163874,996400000,NA
138,139,0.00262366235443295,40.714239383348,-73.8949036357283,40.722457368091,-73.9139643682868,0.0105904417607358,0.00796677940630289,2020.15059163874,2020.15321530109,996400000,NA
138,144,0.00241972454803871,40.714239383348,-73.8949036357283,40.7217626381101,-73.9053759411408,0.0103865039543416,0.00796677940630289,2020.15059163874,2020.15301136328,996400000,NA
139,140,0.00742537450474814,40.722457368091,-73.9139643682868,40.779439619563,-73.9231580652057,0.018015816265484,0.0105904417607358,2020.15321530109,2020.16064067559,996400000,NA
139,30,0.0817573765106357,40.722457368091,-73.9139643682868,40.7649441556046,-73.867069336295,0.0923478182713716,0.0105904417607358,2020.15321530109,2020.2349726776,996400000,hCoV-19/USA/NY-NYUMC816/2020
140,25,0.0825287233159019,40.779439619563,-73.9231580652057,40.8771773797914,-73.8691373798826,0.100544539581386,0.018015816265484,2020.16064067559,2020.24316939891,996400000,hCoV-19/USA/NY-NYUMC549/2020
140,141,0.000628330155298312,40.779439619563,-73.9231580652057,40.7795345600248,-73.9009489054277,0.0186441464207823,0.018015816265484,2020.16064067559,2020.16126900575,996400000,NA
141,142,0.0155529600038694,40.7795345600248,-73.9009489054277,40.8115586996737,-73.9087352788895,0.0341971064246517,0.0186441464207823,2020.16126900575,2020.17682196575,996400000,NA
141,143,0.0108484874102727,40.7795345600248,-73.9009489054277,40.7516995992958,-73.8949323865277,0.029492633831055,0.0186441464207823,2020.16126900575,2020.17211749316,996400000,NA
142,27,0.0526862309667833,40.8115586996737,-73.9087352788895,40.6660285590097,-73.9423848882731,0.0868833373914349,0.0341971064246517,2020.17682196575,2020.22950819672,996400000,hCoV-19/USA/NY-NYUMC787/2020
142,26,0.0745441544667484,40.8115586996737,-73.9087352788895,40.8419164991737,-73.902066652187,0.1087412608914,0.0341971064246517,2020.17682196575,2020.25136612022,996400000,hCoV-19/USA/NY-NYUMC637/2020
143,29,0.0765163866204904,40.7516995992958,-73.8949323865277,40.7656363422313,-73.8930705278426,0.106009020451545,0.029492633831055,2020.17211749316,2020.24863387978,996400000,hCoV-19/USA/NY-NYUMC883/2020
143,28,0.177609282800525,40.7516995992958,-73.8949323865277,40.7173091604636,-73.827997629047,0.20710191663158,0.029492633831055,2020.17211749316,2020.34972677596,996400000,hCoV-19/USA/NY-NYUMC893/2020
144,145,0.00558628954295981,40.7217626381101,-73.9053759411408,40.7216812572854,-73.9230009602539,0.0159727934973014,0.0103865039543416,2020.15301136328,2020.15859765283,996400000,NA
144,149,0.00630129427563761,40.7217626381101,-73.9053759411408,40.706362183171,-73.9060071421201,0.0166877982299792,0.0103865039543416,2020.15301136328,2020.15931265756,996400000,NA
145,146,0.0112151326066397,40.7216812572854,-73.9230009602539,40.7015834349733,-73.9640255566793,0.0271879261039411,0.0159727934973014,2020.15859765283,2020.16981278543,996400000,NA
145,148,0.0185517316557063,40.7216812572854,-73.9230009602539,40.7057051580291,-73.9640820722096,0.0345245251530077,0.0159727934973014,2020.15859765283,2020.17714938448,996400000,NA
146,33,0.0378374877875286,40.7015834349733,-73.9640255566793,40.7089801120876,-74.0001597853612,0.0650254138914697,0.0271879261039411,2020.16981278543,2020.20765027322,996400000,hCoV-19/USA/NY-NYUMC13/2020
146,147,0.00792562070889075,40.7015834349733,-73.9640255566793,40.7056305863868,-73.9606516104685,0.0351135468128319,0.0271879261039411,2020.16981278543,2020.17773840614,996400000,NA
147,32,0.0572342714585397,40.7056305863868,-73.9606516104685,40.7475976717573,-73.9694062838136,0.0923478182713716,0.0351135468128319,2020.17773840614,2020.2349726776,996400000,hCoV-19/USA/NY-NYUMC781/2020
147,31,0.0736277140785682,40.7056305863868,-73.9606516104685,40.6032461844581,-73.9368390376192,0.1087412608914,0.0351135468128319,2020.17773840614,2020.25136612022,996400000,hCoV-19/USA/NY-NYUMC595/2020
148,34,0.033233129178544,40.7057051580291,-73.9640820722096,40.6286152604405,-73.9623811957793,0.0677576543315518,0.0345245251530077,2020.17714938448,2020.21038251366,996400000,hCoV-19/USA/NY-NYUMC117/2020
148,35,0.0660200144283781,40.7057051580291,-73.9640820722096,40.687431908858,-73.9472035785879,0.100544539581386,0.0345245251530077,2020.17714938448,2020.24316939891,996400000,hCoV-19/USA/NY-NYUMC314/2020
149,150,4.70656398224856e-05,40.706362183171,-73.9060071421201,40.7087818322933,-73.9051349556865,0.0167348638698017,0.0166877982299792,2020.15931265756,2020.1593597232,996400000,NA
149,155,0.00137101529770758,40.706362183171,-73.9060071421201,40.7052007149587,-73.8935868356021,0.0180588135276868,0.0166877982299792,2020.15931265756,2020.16068367286,996400000,NA
150,151,0.0196231726149445,40.7087818322933,-73.9051349556865,40.6786110070908,-73.8904819426118,0.0363580364847461,0.0167348638698017,2020.1593597232,2020.17898289581,996400000,NA
150,154,0.00152888342260521,40.7087818322933,-73.9051349556865,40.6984117411967,-73.9051166047776,0.0182637472924069,0.0167348638698017,2020.1593597232,2020.16088860662,996400000,NA
151,153,0.0489009410856659,40.6786110070908,-73.8904819426118,40.7104789892193,-73.9594983988771,0.085258977570412,0.0363580364847461,2020.17898289581,2020.2278838369,996400000,NA
151,152,0.0079757511127343,40.6786110070908,-73.8904819426118,40.6448796039035,-73.9130747159906,0.0443337875974804,0.0363580364847461,2020.17898289581,2020.18695864693,996400000,NA
152,37,0.0480140306738912,40.6448796039035,-73.9130747159906,40.6688046807674,-73.7778079124982,0.0923478182713716,0.0443337875974804,2020.18695864693,2020.2349726776,996400000,hCoV-19/USA/NY-NYUMC811/2020
152,36,0.0944621181038991,40.6448796039035,-73.9130747159906,40.7463730381282,-73.9820105444655,0.13879590570138,0.0443337875974804,2020.18695864693,2020.28142076503,996400000,hCoV-19/USA/NY-NYUMC398/2020
153,39,0.0043566002611049,40.7104789892193,-73.9594983988771,40.6878880133701,-73.9745991290114,0.0896155778315169,0.085258977570412,2020.2278838369,2020.23224043716,996400000,hCoV-19/USA/NY-NYUMC917/2020
153,38,0.0125533215711192,40.7104789892193,-73.9594983988771,40.7147122733967,-73.9840697384067,0.0978122991415312,0.085258977570412,2020.2278838369,2020.24043715847,996400000,hCoV-19/USA/NY-NYUMC534/2020
154,41,0.068619590099028,40.6984117411967,-73.9051166047776,40.7818537733707,-73.8995069468035,0.0868833373914349,0.0182637472924069,2020.16088860662,2020.22950819672,996400000,hCoV-19/USA/NY-NYUMC818/2020
154,40,0.0932097540390752,40.6984117411967,-73.9051166047776,40.6914123560652,-73.8232457742389,0.111473501331482,0.0182637472924069,2020.16088860662,2020.25409836066,996400000,hCoV-19/USA/NY-NYUMC598/2020
155,156,0.013977834201456,40.7052007149587,-73.8935868356021,40.6698985575347,-73.9018196465822,0.0320366477291428,0.0180588135276868,2020.16068367286,2020.17466150706,996400000,NA
155,157,0.0182601372815807,40.7052007149587,-73.8935868356021,40.7112705576059,-73.8917863146984,0.0363189508092675,0.0180588135276868,2020.16068367286,2020.17894381014,996400000,NA
156,43,0.106759257972237,40.6698985575347,-73.9018196465822,40.8349009397891,-73.8696575822929,0.13879590570138,0.0320366477291428,2020.17466150706,2020.28142076503,996400000,hCoV-19/USA/NY-NYUMC403/2020
156,42,0.0930980557822858,40.6698985575347,-73.9018196465822,40.6290245473757,-74.012788839086,0.125134703511429,0.0320366477291428,2020.17466150706,2020.26775956284,996400000,hCoV-19/USA/NY-NYUMC358/2020
157,45,0.0724223100821326,40.7112705576059,-73.8917863146984,40.8597367133706,-73.886018871727,0.1087412608914,0.0363189508092675,2020.17894381014,2020.25136612022,996400000,hCoV-19/USA/NY-NYUMC607/2020
157,44,0.0369031844022209,40.7112705576059,-73.8917863146984,40.6832144193083,-73.7406901212571,0.0732221352114884,0.0363189508092675,2020.17894381014,2020.21584699454,996400000,hCoV-19/USA/NY-NYUMC830/2020
158,159,0.00201270479756796,40.7131478505241,-73.8974142440598,40.7163625762573,-73.9015951466707,0.0103367992741773,0.00832409447660931,2020.15094895381,2020.1529616586,996400000,NA
158,162,0.00944447688744021,40.7131478505241,-73.8974142440598,40.717889760605,-73.9020067002165,0.0177685713640495,0.00832409447660931,2020.15094895381,2020.16039343069,996400000,NA
159,160,0.00661826965758364,40.7163625762573,-73.9015951466707,40.7293553575974,-73.8987460086904,0.0169550689317609,0.0103367992741773,2020.1529616586,2020.15957992826,996400000,NA
159,49,0.0656175763673887,40.7163625762573,-73.9015951466707,40.6163990421204,-73.9647743066083,0.075954375641566,0.0103367992741773,2020.1529616586,2020.21857923497,996400000,hCoV-19/USA/NY-NYUMC710/2020
160,161,0.0319837945090035,40.7293553575974,-73.8987460086904,40.675662951705,-73.8859893602551,0.0489388634407644,0.0169550689317609,2020.15957992826,2020.19156372277,996400000,NA
160,48,0.0508025853997909,40.7293553575974,-73.8987460086904,40.8762876680981,-73.9026105215071,0.0677576543315518,0.0169550689317609,2020.15957992826,2020.21038251366,996400000,hCoV-19/USA/NY-NYUMC38/2020
161,47,0.119911687070822,40.675662951705,-73.8859893602551,40.6710441547741,-73.8459461619124,0.168850550511586,0.0489388634407644,2020.19156372277,2020.31147540984,996400000,hCoV-19/USA/NY-NYUMC838/2020
161,46,0.054337916570699,40.675662951705,-73.8859893602551,40.7086396565438,-73.848961127929,0.103276780011463,0.0489388634407644,2020.19156372277,2020.24590163934,996400000,hCoV-19/USA/NY-NYUMC560/2020
162,163,0.0165200097436161,40.717889760605,-73.9020067002165,40.7066969075132,-73.903881540952,0.0342885811076656,0.0177685713640495,2020.16039343069,2020.17691344044,996400000,NA
162,53,0.0718470064674674,40.717889760605,-73.9020067002165,40.6489716120887,-73.8504584581818,0.0896155778315169,0.0177685713640495,2020.16039343069,2020.23224043716,996400000,hCoV-19/USA/NY-NYUMC732/2020
163,164,0.0066679872371849,40.7066969075132,-73.903881540952,40.6790759933695,-73.9482895723277,0.0409565683448505,0.0342885811076656,2020.17691344044,2020.18358142767,996400000,NA
163,52,0.0334690732238861,40.7066969075132,-73.903881540952,40.6804981430629,-73.9138167166792,0.0677576543315518,0.0342885811076656,2020.17691344044,2020.21038251366,996400000,hCoV-19/USA/NY-NYUMC660/2020
164,51,0.0787136542966458,40.6790759933695,-73.9482895723277,40.5613580548334,-73.9190732861445,0.119670222641496,0.0409565683448505,2020.18358142767,2020.26229508197,996400000,hCoV-19/USA/NY-NYUMC240/2020
164,50,0.0677846925465496,40.6790759933695,-73.9482895723277,40.6794533247556,-73.8623804544818,0.1087412608914,0.0409565683448505,2020.18358142767,2020.25136612022,996400000,hCoV-19/USA/NY-NYUMC323/2020
165,167,0.00221317750067052,40.7209661312995,-73.917231901326,40.7202872238425,-73.9092215568707,0.012692390599386,0.0104792130987154,2020.15310407243,2020.15531724993,996400000,NA
165,166,0.0195662209056554,40.7209661312995,-73.917231901326,40.7439135981111,-73.9415384464176,0.0300454340043709,0.0104792130987154,2020.15310407243,2020.17267029333,996400000,NA
166,55,0.0377122203271809,40.7439135981111,-73.9415384464176,40.7739424081579,-73.9454578195455,0.0677576543315518,0.0300454340043709,2020.17267029333,2020.21038251366,996400000,hCoV-19/USA/NY-NYUMC63/2020
166,54,0.0377122203271809,40.7439135981111,-73.9415384464176,40.8281941179378,-73.9267616846938,0.0677576543315518,0.0300454340043709,2020.17267029333,2020.21038251366,996400000,hCoV-19/USA/NY-NYUMC78/2020
167,168,0.00465499199334735,40.7202872238425,-73.9092215568707,40.702901264322,-73.9145131631147,0.0173473825927333,0.012692390599386,2020.15531724993,2020.15997224192,996400000,NA
167,170,0.00176878215955548,40.7202872238425,-73.9092215568707,40.7314026095147,-73.9228334444636,0.0144611727589414,0.012692390599386,2020.15531724993,2020.15708603209,996400000,NA
168,56,0.118716282668792,40.702901264322,-73.9145131631147,40.773980570208,-73.9005154527354,0.136063665261525,0.0173473825927333,2020.15997224192,2020.27868852459,996400000,hCoV-19/USA/NY-NYUMC407/2020
168,169,0.00126719110769796,40.702901264322,-73.9145131631147,40.6937390226609,-73.9172517637707,0.0186145737004313,0.0173473825927333,2020.15997224192,2020.16123943303,996400000,NA
169,58,0.109252370251079,40.6937390226609,-73.9172517637707,40.7437375091091,-73.8351008711859,0.127866943951511,0.0186145737004313,2020.16123943303,2020.27049180328,996400000,hCoV-19/USA/NY-NYUMC364/2020
169,57,0.0710010041310857,40.6937390226609,-73.9172517637707,40.7498177869327,-73.8703546504848,0.0896155778315169,0.0186145737004313,2020.16123943303,2020.23224043716,996400000,hCoV-19/USA/NY-NYUMC688/2020
170,174,0.0027042761437841,40.7314026095147,-73.9228334444636,40.7324323418714,-73.9374422827711,0.0171654489027255,0.0144611727589414,2020.15708603209,2020.15979030823,996400000,NA
170,171,0.0063421436997643,40.7314026095147,-73.9228334444636,40.7160585909662,-73.9276324882531,0.0208033164587057,0.0144611727589414,2020.15708603209,2020.16342817579,996400000,NA
171,172,0.0696732316583338,40.7160585909662,-73.9276324882531,40.6699908537912,-73.9171257960354,0.0904765481170395,0.0208033164587057,2020.16342817579,2020.23310140745,996400000,NA
171,59,0.0797412231226801,40.7160585909662,-73.9276324882531,40.8962883753214,-73.8488124646681,0.100544539581386,0.0208033164587057,2020.16342817579,2020.24316939891,996400000,hCoV-19/USA/NY-NYUMC681/2020
172,62,0.04831935758434,40.6699908537912,-73.9171257960354,40.6259814331591,-73.9343347587688,0.13879590570138,0.0904765481170395,2020.23310140745,2020.28142076503,996400000,hCoV-19/USA/NY-NYUMC402/2020
172,173,0.0017539964679721,40.6699908537912,-73.9171257960354,40.6559463257638,-73.929505408682,0.0922305445850116,0.0904765481170395,2020.23310140745,2020.23485540391,996400000,NA
173,60,0.0137784758665338,40.6559463257638,-73.929505408682,40.6305063932442,-73.9879580312513,0.106009020451545,0.0922305445850116,2020.23485540391,2020.24863387978,996400000,hCoV-19/USA/NY-NYUMC201/2020
173,61,0.0930134485463758,40.6559463257638,-73.929505408682,40.7414800431726,-74.0017037104745,0.185243993131387,0.0922305445850116,2020.23485540391,2020.32786885246,996400000,hCoV-19/USA/NY-NYUMC908/2020
174,176,0.0244312512688682,40.7324323418714,-73.9374422827711,40.7680667978627,-73.951876583515,0.0415967001715938,0.0171654489027255,2020.15979030823,2020.1842215595,996400000,NA
174,175,0.000840269084221273,40.7324323418714,-73.9374422827711,40.7298945725079,-73.941410945222,0.0180057179869468,0.0171654489027255,2020.15979030823,2020.16063057732,996400000,NA
175,64,0.082538821594439,40.7298945725079,-73.941410945222,40.6484592960247,-73.9665650271191,0.100544539581386,0.0180057179869468,2020.16063057732,2020.24316939891,996400000,hCoV-19/USA/NY-NYUMC501/2020
175,63,0.139915870774543,40.7298945725079,-73.941410945222,40.8802618065014,-73.9136062455795,0.15792158876149,0.0180057179869468,2020.16063057732,2020.30054644809,996400000,hCoV-19/USA/NY-NYUMC457/2020
176,68,0.0671445607198063,40.7680667978627,-73.951876583515,40.8501959648434,-73.9046874548666,0.1087412608914,0.0415967001715938,2020.1842215595,2020.25136612022,996400000,hCoV-19/USA/NY-NYUMC613/2020
176,177,0.000145935958959342,40.7680667978627,-73.951876583515,40.771662395436,-73.9505656807724,0.0417426361305531,0.0415967001715938,2020.1842215595,2020.18436749546,996400000,NA
177,67,0.066998624760847,40.771662395436,-73.9505656807724,40.8316369096351,-73.9180837614849,0.1087412608914,0.0417426361305531,2020.18436749546,2020.25136612022,996400000,hCoV-19/USA/NY-NYUMC621/2020
177,178,0.00445467342071451,40.771662395436,-73.9505656807724,40.7881009179874,-73.9346001054322,0.0461973095512676,0.0417426361305531,2020.18436749546,2020.18882216888,996400000,NA
178,65,0.0215603447802842,40.7881009179874,-73.9346001054322,40.7666777381162,-73.9692001976305,0.0677576543315518,0.0461973095512676,2020.18882216888,2020.21038251366,996400000,hCoV-19/USA/NY-NYUMC220/2020
178,66,0.0543472300301182,40.7881009179874,-73.9346001054322,40.8834703978805,-73.9117501296647,0.100544539581386,0.0461973095512676,2020.18882216888,2020.24316939891,996400000,hCoV-19/USA/NY-NYUMC519/2020
179,180,0.00210862062087935,40.716014311225,-73.9089534479553,40.7338289534693,-73.8967188522668,0.00822031433242273,0.00611169371154338,2020.14873655304,2020.15084517366,996400000,NA
179,205,0.00296911520519313,40.716014311225,-73.9089534479553,40.702251796685,-73.908814545839,0.00908080891673652,0.00611169371154338,2020.14873655304,2020.15170566825,996400000,NA
180,186,0.00567741706668276,40.7338289534693,-73.8967188522668,40.7281050750141,-73.9175724493772,0.0138977313991055,0.00822031433242273,2020.15084517366,2020.15652259073,996400000,NA
180,181,0.00315901967029772,40.7338289534693,-73.8967188522668,40.7499872638703,-73.9170613415324,0.0113793340027205,0.00822031433242273,2020.15084517366,2020.15400419333,996400000,NA
181,184,0.0049643755153442,40.7499872638703,-73.9170613415324,40.7501187341524,-73.9389141551258,0.0163437095180647,0.0113793340027205,2020.15400419333,2020.15896856885,996400000,NA
181,182,0.0025103491349989,40.7499872638703,-73.9170613415324,40.7518190876581,-73.919686417789,0.0138896831377193,0.0113793340027205,2020.15400419333,2020.15651454247,996400000,NA
182,183,0.0253406645293935,40.7518190876581,-73.919686417789,40.6873119165848,-74.0168256185226,0.0392303476671129,0.0138896831377193,2020.15651454247,2020.181855207,996400000,NA
182,71,0.0538679711938324,40.7518190876581,-73.919686417789,40.7222633484931,-73.972712625832,0.0677576543315518,0.0138896831377193,2020.15651454247,2020.21038251366,996400000,hCoV-19/USA/NY-NYUMC73/2020
183,69,0.0722431536643693,40.6873119165848,-74.0168256185226,40.7434695735961,-73.979264658798,0.111473501331482,0.0392303476671129,2020.181855207,2020.25409836066,996400000,hCoV-19/USA/NY-NYUMC211/2020
183,70,0.0749753940944468,40.6873119165848,-74.0168256185226,40.6304412048745,-73.8854901849651,0.11420574176156,0.0392303476671129,2020.181855207,2020.25683060109,996400000,hCoV-19/USA/NY-NYUMC294/2020
184,185,0.0135108437842766,40.7501187341524,-73.9389141551258,40.7964229178937,-73.9051747155289,0.0298545533023412,0.0163437095180647,2020.15896856885,2020.17247941263,996400000,NA
184,72,0.0514139448134871,40.7501187341524,-73.9389141551258,40.8382009170989,-73.9312211632961,0.0677576543315518,0.0163437095180647,2020.15896856885,2020.21038251366,996400000,hCoV-19/USA/NY-NYUMC58/2020
185,74,0.0597610245291757,40.7964229178937,-73.9051747155289,40.7411476384798,-73.8762826664071,0.0896155778315169,0.0298545533023412,2020.17247941263,2020.23224043716,996400000,hCoV-19/USA/NY-NYUMC718/2020
185,73,0.0379031010292105,40.7964229178937,-73.9051747155289,40.8181614505972,-73.9122826088561,0.0677576543315518,0.0298545533023412,2020.17247941263,2020.21038251366,996400000,hCoV-19/USA/NY-NYUMC98/2020
186,197,0.00240337967058862,40.7281050750141,-73.9175724493772,40.7246713618899,-73.9037616148919,0.0163011110696941,0.0138977313991055,2020.15652259073,2020.1589259704,996400000,NA
186,187,0.00153569606834542,40.7281050750141,-73.9175724493772,40.7351235972556,-73.923269787692,0.0154334274674509,0.0138977313991055,2020.15652259073,2020.1580582868,996400000,NA
187,85,0.0905755929840945,40.7351235972556,-73.923269787692,40.7118241769841,-73.9584617719094,0.106009020451545,0.0154334274674509,2020.1580582868,2020.24863387978,996400000,hCoV-19/USA/NY-NYUMC194/2020
187,188,0.00314532211497209,40.7351235972556,-73.923269787692,40.7301155351106,-73.929126505342,0.018578749582423,0.0154334274674509,2020.1580582868,2020.16120360891,996400000,NA
188,189,7.81253220705491e-05,40.7301155351106,-73.929126505342,40.7314183007773,-73.9289021267158,0.0186568749044936,0.018578749582423,2020.16120360891,2020.16128173423,996400000,NA
188,196,0.0793578350590546,40.7301155351106,-73.929126505342,40.6473839913216,-74.0120382964105,0.0979365846414776,0.018578749582423,2020.16120360891,2020.24056144397,996400000,NA
189,190,0.00625486057692143,40.7314183007773,-73.9289021267158,40.7434580877033,-73.9287868123321,0.024911735481415,0.0186568749044936,2020.16128173423,2020.16753659481,996400000,NA
189,192,0.005765389493226,40.7314183007773,-73.9289021267158,40.7692433260058,-73.9361413420511,0.0244222643977196,0.0186568749044936,2020.16128173423,2020.16704712373,996400000,NA
190,191,0.0102962552081205,40.7434580877033,-73.9287868123321,40.751875756198,-73.9458533020206,0.0352079906895355,0.024911735481415,2020.16753659481,2020.17783285002,996400000,NA
190,77,0.152135536339958,40.7434580877033,-73.9287868123321,40.8525809483289,-73.8824918548016,0.177047271821373,0.024911735481415,2020.16753659481,2020.31967213115,996400000,hCoV-19/USA/NY-NYUMC904/2020
191,75,0.0926589532619752,40.751875756198,-73.9458533020206,40.6989443086496,-73.9815135151593,0.127866943951511,0.0352079906895355,2020.17783285002,2020.27049180328,996400000,hCoV-19/USA/NY-NYUMC384/2020
191,76,0.0298174232019343,40.751875756198,-73.9458533020206,40.7638571704065,-73.9767240482703,0.0650254138914697,0.0352079906895355,2020.17783285002,2020.20765027322,996400000,hCoV-19/USA/NY-NYUMC19/2020
192,193,0.0201067299758343,40.7692433260058,-73.9361413420511,40.7227850132967,-73.9493049616825,0.0445289943735538,0.0244222643977196,2020.16704712373,2020.1871538537,996400000,NA
192,194,0.0163867257310426,40.7692433260058,-73.9361413420511,40.80352077374,-73.9047490871725,0.0408089901287622,0.0244222643977196,2020.16704712373,2020.18343384946,996400000,NA
193,78,0.0450865834579631,40.7227850132967,-73.9493049616825,40.5947144602907,-73.9357058236911,0.0896155778315169,0.0445289943735538,2020.1871538537,2020.23224043716,996400000,hCoV-19/USA/NY-NYUMC698/2020
193,79,0.0614800260779916,40.7227850132967,-73.9493049616825,40.8047637852378,-73.9033705317336,0.106009020451545,0.0445289943735538,2020.1871538537,2020.24863387978,996400000,hCoV-19/USA/NY-NYUMC160/2020
194,195,0.00805287246590455,40.80352077374,-73.9047490871725,40.8451350249192,-73.9040656524272,0.0488618625946667,0.0408089901287622,2020.18343384946,2020.19148672192,996400000,NA
194,82,0.0269486642027896,40.80352077374,-73.9047490871725,40.861592470062,-73.9039698337492,0.0677576543315518,0.0408089901287622,2020.18343384946,2020.21038251366,996400000,hCoV-19/USA/NY-NYUMC121/2020
195,80,0.0571471578568787,40.8451350249192,-73.9040656524272,40.8752475410637,-73.8308761485969,0.106009020451545,0.0488618625946667,2020.19148672192,2020.24863387978,996400000,hCoV-19/USA/NY-NYUMC591/2020
195,81,0.0571471578568787,40.8451350249192,-73.9040656524272,40.8099502799491,-73.9530703232715,0.106009020451545,0.0488618625946667,2020.19148672192,2020.24863387978,996400000,hCoV-19/USA/NY-NYUMC168/2020
196,83,0.0599850041200124,40.6473839913216,-74.0120382964105,40.5976835502581,-73.9591912565361,0.15792158876149,0.0979365846414776,2020.24056144397,2020.30054644809,996400000,hCoV-19/USA/NY-NYUMC459/2020
196,84,0.00807243581006781,40.6473839913216,-74.0120382964105,40.646831340791,-74.0150392714286,0.106009020451545,0.0979365846414776,2020.24056144397,2020.24863387978,996400000,hCoV-19/USA/NY-NYUMC206/2020
197,198,8.29297474475577e-05,40.7246713618899,-73.9037616148919,40.7224707595793,-73.9039183051373,0.0163840408171417,0.0163011110696941,2020.1589259704,2020.15900890015,996400000,NA
197,203,4.22401498542946e-05,40.7246713618899,-73.9037616148919,40.7251974556587,-73.9037988485934,0.0163433512195484,0.0163011110696941,2020.1589259704,2020.15896821055,996400000,NA
198,199,0.00138268623098892,40.7224707595793,-73.9039183051373,40.7202376221169,-73.899776739876,0.0177667270481306,0.0163840408171417,2020.15900890015,2020.16039158638,996400000,NA
198,202,0.00408979213556268,40.7224707595793,-73.9039183051373,40.7160869221049,-73.8982734839063,0.0204738329527044,0.0163840408171417,2020.15900890015,2020.16309869228,996400000,NA
199,86,0.126493659523409,40.7202376221169,-73.899776739876,40.7506692928476,-73.8318081134341,0.144260386571539,0.0177667270481306,2020.16039158638,2020.2868852459,996400000,hCoV-19/USA/NY-NYUMC445/2020
199,200,0.000562681488034011,40.7202376221169,-73.899776739876,40.7293119206116,-73.9115600158687,0.0183294085361646,0.0177667270481306,2020.16039158638,2020.16095426787,996400000,NA
200,201,0.00844690130571729,40.7293119206116,-73.9115600158687,40.7250034588587,-73.8970983662948,0.0267763098418819,0.0183294085361646,2020.16095426787,2020.16940116917,996400000,NA
200,89,0.0576249671054014,40.7293119206116,-73.9115600158687,40.6169504938103,-74.0016745372953,0.075954375641566,0.0183294085361646,2020.16095426787,2020.21857923497,996400000,hCoV-19/USA/NY-NYUMC742/2020
201,88,0.18579008765963,40.7250034588587,-73.8970983662948,40.7366827861834,-73.8801627300032,0.212566397501512,0.0267763098418819,2020.16940116917,2020.35519125683,996400000,hCoV-19/USA/NY-NYUMC891/2020
201,87,0.0409813444896699,40.7250034588587,-73.8970983662948,40.8253841614649,-73.8695040934939,0.0677576543315518,0.0267763098418819,2020.16940116917,2020.21038251366,996400000,hCoV-19/USA/NY-NYUMC92/2020
202,90,0.0718739853186672,40.7160869221049,-73.8982734839063,40.7409084036884,-73.975026914831,0.0923478182713716,0.0204738329527044,2020.16309869228,2020.2349726776,996400000,hCoV-19/USA/NY-NYUMC794/2020
202,91,0.0472838213788474,40.7160869221049,-73.8982734839063,40.7128579562522,-73.8344621815468,0.0677576543315518,0.0204738329527044,2020.16309869228,2020.21038251366,996400000,hCoV-19/USA/NY-NYUMC62/2020
203,204,0.0164673885406367,40.7251974556587,-73.9037988485934,40.8186336570817,-73.8803104517082,0.0328107397601851,0.0163433512195484,2020.15896821055,2020.17543559909,996400000,NA
203,92,0.0842011883618374,40.7251974556587,-73.9037988485934,40.5814922328351,-73.8259079163823,0.100544539581386,0.0163433512195484,2020.15896821055,2020.24316939891,996400000,hCoV-19/USA/NY-NYUMC511/2020
204,94,0.127843089431383,40.8186336570817,-73.8803104517082,40.723157636455,-73.7561637961299,0.160653829191568,0.0328107397601851,2020.17543559909,2020.30327868852,996400000,hCoV-19/USA/NY-NYUMC430/2020
204,93,0.0568048380713319,40.8186336570817,-73.8803104517082,40.8743030412893,-73.8244020667962,0.0896155778315169,0.0328107397601851,2020.17543559909,2020.23224043716,996400000,hCoV-19/USA/NY-NYUMC739/2020
205,206,0.00603682246252307,40.702251796685,-73.908814545839,40.7206844202005,-73.8933615436741,0.0151176313792596,0.00908080891673652,2020.15170566825,2020.15774249071,996400000,NA
205,210,0.000359740012870535,40.702251796685,-73.908814545839,40.6919711033234,-73.9021558374881,0.00944054892960705,0.00908080891673652,2020.15170566825,2020.15206540826,996400000,NA
206,207,0.00846843588768442,40.7206844202005,-73.8933615436741,40.8041705306867,-73.9695731189233,0.023586067266944,0.0151176313792596,2020.15774249071,2020.1662109266,996400000,NA
206,99,0.0908913890722859,40.7206844202005,-73.8933615436741,40.6374920734337,-74.0091464591969,0.106009020451545,0.0151176313792596,2020.15774249071,2020.24863387978,996400000,hCoV-19/USA/NY-NYUMC158/2020
207,208,0.00593091835465898,40.8041705306867,-73.9695731189233,40.7910593739571,-73.9803564793453,0.029516985621603,0.023586067266944,2020.1662109266,2020.17214184495,996400000,NA
207,98,0.0769584723144418,40.8041705306867,-73.9695731189233,40.8819720108401,-73.866318883948,0.100544539581386,0.023586067266944,2020.1662109266,2020.24316939891,996400000,hCoV-19/USA/NY-NYUMC517/2020
208,209,0.00155410002837511,40.7910593739571,-73.9803564793453,40.7927531852785,-73.9743700794383,0.0310710856499781,0.029516985621603,2020.17214184495,2020.17369594498,996400000,NA
208,95,0.0382406687099488,40.7910593739571,-73.9803564793453,40.7475864907637,-73.9715309611186,0.0677576543315518,0.029516985621603,2020.17214184495,2020.21038251366,996400000,hCoV-19/USA/NY-NYUMC672/2020
209,96,0.0694734539314077,40.7927531852785,-73.9743700794383,40.6423234463678,-73.9689886843759,0.100544539581386,0.0310710856499781,2020.17369594498,2020.24316939891,996400000,hCoV-19/USA/NY-NYUMC533/2020
209,97,0.077670175241422,40.7927531852785,-73.9743700794383,40.8549837905493,-73.9258289253539,0.1087412608914,0.0310710856499781,2020.17369594498,2020.25136612022,996400000,hCoV-19/USA/NY-NYUMC685/2020
210,211,0.00623896859115922,40.6919711033234,-73.9021558374881,40.7018424802486,-73.8976914524174,0.0156795175207663,0.00944054892960705,2020.15206540826,2020.15830437685,996400000,NA
210,218,0.00783579075812557,40.6919711033234,-73.9021558374881,40.6699193081201,-73.8846802836257,0.0172763396877326,0.00944054892960705,2020.15206540826,2020.15990119902,996400000,NA
211,213,7.55516446633298e-05,40.7018424802486,-73.8976914524174,40.7011454483093,-73.8996376783894,0.0157550691654296,0.0156795175207663,2020.15830437685,2020.15837992849,996400000,NA
211,212,0.0018721237391886,40.7018424802486,-73.8976914524174,40.7038843898294,-73.8930481344142,0.0175516412599549,0.0156795175207663,2020.15830437685,2020.16017650059,996400000,NA
212,101,0.0720639365715621,40.7038843898294,-73.8930481344142,40.7124989006906,-73.7788014686599,0.0896155778315169,0.0175516412599549,2020.16017650059,2020.23224043716,996400000,hCoV-19/USA/NY-NYUMC708/2020
212,100,0.0502060130715969,40.7038843898294,-73.8930481344142,40.7053329849345,-73.9808793873339,0.0677576543315518,0.0175516412599549,2020.16017650059,2020.21038251366,996400000,hCoV-19/USA/NY-NYUMC225/2020
213,102,0.0875217108460338,40.7011454483093,-73.8996376783894,40.7790452494831,-73.9093402245291,0.103276780011463,0.0157550691654296,2020.15837992849,2020.24590163934,996400000,hCoV-19/USA/NY-NYUMC589/2020
213,214,0.0146999991475428,40.7011454483093,-73.8996376783894,40.6987218296139,-73.9361049067863,0.0304550683129724,0.0157550691654296,2020.15837992849,2020.17307992764,996400000,NA
214,217,0.0149056284347213,40.6987218296139,-73.9361049067863,40.7139205099481,-73.8945165767965,0.0453606967476937,0.0304550683129724,2020.17307992764,2020.18798555608,996400000,NA
214,215,0.00943455323350981,40.6987218296139,-73.9361049067863,40.7269471631524,-73.8876888126983,0.0398896215464822,0.0304550683129724,2020.17307992764,2020.18251448088,996400000,NA
215,216,0.00881518390363095,40.7269471631524,-73.8876888126983,40.8006017177873,-73.8363707809627,0.0487048054501131,0.0398896215464822,2020.18251448088,2020.19132966478,996400000,NA
215,103,0.0661193989050633,40.7269471631524,-73.8876888126983,40.8299470562498,-73.9078920040658,0.106009020451545,0.0398896215464822,2020.18251448088,2020.24863387978,996400000,hCoV-19/USA/NY-NYUMC199/2020
216,104,0.0436430128212585,40.8006017177873,-73.8363707809627,40.8177010134899,-73.8312716311785,0.0923478182713716,0.0487048054501131,2020.19132966478,2020.2349726776,996400000,hCoV-19/USA/NY-NYUMC825/2020
216,105,0.109216783311377,40.8006017177873,-73.8363707809627,40.7669725010674,-73.8104108821342,0.15792158876149,0.0487048054501131,2020.19132966478,2020.30054644809,996400000,hCoV-19/USA/NY-NYUMC436/2020
217,107,0.0415226406437412,40.7139205099481,-73.8945165767965,40.69502454646,-73.9456854424974,0.0868833373914349,0.0453606967476937,2020.18798555608,2020.22950819672,996400000,hCoV-19/USA/NY-NYUMC810/2020
217,106,0.112560892013796,40.7139205099481,-73.8945165767965,40.7625124536136,-73.8181364491275,0.15792158876149,0.0453606967476937,2020.18798555608,2020.30054644809,996400000,hCoV-19/USA/NY-NYUMC462/2020
218,219,0.022132615809111,40.6699193081201,-73.8846802836257,40.7576650308422,-73.8508244266608,0.0394089554968436,0.0172763396877326,2020.15990119902,2020.18203381483,996400000,NA
218,108,0.0723392381437843,40.6699193081201,-73.8846802836257,40.7214057032357,-73.7989507193224,0.0896155778315169,0.0172763396877326,2020.15990119902,2020.23224043716,996400000,hCoV-19/USA/NY-NYUMC706/2020
219,110,0.0283486988347081,40.7576650308422,-73.8508244266608,40.714721240987,-73.8383279981835,0.0677576543315518,0.0394089554968436,2020.18203381483,2020.21038251366,996400000,hCoV-19/USA/NY-NYUMC920/2020
219,109,0.0611355840845422,40.7576650308422,-73.8508244266608,40.8918671142442,-73.8595977191749,0.100544539581386,0.0394089554968436,2020.18203381483,2020.24316939891,996400000,hCoV-19/USA/NY-NYUMC524/2020
